5 7 -1 -24 0
0
8 -3 -15 15 -4 -13 20 -1 -23 0
9 0
-5 1
9 -4 13 13 -3 -26 22 -3 -29 7 -5 10 -2 -19 0
-6 1
18 -4 8 11 -5 -7 0
14 8 -1 -6 22 -1 -8 0
8 -5 8 -3 -28 19 -3 -18 19 0
5 -3 5 -1 21 19 -5 13 12 -1 -24 17 0
0
8 -5 -1 0
21 -4 0
4 -1 -10 20 18 -4 -13 9 -5 -5 1 13 -1 12 -4 -20 5 -4 -3 1 -2 0
-5 2
8 -4 -18 22 -3 -13 22 14 17 13 -4 0
5 0
-5 2
-9 2
2 21 5 10 5 11 5 10 -3 17 -3 0
13 19 -3 1 0
8 -4 -20 14 -4 -17 20 -5 11 19 -4 0
15 3 -3 -14 13 12 -2 0
0
14 -3 2 -5 -4 22 -4 -17 2 -5 2 -5 0
2 4 20 -3 -11 4 0
4 22 -1 19 0
6 -3 2 -3 2 -5 13 -1 -20 11 -3 -17 17 2 0
10 -4 -4 11 -3 -24 22 -3 -29 9 3 -3 0
-2 2
13 -5 -3 10 -4 19 16 -3 -9 21 -4 -7 16 -5 -30 12 0
8 -4 -16 21 -4 0
0
9 -4 8 -1 1 -3 12 9 16 -3 -30 0
2 15 -5 -9 0
22 -5 9 21 -1 10 12 8 -4 -14 0
1 -3 9 -2 19 -3 20 14 -5 -29 0
18 1 -3 -15 19 -1 22 4 3 -1 -10 1 -2 0
-6 2
-9 3
-7 1
4 8 21 -1 10 -4 10 -2 3 -1 16 0
-6 2
17 2 -1 -30 8 -4 -1 19 -3 -14 0
15 -2 -23 11 -5 11 -5 -16 0
13 -5 21 14 19 6 0
-5 1
3 -1 -27 6 -3 -23 3 -1 -8 0
2 -3 -2 16 -4 0
