2 2 -5 -38 3 -2 13 -3 -25 0
-1 2
11 -4 4 -6 17 4 -1 8 -2 -18 0
4 -4 -32 4 -6 -32 23 -2 4 20 7 9 -5 -26 11 22 -5 0
-1 2
11 -4 -20 21 -1 4 -5 9 -3 -31 5 0
-13 3
-6 2
25 12 -2 16 -1 24 24 -5 0
24 -1 18 -6 19 0
22 5 -3 -30 0
-2 1
0
-12 2
-3 2
24 -3 15 -2 -5 6 -5 7 -3 -23 2 -6 -27 0
0
5 -6 4 -5 -20 21 -4 -7 13 19 -5 11 13 -4 22 -6 -22 16 -1 0
-3 2
0
12 -1 14 -2 3 -6 0
15 8 20 2 -3 13 4 -6 -11 13 -6 0
8 -1 22 14 -1 5 19 -4 -34 0
24 -6 14 -5 21 -1 0
-6 3
25 -5 21 0
6 -1 0
24 -6 17 1 -3 6 -2 19 -6 -8 25 -3 9 -2 -27 6 0
3 -5 -6 17 -4 13 13 -1 1 -4 -37 0
-9 1
12 -1 -21 19 -1 -3 25 -4 17 -5 0
19 -4 -28 12 6 18 15 -1 -4 21 -1 -30 0
4 -4 -25 19 -1 -30 0
-9 3
16 -6 -4 25 -5 21 -6 -5 3 3 -4 -1 0
0
1 -5 22 -5 -10 25 -1 22 -1 7 -6 0
15 7 -1 -31 7 -4 -2 0
9 -4 19 18 5 -2 -8 1 24 0
-11 3
16 16 -4 0
18 -1 5 -4 14 -3 -25 16 -4 7 24 -4 1 -3 23 -6 -36 1 -5 0
-12 2
14 -5 21 2 -5 -37 22 -5 -4 14 16 -5 -34 16 -1 25 -5 -30 10 -3 -1 0
16 -4 -22 6 13 -1 -12 0
2 -5 19 -3 12 -2 0
6 -1 0
16 -4 -11 24 -2 21 -6 -12 22 -2 -10 0
23 -4 23 18 -4 -36 19 2 2 -3 12 -6 -17 0
23 0
