-9 3
10 -4 -31 0
0
10 -5 -9 10 -2 -24 0
-1 1
4 18 -1 -7 23 -4 4 -5 1 1 -2 24 -2 12 8 0
-12 2
19 -4 11 -3 11 4 -5 1 11 14 -6 6 -6 0
11 -6 0
22 -2 3 -2 -4 21 17 -6 0
14 -6 20 -2 5 -6 -35 4 -1 17 -6 1 -4 6 -2 0
-13 1
4 -2 -21 13 -5 12 -2 -38 7 0
13 -5 7 3 9 -6 -26 4 -2 22 19 -1 21 0
3 -3 5 18 -5 -33 16 -5 -4 13 8 -5 16 -6 -15 24 -6 -14 0
8 13 -2 -16 16 -6 -7 8 19 -1 -15 2 -2 -27 10 18 -6 -21 0
17 -1 -25 18 3 -1 8 10 -1 -14 0
14 14 9 -3 1 -4 -12 1 -3 -34 1 0
6 -2 21 3 -3 -38 1 -5 -37 18 -6 -39 24 -2 -23 23 0
10 -4 5 -5 0
7 0
10 -4 12 10 -4 22 -6 17 19 -5 0
7 5 -6 -34 4 -6 0
10 3 -4 -2 4 -3 0
21 -2 18 -6 -17 0
