-3 2
13 -2 10 -2 -8 0
10 -2 14 0
12 -2 -13 0
13 -2 -12 6 16 -1 6 -2 0
6 0
9 16 5 6 8 7 7 15 5 -1 -12 0
16 -1 17 -1 13 -2 -11 4 -1 5 10 -2 -9 3 0
16 -1 -10 8 -1 4 -1 1 -1 0
-2 1
8 -2 -4 5 15 16 6 -1 15 10 -2 4 -1 9 -2 0
12 -1 17 -1 0
7 -1 13 12 5 10 -2 -2 12 -1 0
9 -2 10 -2 -8 3 -1 13 -1 -3 16 14 -1 -10 0
13 -2 16 -1 -2 0
13 1 5 17 -1 -13 0
7 -2 -8 11 -1 0
-2 3
-1 1
1 -1 -1 16 -2 -14 16 -1 -13 10 4 12 -2 4 -1 17 -2 0
-4 3
-4 1
0
-2 3
-4 3
1 -1 -7 6 0
7 -1 -11 0
-1 2
5 -2 1 1 17 -2 5 16 0
13 2 -1 -1 0
4 -2 17 -1 0
16 2 -2 -1 8 -1 -14 7 -2 -15 7 -1 -8 8 -1 7 -1 -3 2 0
17 -2 5 -1 15 -1 -10 11 -1 -14 16 -1 4 -2 -9 8 -1 0
-5 1
13 5 -1 16 -1 -8 5 -1 12 -2 16 -2 0
0
-5 3
8 -1 15 -1 -3 12 14 -1 3 -1 17 -2 -9 8 -2 -6 3 -2 -7 0
-1 1
15 -1 9 -2 15 -1 9 16 -2 11 -2 -9 12 -1 -10 0
2 -1 2 11 -1 16 -2 7 0
9 -1 -11 8 -2 -4 2 12 12 -2 0
4 -2 -7 8 -1 -1 8 -1 17 -1 -5 6 -2 -5 10 0
-4 1
11 1 -2 -14 11 -1 -8 17 -2 -5 17 -1 -13 11 -2 4 10 7 -2 -8 0
-4 1
1 -1 11 -1 -7 10 1 -1 -8 0
14 -1 -10 12 17 0
8 -2 -7 17 -1 -14 14 -2 0
5 -2 10 11 -2 3 -1 -4 12 2 -2 -11 0
