12 -3 13 -1 14 -1 19 9 10 -1 11 -2 13 -2 0
4 16 -1 -19 1 -3 -14 12 -3 7 -2 9 -3 -7 1 -2 -3 0
4 6 -2 -3 7 -2 0
-1 3
-2 3
2 -3 19 -1 5 1 6 -2 4 8 13 -3 3 -3 -13 0
12 4 -2 5 17 -2 14 0
5 17 5 -1 -5 17 -2 -4 0
0
-5 3
8 -3 -17 5 0
7 -1 19 -1 -18 2 15 -1 1 -3 -15 14 -2 -12 1 -2 -21 0
15 -2 -4 13 -1 -21 7 -2 -20 10 -3 5 -2 10 -2 4 0
11 -1 0
8 -3 16 2 -2 -7 0
4 -3 -7 9 -2 -15 3 -1 8 -1 4 6 8 -3 0
19 -2 13 11 -3 -21 15 2 -1 3 -2 -11 0
9 -3 -1 9 -2 -15 17 7 11 6 -1 14 -3 -9 2 -1 -21 10 -2 0
8 -2 9 7 -3 -12 12 -2 -2 5 4 -3 -1 0
-4 2
-1 2
3 -3 -11 5 -3 -10 1 19 3 11 -3 -17 5 -3 0
3 -2 7 -3 18 -2 -14 12 -1 -19 17 -2 -15 6 -2 2 -1 -1 0
-3 2
11 9 -1 11 -3 -13 13 -3 -7 15 0
