6 -1 -18 0
10 -2 16 -2 15 0
-5 2
2 -4 -29 13 12 -3 -28 10 13 -3 21 0
18 11 -3 -24 0
16 5 0
-9 1
-8 1
14 16 -3 -9 0
8 -4 14 15 -2 -16 7 16 16 0
21 22 19 -2 14 -3 14 -5 -26 22 -5 -6 8 19 -2 -18 0
21 -5 -9 14 -1 -18 21 -3 -8 15 6 -1 -10 20 15 4 -1 -5 0
18 -5 17 10 -2 0
-1 2
5 13 -5 6 21 -3 -25 8 -2 8 -2 -22 22 2 -1 -23 14 0
9 21 10 21 -5 -24 11 21 -4 -18 16 -2 -30 6 0
2 -5 -6 5 16 -2 8 -3 -17 16 -5 -30 2 22 -1 -28 0
5 -5 -29 7 0
2 1 -4 14 7 -2 10 -3 -1 0
12 -3 -1 19 -5 6 0
-6 1
8 -1 19 11 -4 -2 16 -2 -22 15 -1 15 -4 -18 15 -1 -10 4 2 -3 0
0
10 -5 -23 15 -4 -15 7 -3 -26 3 -3 -10 15 -3 0
15 12 17 -1 2 -2 0
