14 -3 0
2 -4 18 -2 -20 21 0
-8 1
18 6 -3 11 -3 -9 0
1 -1 -10 15 -5 -26 9 17 -3 2 -1 -20 22 18 -1 -2 0
3 -1 4 17 4 0
8 -1 -1 22 15 -4 -8 21 -2 -19 15 -2 -12 20 -5 0
-3 3
-1 2
18 -4 0
2 6 -3 -23 0
10 -5 -10 12 -5 -6 0
21 -3 18 -2 -15 12 6 -5 22 -1 8 12 -1 0
-8 3
18 -4 -27 2 -5 -23 19 -3 -19 22 4 -1 -17 8 6 -3 -7 11 -1 0
7 0
-2 1
7 -5 -15 13 0
11 -2 19 -5 11 -3 -5 18 15 15 -2 -22 16 -5 -17 0
9 -2 -6 14 -3 7 -2 8 -5 -5 1 -1 0
2 13 -2 -2 18 8 14 -4 21 -3 -24 10 -1 19 -1 9 -3 0
9 19 -5 12 -2 9 -1 -23 3 -2 19 -4 -12 18 14 -5 -12 0
5 -1 0
17 -5 20 -3 3 -2 -20 8 -4 5 -2 -22 0
16 -3 -11 11 -2 -13 15 9 -4 -9 7 0
5 -2 22 -3 9 4 0
-10 2
0
9 -2 17 -5 11 -5 0
2 0
10 0
19 -1 -21 20 -1 -10 15 -1 2 -2 -29 3 0
6 -5 -19 3 -5 4 2 7 -3 22 -2 -18 0
3 -2 9 -5 -2 0
10 -2 -22 5 -1 -9 14 -3 2 -3 13 4 -4 -14 11 -1 14 16 -4 -14 0
14 -5 5 -3 6 19 -1 -7 14 7 -1 -8 18 -3 -4 16 -2 9 -4 -4 0
16 -1 -13 6 -2 0
10 -5 10 -2 -6 11 -4 18 -5 -23 5 6 0
-5 3
14 -3 -11 11 -5 3 20 18 -4 -17 14 0
-4 2
0
21 5 -2 11 -4 7 0
9 0
22 -4 6 -5 -29 11 17 -1 -14 0
22 -1 19 -5 -13 17 -4 -21 9 -5 -22 12 0
5 -1 -18 13 -1 -10 7 -3 -26 17 6 -5 4 -1 0
16 6 -4 -1 19 -1 -15 8 -2 0
18 5 -5 0
-6 2
17 18 1 22 -4 21 1 3 20 -4 5 0
21 1 -2 19 -2 -16 5 0
15 -2 -16 15 -2 4 -5 -11 11 -4 0
8 8 2 -5 -11 14 0
10 -5 -26 0
0
-8 3
9 3 -2 -30 16 -3 22 5 -4 -3 3 -4 -28 5 -2 0
5 16 -5 14 -1 -4 0
13 -3 -1 16 -1 -2 22 -2 -2 15 17 -3 -15 13 -4 13 -1 -27 14 -2 -1 0
10 -3 -28 6 -4 -5 1 -2 3 -3 -5 7 -4 -30 14 0
19 21 -3 -26 20 22 -4 -26 7 17 18 -3 -14 0
19 -1 -25 17 21 10 -3 9 -3 -4 11 -3 0
4 -5 9 18 -1 15 -1 15 -1 20 -2 -20 2 -3 -1 9 -1 -14 6 0
16 -5 -30 19 21 -3 -9 8 19 -2 -24 0
1 -4 21 18 22 -3 22 -4 8 20 -2 12 0
18 -2 3 16 -3 -29 21 -3 16 -2 -19 8 -4 0
0
-10 2
12 -2 13 -5 -17 9 -2 -18 18 -4 -4 4 -4 -10 20 17 -2 -27 0
18 -4 18 -3 -20 13 -4 -12 18 7 15 -1 -2 16 17 -3 -4 4 0
15 -3 20 20 -2 0
6 10 -5 -6 8 20 -2 18 -5 0
-9 3
1 -3 -23 0
