26 23 -4 -25 12 -7 -6 8 25 0
0
24 -2 -34 0
-7 3
27 -3 -45 2 -5 -43 16 -1 24 -2 7 0
6 -5 0
21 -1 18 -3 -3 4 0
23 -4 1 -1 0
0
27 -4 23 -7 -28 17 10 -6 -42 26 -5 17 -3 10 0
5 5 1 -1 -30 24 -3 -13 8 15 -5 1 -2 0
16 6 0
0
-6 2
15 -4 -15 12 -4 -5 10 -2 -33 23 -3 7 -2 -44 15 24 0
-9 1
-1 2
4 -6 -41 14 11 15 3 -7 14 13 -3 -28 0
22 -2 12 0
1 -2 -38 7 -7 -14 17 -7 27 -3 0
6 -3 27 -3 -27 8 -1 4 -5 -13 10 -7 15 18 -2 -15 0
21 -3 -43 26 5 -7 -31 10 -7 -3 6 13 -5 -40 3 -3 -37 21 -3 -5 0
9 -6 2 -6 -34 25 -3 -16 25 -6 -25 1 -7 3 -7 -9 0
22 -1 3 -7 13 6 -4 1 -3 7 -1 0
9 20 -6 25 -7 -17 13 -2 8 -3 0
