11 -7 26 -7 24 27 -1 -11 19 -2 14 0
23 -1 10 -7 -40 23 -4 -29 24 -7 -20 8 -5 -12 9 -3 -24 26 20 -2 -39 0
12 -5 11 22 -7 9 9 -4 10 -2 -33 16 -6 18 -3 12 -6 -8 0
19 7 -4 -15 1 -5 -41 0
-5 3
-12 2
3 -3 21 -2 -7 13 -1 1 -6 -5 0
18 -5 3 -5 25 6 23 -4 17 -5 -41 5 0
6 2 -2 -13 9 -4 -12 27 -1 -32 8 -4 -33 26 -2 -44 0
-15 2
1 26 -4 16 -6 16 -1 -7 23 27 -7 -33 23 2 -4 -24 0
-8 2
0
11 -5 20 -1 1 -5 23 -4 -29 0
-15 1
22 14 -4 -21 12 -1 22 -7 -28 3 -4 5 1 -4 -16 15 26 0
7 19 -4 3 -4 -32 25 -4 0
9 -4 -36 27 -5 -42 2 -7 -32 10 -5 -19 22 6 13 -5 26 -4 -14 2 0
0
15 19 -1 -27 15 -4 22 -5 -19 27 8 8 -5 -20 10 6 0
-2 1
20 -7 -19 7 -7 -8 25 22 -3 0
-12 1
-3 1
24 -4 -45 15 3 -2 24 8 2 -4 -5 13 -1 -17 0
13 5 -6 0
1 -7 -5 25 -1 20 -2 0
11 12 18 1 -3 -30 3 -3 -6 15 -5 -17 17 -5 -2 21 -6 26 -6 -9 0
22 16 -4 -34 13 -5 26 -6 -7 6 -5 -15 22 0
2 -2 17 -5 -10 17 14 -4 23 -2 3 25 -3 -13 0
0
-12 1
-13 2
0
10 -2 -34 6 -5 6 25 11 -3 -45 13 3 -3 11 -6 0
23 -6 6 27 20 -6 -45 13 16 -2 16 -3 10 -1 3 -1 -16 0
25 -1 -28 5 24 -5 9 -7 -11 0
27 0
-6 3
9 0
3 -5 4 -7 6 -2 -39 24 21 -4 -28 25 -2 -32 0
7 -1 -16 23 20 -1 8 -4 -10 24 -6 20 3 -6 -12 0
-13 1
18 -3 -20 5 -3 -23 13 -7 24 -4 -22 0
21 16 19 27 -4 16 13 0
-4 2
7 15 0
3 -4 20 -2 16 9 15 0
-9 1
19 -1 -30 1 22 -5 -26 13 -1 -40 25 -4 2 0
23 -4 15 -5 9 24 -1 -5 2 -6 -8 25 -2 13 19 -1 -11 0
8 -5 -7 2 -7 -36 1 -1 14 -1 -41 26 -5 5 -1 -37 9 -2 -39 17 -1 14 0
1 -3 -34 11 -5 25 -6 -32 25 -6 14 2 -2 27 -6 0
-9 1
22 -2 23 -4 -45 27 17 18 -1 -13 14 -7 -6 11 8 -7 -26 0
23 -4 -31 24 25 -3 -42 23 -5 0
-5 3
15 0
15 -1 27 -5 -9 5 -6 -4 0
-10 1
4 0
25 -6 -11 19 20 12 -3 7 -3 0
-1 3
2 8 -4 -32 25 -7 -42 18 -5 20 -5 -33 0
-5 3
-13 2
-11 2
5 0
-13 3
4 -6 -26 1 -7 -1 19 -2 9 -2 18 -6 -33 26 21 -3 11 -7 -43 0
2 27 -2 -37 10 10 -3 3 8 9 -5 -38 20 0
19 -3 9 12 2 9 -3 -4 5 25 0
27 -6 5 10 -1 20 4 -5 -12 18 -6 -7 6 -1 -15 12 -4 21 -4 -41 0
0
14 -2 0
20 -5 11 -7 -38 1 -5 -41 16 -3 -17 25 -7 16 4 -5 -30 0
10 -4 22 17 24 15 -3 -28 15 9 23 -1 6 0
16 -4 0
-5 1
14 -3 -12 5 9 -5 -11 4 -5 21 -6 0
20 -2 20 1 -1 -9 22 1 -4 26 -4 12 -3 -42 22 -6 -45 0
-7 3
22 -4 18 -2 18 -5 -27 5 -3 8 -7 -11 24 -6 -16 20 -2 -21 19 -1 15 -3 0
-10 3
-7 2
17 24 25 -3 -3 0
-9 1
-5 3
3 27 -4 -22 11 24 -3 -42 5 12 13 25 -5 0
-12 3
-12 1
19 -5 27 2 -4 -43 5 25 -7 1 -4 3 -1 -27 11 -2 0
0
13 -5 26 25 3 -5 2 -5 -31 22 0
0
1 -5 7 25 -7 0
16 22 8 10 2 -4 -27 22 -2 -35 0
-15 2
15 -6 10 -6 2 0
19 8 24 -7 19 17 0
