8 9 -2 -41 15 -1 0
-8 1
6 -3 16 -1 23 -6 2 -2 17 -3 13 -6 26 -5 0
2 27 -3 23 10 10 -7 -15 20 -6 0
-5 2
8 23 -6 22 -7 -37 0
24 -5 -39 1 -4 19 -1 -14 21 -3 -7 17 7 -5 0
15 -2 -42 23 4 -5 -23 9 -3 -23 9 13 0
-15 3
12 -3 -2 20 9 -2 0
-2 2
24 15 -5 -16 20 -2 -24 18 -7 13 -3 9 13 -7 0
0
21 13 -4 -31 17 15 -1 15 -4 -39 7 -3 23 -1 -13 0
8 3 -6 -44 2 -5 15 -3 -12 23 -4 -33 0
13 -3 -21 0
0
19 -4 -44 12 -7 7 -5 -12 2 18 -6 -3 11 -6 0
0
6 11 -2 13 -2 11 -2 18 25 8 -3 -7 15 -2 0
12 -5 12 19 -4 6 24 0
14 -4 -23 13 26 -5 -23 18 8 -3 12 -3 22 -3 -26 0
0
8 24 -1 -14 24 -1 -41 22 -2 -35 11 -1 0
0
-1 2
25 11 9 -3 26 -5 -28 24 4 -3 5 15 -4 -16 16 0
27 -7 -41 27 -5 4 -3 -18 8 -3 9 0
0
0
11 24 0
27 -5 0
-1 2
23 -3 7 -7 -22 0
-3 3
8 27 -6 -41 22 20 -5 -28 25 -1 2 14 -3 -30 0
-15 2
-7 1
18 -3 -22 26 -5 27 9 23 -5 8 7 27 -7 5 -5 -24 0
-7 2
-2 2
19 16 26 -7 23 21 16 -5 -18 2 -3 -32 25 0
10 27 -4 -6 21 -3 -3 22 7 -4 -7 5 -1 0
-12 1
-9 3
8 4 -3 7 23 -5 23 6 -7 9 -3 19 23 -6 -28 0
0
6 -5 2 -2 -18 14 -3 18 -7 10 -4 -34 13 -4 -5 16 -5 -6 2 -1 -20 0
0
14 -1 23 -7 1 -1 -7 8 5 -1 -9 0
