13 -2 10 3 1 -2 1 6 -1 3 0
17 4 -1 1 15 -1 -12 12 -2 -3 5 -1 3 -2 -7 0
17 -1 -9 8 -2 15 3 0
-4 3
4 -2 6 8 -1 4 -2 -10 13 -1 -10 6 0
5 8 -1 17 9 -1 9 -2 -4 11 4 -1 0
-2 2
3 -1 -15 17 -1 17 -1 -2 9 15 -2 -10 3 13 -2 -1 0
-5 2
0
7 -2 1 -1 -15 17 -2 17 7 -2 13 -2 14 -1 -15 0
7 -1 -5 12 17 -1 -15 3 12 -1 -13 11 -2 10 -1 0
16 4 -2 -3 2 -2 9 15 9 9 -1 1 -2 15 0
12 12 12 0
14 9 -2 -1 6 -2 16 0
14 -1 -14 0
9 -2 -13 1 -2 -7 10 17 1 3 -1 -4 15 8 -1 0
9 -2 -7 7 -2 4 10 6 8 -2 0
7 -1 0
1 -1 -9 2 10 1 -2 17 -1 1 1 -1 -8 16 -1 -11 5 0
11 12 16 -1 3 -1 -1 14 -2 0
11 0
6 -2 9 16 15 -2 -5 11 -2 0
6 6 -2 6 -1 -13 9 -1 -14 15 -1 -5 0
14 -2 -7 7 12 0
