12 -2 15 10 -1 0
12 -2 -11 7 -1 5 -2 -13 2 -3 10 -3 -18 19 -1 2 -3 11 -1 -9 0
8 -3 -10 0
3 -3 18 16 16 -1 -6 0
19 -2 -6 2 -2 -3 15 -2 -3 12 -3 -4 11 -3 4 -2 -16 19 18 3 -1 -17 0
2 3 13 -2 18 -3 -12 2 -2 6 -3 -5 11 -3 -2 15 -3 -18 10 -1 -12 0
15 -1 5 -2 17 16 -2 -1 7 -2 19 -2 11 -1 -4 0
-5 3
5 3 2 13 -1 5 -1 0
-5 1
4 11 -3 2 18 -1 15 3 -3 0
17 -2 9 -2 7 -1 -17 7 9 4 0
16 -3 -15 8 -1 -16 0
6 -2 4 19 -2 -20 8 -3 6 -3 0
13 -1 -4 18 -1 18 5 -1 -13 0
10 -1 -18 19 -1 16 -1 -8 1 -1 -7 7 -3 -4 7 0
9 11 -3 -2 5 -3 3 0
-6 3
-6 1
0
2 12 -1 -3 5 11 -1 -10 5 6 13 -3 -20 0
-6 3
8 12 -2 17 -2 -3 5 11 -2 18 -2 -21 0
15 -2 -10 15 -2 4 11 -3 -19 9 -2 12 -3 4 -3 -1 9 -2 -13 0
2 -1 18 -3 -2 7 -1 -17 12 -1 -19 6 -1 -14 12 11 -2 8 -2 0
10 -1 -17 11 -3 16 -1 -10 0
5 -3 -15 10 -3 5 -3 0
14 7 -1 -1 12 0
11 -2 4 -3 -3 16 -3 -2 16 -1 -3 14 5 -1 -16 7 -3 -2 8 -2 7 -1 -14 0
16 3 -1 -7 12 8 -3 15 -2 -2 4 -1 0
12 13 -1 -1 19 -2 -11 18 -1 19 18 -1 -8 13 -1 -12 0
-5 3
3 -3 11 -3 -1 4 1 -3 -18 7 -3 1 0
19 -3 11 6 -3 19 -3 0
-6 3
3 -1 5 -1 8 -1 -5 5 -3 17 -3 9 10 0
2 0
9 0
19 -2 -19 6 16 2 -3 7 2 -1 -12 0
2 -3 9 -1 11 -1 -15 0
10 -2 -2 0
9 -3 -8 11 -1 -18 15 -3 -7 0
-2 3
11 -3 11 19 -3 0
14 13 -3 6 -2 -17 8 -1 -21 3 -1 0
11 -1 -16 19 -1 9 -1 -10 4 -3 -10 14 -2 0
9 -1 -8 4 -2 10 -1 1 -2 8 -1 8 -1 -1 18 -1 -6 11 -3 10 -1 0
8 -3 -2 16 -1 0
9 -1 -12 15 -2 -4 5 -2 -6 6 -2 -7 0
0
-3 1
-1 1
-3 3
14 -2 10 -2 -8 11 -1 -17 6 -2 0
13 4 -2 12 15 -3 -16 14 -2 -16 5 -2 11 -2 -13 14 -3 18 -3 0
4 10 -1 1 11 -3 12 0
7 12 4 -3 19 -2 16 1 -3 -19 0
12 -1 5 -3 5 16 -3 -8 9 -2 -14 3 -1 -8 4 -2 -19 8 0
6 -1 -19 8 -2 -8 4 -2 -4 0
-2 3
11 -1 14 -3 -2 11 -3 -21 18 -3 13 -2 7 0
-3 2
14 -3 -8 2 -1 -3 3 -3 12 3 0
14 -2 10 -3 -13 1 -1 3 15 -3 0
15 -1 -1 0
0
2 10 12 -3 -11 5 -1 18 -1 -20 0
17 10 -1 3 -1 10 1 -3 -19 0
2 -1 5 -3 13 -2 4 -2 11 -2 8 -1 -8 7 0
18 -1 0
6 -3 12 -3 -4 13 -2 -12 0
1 -2 -13 0
4 -1 0
16 -2 15 -3 -14 6 -1 2 -3 -8 17 -3 -14 13 -3 15 15 -1 12 -3 -16 0
0
-2 2
15 -1 -13 0
-2 1
5 -1 9 -1 -14 6 12 2 18 -3 -10 16 -3 -13 0
10 15 -2 -7 7 -3 19 8 -1 14 -2 13 -3 19 -1 -3 4 -2 0
15 -2 15 -1 -6 0
15 13 -2 16 -1 9 -1 -6 0
-6 1
18 9 -1 -4 6 0
15 -3 7 -1 -13 11 -1 -15 1 -3 -4 4 10 -3 -21 13 12 -2 -12 10 -3 0
10 -2 0
8 17 -1 16 -1 0
12 4 -3 -10 8 -1 -1 0
-4 2
8 -3 -18 11 -1 2 -1 -11 9 1 -3 -21 0
10 0
9 -2 3 -2 12 6 -1 -20 4 1 -3 3 0
16 4 16 -1 -14 18 -3 3 0
-4 3
6 9 -2 16 -3 -2 7 -3 19 -1 -18 18 8 9 -3 -11 0
17 -2 -2 4 15 -2 0
5 4 0
6 -2 13 -3 -3 5 19 -1 0
7 -3 -21 15 8 -3 -18 0
9 -2 -19 15 7 -3 15 0
