8 7 -3 0
2 -2 1 9 14 16 11 9 -1 0
17 -2 -16 3 9 -3 8 -2 5 -2 9 12 -1 17 -3 15 -1 -12 0
8 -1 2 -3 -17 9 -2 -11 14 -3 0
9 16 -2 -7 0
18 6 -2 18 -2 -13 11 -1 -13 12 -1 0
8 -3 17 -3 -17 15 -3 -13 2 -3 18 -3 9 -3 -2 10 -1 7 0
0
19 -3 -2 6 -1 1 -3 6 11 -2 -4 1 -2 -9 18 0
7 -2 8 4 -2 19 0
5 -1 -3 1 -3 -14 12 -3 -3 3 17 -2 -2 13 18 -3 0
-1 2
16 -1 -13 11 8 -2 2 16 0
-6 3
-2 1
13 -1 14 -1 8 0
2 9 -1 -18 19 -2 7 -3 -12 11 -1 -14 4 7 1 -3 -21 0
17 -3 0
0
4 -1 19 14 -3 -11 1 -1 -12 12 3 -2 -8 15 0
13 -2 -21 9 0
15 9 -3 6 14 11 15 -2 -8 0
4 -1 3 -1 -5 16 14 -1 0
-1 1
19 -3 12 0
2 -3 2 -3 0
-4 2
-6 1
-3 2
9 -3 12 -1 -17 1 11 14 9 -1 -4 19 0
-6 3
-6 1
17 -2 -14 3 -2 -6 1 -2 14 -3 -8 10 0
14 -2 2 0
18 -2 3 -1 0
5 7 -1 -14 8 -2 -1 13 -2 -20 6 18 -2 19 -1 0
6 -2 -19 11 -2 9 -2 -6 0
19 -3 -6 14 13 13 4 -3 -20 16 3 -1 18 17 0
5 15 -1 8 -2 -12 10 -3 -11 4 1 -2 -14 6 -1 0
11 -3 8 -2 -9 9 -2 0
6 -2 -15 16 -1 -12 16 -2 -9 19 -3 19 -3 18 11 3 -3 -8 0
8 -3 -13 3 -1 0
15 0
-5 1
0
9 -3 16 5 -3 16 -3 -11 6 -3 -15 0
-6 1
14 -1 -10 8 4 0
3 -3 12 -2 -18 11 -1 19 -2 -7 2 -1 -15 1 -2 17 0
1 -3 9 -2 3 -2 10 -3 0
