29 22 -8 0
28 39 49 13 22 23 50 58 6 -43 0
16 -13 0
52 26 -53 -33 24 19 22 33 41 48 0
45 53 57 -44 19 -45 -19 40 -14 49 -38 -47 0
3 -24 -2 40 -38 0
45 -28 16 29 60 0
49 -49 -52 55 -44 -45 36 -4 -3 14 33 42 20 23 43 44 0
34 -40 -58 5 16 33 39 47 57 0
16 -46 47 -38 0
33 -52 54 -21 0
0
1 16 43 0
40 -9 18 30 -56 0
18 22 5 14 28 29 20 -7 0
38 -41 30 0
7 -4 -51 25 45 39 -38 16 -27 -40 0
9 46 55 0
45 0
12 29 40 42 51 16 19 22 36 16 22 39 60 19 -8 0
5 -38 -57 39 -58 -29 18 32 0
4 -31 -49 1 -33 -52 0
-2 1
-2 2
-2 3
-66 2
4 39 0
52 -5 -29 0
46 34 -57 28 -41 41 -57 0
4 -44 0
3 23 32 43 60 14 37 50 28 -1 20 -44 0
45 -54 -16 0
14 50 46 -13 32 -23 0
8 28 36 46 47 8 -21 0
7 -3 -47 1 3 15 35 40 0
25 17 19 57 50 -2 53 -8 0
7 19 0
4 9 39 44 29 36 43 36 -1 -16 23 -38 -5 0
14 18 20 42 44 2 24 57 40 -3 55 -12 -3 20 0
27 34 59 -33 20 22 28 48 60 0
57 -11 -46 13 13 45 1 19 20 39 26 -45 0
28 -38 -55 56 0
24 -58 -48 13 20 21 0
43 -10 -20 20 34 41 32 -23 0
59 20 40 -17 -3 0
12 -14 5 27 54 0
-51 2
-55 3
