30 30 30 18 29 55 29 -36 12 34 0
55 -57 -25 0
41 53 27 -11 34 -20 -10 57 -50 0
59 -3 -34 24 -43 -55 42 42 43 47 55 28 0
0
7 8 30 35 47 0
45 -31 -39 43 47 54 9 -32 -58 6 17 20 26 51 0
6 -33 -17 53 -46 -43 32 36 54 0
25 0
19 42 0
31 -34 -29 0
54 -40 59 10 -38 -33 23 42 0
31 -27 -11 17 -13 0
13 20 35 47 55 29 -26 -13 0
17 23 28 29 23 31 0
34 35 51 57 35 39 5 31 40 57 60 26 57 0
44 -33 -19 23 25 26 30 0
1 19 33 37 44 45 -9 -45 0
21 25 57 57 0
38 -17 -44 44 -44 -51 0
9 -2 4 10 23 0
22 50 44 55 0
-2 1
-2 2
-2 3
-69 3
42 -43 0
18 -42 -58 31 -31 -4 0
26 33 36 45 53 0
7 -14 13 -22 0
37 40 0
57 -48 -22 15 -24 0
16 0
48 -30 -22 15 -35 14 23 49 59 59 0
20 -25 17 -60 -6 13 22 24 27 13 19 44 33 41 46 53 59 0
60 -3 6 40 50 51 0
27 30 54 59 52 -16 2 -50 0
58 -12 -43 0
14 32 -19 -34 0
18 -26 -22 0
32 -4 -42 5 31 0
15 -25 -17 12 20 27 26 -35 -32 15 24 34 56 0
5 10 41 19 -5 42 -31 5 18 0
13 -24 37 51 53 58 0
4 7 18 51 58 31 -8 19 57 -6 58 59 0
3 -5 33 47 56 0
-49 2
-47 3
