0
49 -4 -58 15 -51 47 -47 -20 0
60 -45 -19 58 -52 -8 0
57 -36 -4 10 -42 -56 47 -31 -31 2 -33 0
23 39 46 5 -55 0
26 42 51 51 -24 -3 2 -25 -50 0
27 -24 9 56 60 0
26 -56 9 39 56 0
30 51 0
0
15 31 32 37 44 42 -14 -19 2 -32 48 -24 -56 7 11 13 45 0
40 -15 -29 0
21 -56 7 41 49 26 -25 0
23 55 34 -1 -23 21 -9 -38 49 -29 -5 0
33 18 -27 -31 29 0
1 -52 -55 0
7 -5 0
17 -20 8 -5 -20 20 -56 -2 31 -51 42 -30 -38 0
17 25 12 -18 -2 0
0
6 22 34 37 49 0
55 -39 0
-2 1
-2 2
-2 3
7 -60 0
13 15 18 32 46 0
0
21 -7 25 36 42 50 51 0
7 16 23 -51 36 48 50 57 0
8 8 31 56 43 1 -26 -41 0
36 38 56 24 -32 -59 0
15 32 40 11 -6 20 37 -39 -59 0
51 0
13 24 54 56 0
49 46 -17 28 41 57 -59 -28 27 34 44 51 0
3 11 42 43 37 -7 0
12 22 24 25 43 31 -53 -31 3 11 13 21 45 0
56 -11 -20 12 -52 -54 24 30 46 52 0
22 -33 -39 27 29 36 47 4 9 18 49 59 36 55 0
23 -30 -21 1 39 40 56 13 41 52 52 56 0
25 -43 49 -33 60 -55 53 -16 0
28 -43 -37 36 -45 -27 0
7 18 22 45 48 45 -36 -22 0
6 -35 -45 6 -36 -22 0
-13 2
-13 3
