39 -40 0
22 -31 23 29 32 42 50 1 7 27 5 -60 -9 0
50 -34 7 21 21 26 34 0
60 0
60 0
24 59 60 0
10 32 34 49 0
56 -48 -7 10 -18 4 29 -42 0
2 38 51 51 17 -32 -17 26 0
36 -25 0
17 0
28 38 12 20 47 58 33 -16 41 0
55 -8 -21 9 27 47 57 1 40 54 0
10 -35 -2 3 31 36 47 54 22 -33 -16 10 -9 -55 0
13 -43 -43 0
7 18 38 45 58 56 -42 0
9 11 20 36 43 2 -40 0
8 -10 19 -45 0
29 55 21 27 45 57 13 44 0
60 -6 -31 54 -2 -59 49 -26 0
59 -25 35 -9 -24 6 -16 4 -22 0
33 46 25 38 44 45 51 29 -33 0
-13 1
-13 2
-13 3
-69 2
37 -5 -19 19 -56 41 0
5 20 29 0
37 -26 -31 29 -20 11 0
51 -36 -21 0
19 30 38 51 0
36 -51 6 10 17 36 -3 0
8 -45 0
35 41 0
45 -5 -59 13 19 28 49 56 47 -11 -23 0
17 -7 -18 23 -26 -6 5 -5 0
4 5 5 22 57 15 0
0
4 -25 -9 0
0
19 -7 6 34 39 0
18 40 40 46 47 5 36 38 59 0
58 -27 -37 7 7 31 36 58 19 -9 0
9 19 22 25 47 0
1 -19 -20 5 23 39 42 52 21 -53 -47 45 -9 0
10 11 39 41 38 -30 0
-13 2
-13 3
