6 21 27 28 0
25 -34 -34 2 -30 1 5 27 37 -42 -50 0
53 -60 16 -14 0
54 -42 39 -25 0
3 30 34 41 56 30 -38 -5 0
9 7 -38 0
10 48 10 -39 15 39 0
5 32 51 54 0
23 -41 38 -54 0
19 32 37 59 -33 -60 0
50 -24 41 -32 -24 20 -5 25 -29 -2 0
51 -58 44 -19 34 -28 -53 50 -24 -24 0
44 45 53 55 60 -58 16 -48 -39 46 60 -15 0
23 28 0
4 -47 -14 0
14 29 48 31 53 18 -48 0
27 -50 -21 17 21 25 29 36 -36 4 17 55 57 58 0
19 -40 18 29 30 58 60 2 28 29 51 0
2 -50 47 -58 19 52 39 0
8 28 39 40 54 23 34 -32 0
51 -12 -58 0
29 42 54 48 -7 0
-10 1
-10 2
-10 3
-68 2
41 -10 -23 1 -43 54 58 0
1 12 25 30 51 0
0
2 -35 3 5 14 21 24 6 -38 -2 42 -55 -9 39 -55 0
15 -16 42 -24 -14 0
27 -47 -3 0
55 -2 15 25 43 52 53 15 9 24 28 58 0
11 16 16 40 44 0
14 26 42 60 0
57 -8 -5 12 43 53 57 57 0
25 58 44 45 49 0
50 -51 17 19 21 35 45 33 -48 9 31 38 38 43 0
21 2 7 20 55 53 -18 -18 1 -20 0
33 -24 -41 4 -5 -28 19 26 31 43 45 12 45 54 58 0
26 -2 23 38 48 48 50 14 -40 0
46 -7 -40 52 -28 0
15 26 15 -9 -5 4 15 24 28 0
22 29 54 23 0
19 -38 -57 4 -12 -46 18 26 52 56 0
37 -21 37 -27 -14 48 -10 15 26 58 0
-12 2
-12 3
