32 38 45 34 37 -45 -14 0
3 14 38 57 -53 18 43 0
10 -51 9 -43 0
27 -25 16 -27 -54 52 -22 -21 0
5 -3 0
54 -49 -47 25 49 51 57 3 17 20 48 57 32 -25 10 35 0
10 -25 0
20 -37 -14 7 10 14 19 42 -29 -35 0
38 42 58 28 -50 38 42 46 49 0
10 -60 -59 25 -16 -17 52 -50 0
22 35 56 9 51 15 -48 -54 51 -60 0
1 21 22 3 18 36 37 26 -14 -17 0
3 -42 -19 46 -48 11 25 0
34 35 13 33 12 27 29 50 60 0
29 -59 -16 7 -28 -22 21 23 48 37 -38 -39 0
20 31 42 43 49 0
9 48 0
60 38 48 46 51 51 0
5 -55 -6 14 20 27 59 8 19 30 41 0
40 -17 -33 11 44 56 0
38 -24 0
5 20 23 30 59 25 46 7 12 37 0
-2 1
-2 2
-2 3
23 -26 0
35 -51 -17 0
13 17 22 49 0
39 8 18 37 60 10 -52 -50 23 -20 -16 15 0
35 36 52 60 32 -59 -21 24 29 32 38 49 58 11 57 0
17 -37 6 34 40 40 10 19 40 44 55 -34 16 -8 0
6 35 37 49 27 -34 -52 43 -60 -22 0
1 -30 24 27 27 29 45 -56 -35 36 39 48 57 0
20 30 39 44 55 14 15 40 49 51 0
17 23 39 2 33 0
42 -54 -59 0
21 -15 -39 0
16 -25 21 -25 5 13 17 28 0
7 -49 59 -7 -38 14 29 43 47 49 27 -60 -4 0
42 -38 0
2 10 23 35 46 57 -21 5 8 44 46 52 28 50 58 55 -60 0
13 -21 -31 38 4 7 19 0
1 9 40 59 18 49 -46 -58 13 -8 -3 0
3 10 17 36 54 1 -38 -18 4 51 53 55 -18 -21 16 35 0
2 7 48 50 52 36 -21 -2 16 38 43 56 59 0
-55 2
-56 3
