34 -17 -51 5 28 39 51 0
45 -13 0
2 -24 -58 39 2 -39 -17 0
22 -23 18 13 -10 29 -50 0
31 -60 33 53 10 43 53 0
28 -55 6 8 59 29 -21 -48 13 0
9 19 31 58 12 45 35 37 44 51 11 -41 47 0
46 9 12 19 32 33 0
37 0
50 -18 19 51 54 38 -37 0
47 -7 7 7 13 54 14 20 51 58 60 57 -53 13 -35 0
21 28 45 0
14 41 8 30 52 15 19 46 54 56 0
50 2 17 20 37 53 52 -37 40 -49 -58 53 -38 -45 0
17 -28 0
5 23 34 39 -45 -34 0
57 -4 5 -51 1 -45 -33 0
24 -47 -20 16 -28 0
58 -9 40 -13 53 -51 0
0
27 -15 -5 0
18 32 60 40 -24 37 39 52 0
-2 1
-2 2
-2 3
-67 2
24 -42 -43 24 -21 -1 32 -25 0
32 -35 -59 37 -25 -33 42 -46 15 22 41 44 52 0
36 -38 0
39 -35 23 13 -31 -51 0
2 -5 16 -23 0
1 -39 59 -41 0
6 30 40 54 14 -55 0
40 4 27 37 22 37 0
26 -39 -14 12 16 30 50 50 0
11 52 58 21 48 8 -11 -54 34 -23 0
12 -49 -55 13 -1 -48 4 23 44 60 0
33 38 46 57 0
6 13 34 -20 -33 36 -21 -60 36 -20 -36 0
16 -31 29 0
36 -4 -24 0
5 11 21 38 55 58 -47 -7 1 18 33 54 27 -53 -1 0
10 -5 -57 53 -43 26 38 40 18 -43 9 0
44 -46 -54 17 -53 -39 0
31 -22 -1 19 -53 -9 0
49 -39 -35 32 -60 -57 33 -32 -6 39 -40 0
-2 2
-2 3
