20 51 26 -2 -41 41 -23 0
8 -31 -40 51 -40 -11 24 33 39 46 56 0
9 0
29 37 3 4 5 10 25 1 -11 -51 41 -25 0
3 30 -9 -11 0
5 -39 6 20 49 56 4 5 18 28 49 28 58 47 -53 0
34 43 19 -44 45 0
4 -15 -31 27 -49 -5 24 -37 24 35 0
6 9 11 22 27 29 0
48 -34 -3 33 36 -42 -28 3 -60 56 -58 -6 0
21 -50 15 -44 -33 52 -17 -44 0
34 47 49 0
30 -55 -8 38 -55 -9 60 -18 13 -35 -51 0
30 -31 11 23 21 -45 -50 11 10 20 24 31 0
3 52 0
0
55 -8 -59 42 -47 16 -33 56 -7 -28 25 -39 -21 0
2 32 43 0
54 -17 -7 59 -31 0
2 4 38 47 54 30 -26 44 -1 -21 0
1 47 48 33 51 0
43 -6 0
-6 1
-6 2
-6 3
-69 2
36 -53 0
3 25 46 52 25 -6 -21 0
1 2 0
5 22 45 58 0
0
52 -38 12 35 2 5 55 0
29 -48 41 -23 0
35 -30 2 13 14 49 53 1 38 50 -17 50 60 0
27 -25 53 -23 0
4 -35 1 0
25 0
7 14 17 34 48 20 45 0
56 -4 15 -58 -9 25 26 28 51 14 -3 0
7 10 26 27 46 50 -18 20 20 55 58 0
9 -8 10 -52 -39 6 -1 -43 22 45 48 -34 -35 0
5 9 37 44 49 38 -12 0
10 23 44 50 59 14 47 26 -44 27 -18 -26 3 -57 -1 0
10 15 38 60 47 21 33 35 43 46 21 41 53 0
26 -24 -56 46 0
24 28 34 43 0
-48 2
-49 3
