50 -6 -24 0
37 -37 28 -49 -12 23 26 34 0
9 36 50 25 -19 -39 0
27 -49 0
47 54 56 -5 0
29 -60 60 -21 -50 0
1 3 14 28 34 9 25 50 54 59 0
58 20 24 40 51 60 0
13 30 36 51 8 21 38 40 0
16 -45 30 -17 20 -27 -36 52 -12 0
13 44 29 -28 -47 44 12 -31 0
33 -56 -33 22 -36 22 -27 -43 14 -55 -17 0
51 -59 0
24 -22 49 0
2 -42 -17 0
0
16 28 0
2 39 43 52 0
36 49 0
50 -54 59 -52 -52 34 42 53 60 9 17 40 48 41 0
38 -30 51 -1 0
39 -31 -3 6 27 48 19 -47 -25 0
-3 1
-3 2
-3 3
-66 3
-66 2
15 59 -58 -12 33 -3 -58 13 -33 -56 25 -3 0
6 -30 0
13 -34 -1 41 -1 23 39 40 59 0
39 1 3 35 0
48 -57 -47 2 40 42 48 0
0
39 22 12 56 0
26 5 -30 -10 0
27 -29 -33 0
18 -56 0
25 3 12 13 46 29 -57 -42 11 27 -17 0
58 -17 52 -37 0
30 -54 5 -11 3 9 10 23 60 0
4 -24 48 -8 -57 20 -26 -28 2 -8 -27 0
12 27 19 21 33 7 -48 -15 0
12 -44 -6 0
8 55 0
20 30 15 -49 -11 15 25 43 47 60 12 58 60 0
1 31 34 38 41 44 17 20 24 36 56 -31 -23 0
54 -23 -3 11 25 29 58 60 0
-31 2
-31 3
