24 53 57 31 56 12 15 32 46 0
22 -23 37 -14 -4 0
12 16 23 42 50 0
10 -35 0
6 1 18 42 0
15 -35 0
42 -47 -29 0
18 30 49 53 57 0
45 -10 -22 46 52 11 35 0
8 -25 -30 52 -19 28 -21 0
60 -33 -24 10 31 33 54 57 34 -22 0
35 -38 -40 17 21 31 0
35 46 21 -4 36 -32 -2 23 -17 6 11 24 30 57 0
44 -17 32 52 53 35 -28 -14 0
23 -35 -53 41 10 -39 -36 0
41 46 54 56 29 39 44 31 51 21 -10 -46 0
2 18 28 2 32 0
32 -35 52 -52 50 50 -43 0
22 -14 -27 5 16 16 33 49 48 0
54 -42 54 -11 -45 43 -26 -37 0
17 32 34 -9 0
24 26 0
-2 1
-2 2
-2 3
-69 3
55 -20 40 -1 1 -47 41 -38 0
22 -37 0
36 0
1 43 53 38 -2 -50 50 -13 -48 27 -4 59 -34 -44 0
10 24 31 38 49 -24 0
8 26 28 51 18 36 38 44 52 25 37 -56 -58 45 0
7 55 56 12 -3 -24 6 -60 -37 0
23 41 0
23 -40 10 -60 -28 60 -13 0
17 -6 0
42 -59 -40 55 -25 -54 54 -13 -20 9 24 28 29 58 0
10 18 22 29 48 13 18 24 30 42 60 -40 -33 48 -43 0
33 -29 24 -27 1 14 22 40 50 17 -8 -50 0
3 -14 0
54 -28 56 14 -53 -54 0
0
25 -58 26 -18 0
7 31 37 8 -45 3 0
27 33 41 55 6 27 35 0
6 -30 0
-3 2
-3 3
