24 -18 25 -42 -28 0
58 -6 9 53 38 -13 -42 0
24 -19 0
0
15 36 15 -17 -5 36 -3 53 -20 -59 0
16 16 37 42 49 -35 -47 17 -38 -8 48 -5 -14 0
1 -34 21 23 29 0
6 22 35 45 55 2 -49 -46 0
12 -1 55 -5 44 -52 2 50 52 55 0
16 38 55 1 -18 0
27 -30 0
30 -22 -21 0
17 26 57 0
16 29 31 36 0
19 22 27 38 59 10 19 59 11 14 28 36 51 5 -58 0
48 17 -45 24 -36 -52 55 -22 12 17 23 49 0
16 17 17 60 0
20 -35 27 -49 25 -3 47 -13 0
50 -9 11 -48 -57 60 -57 -57 0
32 -52 4 -5 -14 0
42 40 -15 0
0
-2 1
-2 2
-2 3
57 -52 15 18 21 33 45 51 -57 2 34 12 32 52 0
35 36 49 0
0
9 -23 -1 50 55 -51 0
16 54 0
43 -59 -18 28 -6 -24 0
45 58 58 -7 15 45 47 60 0
7 8 0
3 -22 -1 41 46 47 0
60 13 52 -32 -55 0
11 32 52 53 54 22 43 47 54 8 -21 60 -27 0
7 9 17 23 36 57 -13 -18 36 -1 0
50 46 -30 -43 21 33 47 56 12 6 18 28 0
16 -36 -36 57 -30 -13 0
42 52 55 27 32 40 -59 21 -25 -29 12 21 0
36 -57 -6 16 -58 20 40 49 46 -46 -42 0
2 -37 -11 0
6 9 13 44 57 53 -50 -12 40 54 54 0
1 14 34 59 21 46 5 -35 0
0
-2 2
-2 3
