3 21 25 29 32 0
5 18 0
17 -19 -44 59 -37 -49 0
22 -49 0
58 -27 -12 0
41 -32 6 34 47 52 5 -42 -42 4 -54 0
9 16 33 39 13 -30 7 -1 26 -48 -26 0
9 19 41 51 2 3 41 42 52 0
25 -18 13 0
15 22 55 0
11 -19 0
22 29 0
53 -6 43 -45 -22 21 59 -38 -57 7 35 59 0
42 -17 4 14 39 40 22 26 32 45 55 60 -36 50 0
2 -37 -50 18 -27 0
15 -21 -19 50 -35 -37 60 -44 28 -46 -58 10 -19 0
56 -60 -37 57 -8 0
14 34 41 42 2 9 9 13 45 50 -20 1 -4 0
23 -18 -8 36 -2 7 29 30 34 51 40 -16 0
55 -23 -12 7 -28 0
16 -46 3 34 10 25 53 55 55 23 -32 -26 48 -54 0
23 -55 -58 26 -19 -19 46 -10 4 6 16 23 43 10 -37 0
-48 1
-49 2
-49 3
0
45 -49 -54 0
33 46 31 -39 -22 40 -26 4 53 55 20 -48 0
42 45 54 3 -44 0
2 15 32 49 0
29 47 52 54 60 9 -5 7 9 17 38 0
59 -47 -11 0
27 11 13 34 50 52 46 -57 21 58 60 0
9 24 25 44 7 19 38 40 42 0
38 25 41 43 51 3 6 37 18 -21 -9 41 -28 -2 0
30 -54 54 -33 18 43 57 8 28 0
32 -6 45 -46 1 5 11 36 43 0
13 57 36 0
50 -7 0
17 -58 13 -60 -44 14 35 52 12 28 42 0
18 45 22 -4 -49 0
36 -17 22 -34 8 -51 -52 0
58 -45 -6 28 -22 19 -15 -49 11 -6 4 0
34 37 42 45 59 39 -29 -25 0
15 22 33 43 30 35 46 54 57 40 -14 -46 26 -6 0
-49 2
-47 3
