45 14 -4 -48 11 48 54 56 0
0
18 55 2 23 23 38 42 -3 -35 51 -46 50 0
7 -20 -14 45 -8 7 -51 -57 0
27 -49 -57 33 -7 5 5 27 31 48 0
27 -37 15 -54 1 -53 18 41 0
2 -34 6 39 50 52 55 0
4 23 30 35 52 16 -1 -19 43 -11 0
48 -30 -13 0
6 -28 -52 0
54 -4 0
1 14 37 44 1 17 28 33 44 8 -30 20 27 31 5 -7 -6 0
0
20 26 43 51 1 39 0
39 7 -44 0
12 12 18 37 53 19 0
48 -34 -4 50 -3 8 -40 -27 39 -39 -18 0
17 39 60 0
34 -57 30 -40 -4 27 36 39 59 0
16 31 0
23 -35 20 -3 46 -38 -30 43 0
38 -51 -54 58 -36 -28 38 -56 -40 29 -57 -25 0
-2 1
-2 2
-2 3
2 19 33 41 59 15 -18 5 -28 0
6 7 33 24 -21 15 -26 48 -37 0
0
1 8 38 44 34 34 34 49 54 18 -25 55 -15 0
4 -34 16 58 33 -3 -48 4 -51 0
9 23 31 35 52 14 -14 -2 43 -49 -21 4 14 14 29 40 0
1 24 -8 -54 0
51 -45 -19 40 -47 -8 53 -36 -18 30 42 59 0
31 -30 -34 14 -28 -15 9 10 29 0
1 41 41 46 4 28 0
0
6 -58 -42 28 53 45 -53 0
32 -22 -44 1 27 30 0
57 -24 -4 1 9 18 42 58 -39 0
59 47 -36 51 -37 0
20 54 -34 -1 29 -53 -46 0
55 -57 -25 16 -36 13 17 28 34 58 18 -43 0
22 46 0
9 23 39 50 55 -31 14 21 26 33 49 8 30 37 55 -18 0
13 -54 -36 30 -13 -55 0
-2 2
-2 3
