8 24 60 0
12 -32 0
31 -48 -25 22 41 53 54 59 -25 3 -47 8 16 26 26 49 0
50 13 30 39 45 46 12 17 36 41 52 41 -51 -17 0
5 6 0
51 0
35 -15 54 -10 55 -4 0
9 13 19 33 0
5 6 13 22 53 0
48 16 27 40 42 38 -52 -1 57 -56 0
44 0
2 53 0
4 5 42 0
4 32 53 53 7 -12 -59 0
35 -53 -48 42 10 -14 -6 20 0
33 20 -18 0
37 11 0
5 10 13 13 28 16 38 52 0
33 -57 47 4 13 32 44 53 8 -5 0
22 -21 0
12 -44 5 19 48 12 -24 -27 0
0
-2 1
-2 2
-2 3
3 -50 31 34 57 5 -49 -10 12 -6 0
42 -12 -11 54 -32 13 -33 0
33 44 2 -56 -20 10 -42 -29 0
18 -51 5 7 8 44 56 32 -48 -2 21 -17 31 0
15 35 17 -59 0
56 -17 1 15 35 40 49 14 -28 -20 33 -32 22 -12 -47 0
5 13 52 22 -19 0
60 -12 0
52 -3 -59 35 -53 -51 26 37 37 51 0
22 -28 25 -8 -9 1 30 42 42 56 0
13 26 31 42 -29 0
39 -4 -13 0
51 -34 33 35 -6 13 -6 0
38 -12 6 41 1 -15 -17 0
17 31 3 15 16 17 59 0
25 -56 -9 40 -12 -42 4 -5 -15 52 -57 0
9 21 30 30 0
14 23 51 4 50 53 53 53 0
10 -12 22 26 0
40 48 -39 -10 47 -23 -17 6 9 22 28 39 0
-28 2
-28 3
