26 -36 0
21 -49 -53 33 46 54 35 -53 -60 48 -8 0
19 -42 24 -30 15 -19 0
0
9 16 32 32 35 6 -54 -59 58 -1 -50 19 19 23 43 0
22 -55 15 -48 0
16 -32 -24 13 34 0
18 -1 0
57 -39 -9 0
32 -15 16 -57 0
45 -42 53 -9 0
19 24 49 11 56 13 44 52 0
9 47 52 7 -56 -20 15 21 44 53 42 -9 -32 0
35 -24 -52 0
21 59 13 31 47 -55 22 -1 -3 55 -45 -16 0
17 -40 7 36 0
52 -48 35 -11 -25 43 -50 5 17 28 16 -17 0
14 -8 -25 15 -30 13 -26 -42 0
44 55 59 15 25 27 45 0
54 -15 -33 20 -33 -45 0
6 23 52 40 -38 -58 0
38 41 50 56 2 6 59 23 35 39 57 58 0
-2 1
-2 2
-2 3
4 18 54 56 27 -60 9 -45 -42 37 -18 51 -9 0
15 32 54 -19 -28 0
0
37 -37 51 -25 0
50 -11 16 -53 -14 0
12 14 -8 -51 30 -1 -7 7 37 38 3 -59 -54 0
5 33 24 31 36 60 16 21 25 38 45 0
16 -35 -50 0
60 -7 0
17 -53 0
41 -56 18 27 -39 5 -38 -23 1 12 55 56 0
3 19 25 31 2 -4 8 -57 0
56 43 -7 23 -19 -24 0
36 -51 -23 34 36 14 30 46 48 57 0
0
25 48 -46 -58 41 -30 23 -53 0
17 -52 -51 59 -51 -16 2 -28 0
22 -29 0
16 -10 0
22 -41 41 -20 -43 41 -35 -56 0
-49 2
-47 3
