2 29 37 41 48 -23 -14 35 -31 0
51 -52 -44 0
36 -9 -35 52 -42 -10 0
26 -14 -14 24 -45 -26 8 13 29 0
7 -52 14 15 52 54 57 55 33 36 43 47 53 5 29 34 38 0
8 16 13 38 5 -36 0
53 -12 -56 18 46 49 53 60 0
19 39 41 3 12 0
12 22 41 8 18 37 0
48 -14 0
16 -8 -51 48 -53 0
31 -5 0
20 -46 31 -46 -31 0
59 -16 45 -34 0
33 -24 -54 35 -17 0
18 59 0
45 -30 -17 28 -10 7 -21 -47 0
8 12 21 46 50 0
20 -9 0
56 58 0
10 -2 -34 0
57 4 30 36 40 53 0
-2 1
-2 2
-2 3
43 15 -30 32 -56 12 24 2 -50 0
41 -49 0
24 25 36 39 10 21 54 2 -7 -26 1 8 20 50 0
57 -32 0
3 10 11 43 8 11 16 40 54 0
12 -30 -52 0
4 13 28 39 48 44 12 -10 -11 23 -20 -39 60 0
55 -14 12 15 28 56 58 1 40 59 53 57 0
0
4 14 14 41 -49 30 37 54 0
2 4 14 25 51 20 37 44 19 0
10 14 17 59 40 -21 14 22 37 45 59 0
2 -10 0
30 -40 -20 0
50 -47 -36 20 -51 0
5 8 8 -54 0
7 -14 -7 24 0
18 23 7 -35 0
0
53 -53 1 -6 0
-5 2
-5 3
