54 -21 -20 47 -23 47 -33 54 -18 -34 0
19 20 42 -9 22 30 55 23 32 0
15 35 57 17 24 50 17 51 0
35 45 8 22 57 0
20 -16 -58 60 -9 24 -30 6 9 37 52 42 -20 0
6 0
38 -13 -33 12 -60 -30 1 18 27 35 37 47 -23 -18 0
12 0
10 11 45 49 6 -56 -27 20 -59 6 23 38 46 6 10 15 60 0
6 -2 49 55 3 -38 0
5 50 32 -4 -20 50 -29 -42 13 -10 0
11 13 14 19 6 26 37 47 2 16 23 38 47 0
37 -27 -2 11 12 35 47 7 -44 -45 33 38 45 0
4 23 60 33 -23 -56 0
9 18 28 48 0
59 -39 -12 0
1 -54 -23 0
32 -16 0
45 -40 38 10 -41 20 37 0
35 -14 -13 9 -39 -25 0
30 34 38 42 58 0
13 40 43 48 -26 -10 8 -34 -16 0
-20 1
-20 2
-20 3
4 -39 -2 36 -23 35 9 43 0
24 0
57 -29 -18 26 26 55 57 0
52 -36 -30 0
6 8 23 55 0
27 36 37 42 46 21 -57 0
8 9 32 56 -38 -11 1 9 13 23 28 6 19 20 51 0
3 51 53 10 -1 -3 38 -44 38 -18 0
1 12 29 42 0
1 29 56 0
44 44 45 0
30 0
15 25 56 59 3 6 30 36 42 0
28 -17 12 -49 53 -14 -39 60 -40 -29 0
21 -57 -39 25 -20 16 34 -8 0
8 13 58 48 -37 41 -9 -43 29 8 -11 0
35 37 22 28 39 14 25 46 60 4 27 52 51 -32 0
11 -44 0
19 -1 55 -55 -13 31 35 48 -34 0
5 -47 0
-48 2
-53 3
