10 41 47 0
33 37 48 1 4 5 45 44 0
20 -28 15 56 -9 -15 0
2 -56 8 39 -8 -24 5 -12 30 59 0
17 24 34 0
3 31 21 -59 -35 12 23 41 43 58 3 -55 0
7 -3 -19 0
1 2 4 12 14 51 56 3 56 -17 -10 0
14 49 57 0
52 29 -59 13 -8 -8 1 22 25 32 11 42 48 0
28 34 38 13 19 38 50 60 10 25 40 0
25 -45 0
3 38 48 24 -40 56 -46 -22 14 41 11 -48 -24 0
10 -30 -55 0
38 -42 -5 0
48 6 7 13 35 59 39 -18 0
14 -51 1 -8 0
26 -44 18 -30 0
48 -23 0
26 -44 20 -42 57 -53 -58 12 15 23 24 42 0
22 57 0
12 -31 -27 0
-26 1
-26 2
-26 3
-66 3
23 35 37 37 51 52 56 47 -55 0
49 -19 48 -58 21 52 58 5 13 44 0
11 -41 -21 37 -4 46 -3 13 -38 -24 0
42 -48 -12 26 28 36 43 -38 -57 22 -1 -9 0
22 37 49 55 58 2 -36 -9 0
0
26 -49 -24 5 15 48 58 22 58 58 60 -15 26 42 55 0
28 13 34 45 51 50 -36 0
47 -55 -32 4 27 39 48 56 11 33 37 40 58 10 15 39 40 53 0
43 -17 0
27 40 24 -28 0
27 -27 18 -29 -42 0
7 -55 -52 0
54 -16 -22 6 36 42 48 52 55 0
26 -32 0
23 -10 43 -11 -5 7 15 44 -32 -38 24 32 0
39 60 0
38 0
34 -11 4 -26 -2 48 -17 -34 0
11 42 28 0
-50 2
-47 3
