35 -47 16 -38 -30 16 23 26 47 54 51 -48 0
56 -34 18 19 30 41 0
47 -56 -50 0
2 0
1 -18 -23 13 22 59 59 0
14 14 45 46 46 27 -14 -9 1 38 55 34 -23 0
3 22 30 49 -6 13 -54 -57 0
18 23 46 56 9 52 0
9 -58 35 -39 -21 60 -23 4 31 0
20 45 50 -58 -14 0
8 -4 -20 0
35 -8 20 -3 -14 0
0
1 43 -50 4 10 45 0
26 30 38 53 58 12 23 28 42 53 5 11 11 14 37 40 42 51 0
0
12 -41 -21 27 32 52 55 0
12 -29 -47 40 49 5 11 16 18 50 56 -11 -37 0
18 -54 42 51 0
20 31 32 37 50 0
43 -10 -18 35 -6 -56 3 58 10 24 0
6 12 9 11 25 53 57 0
-6 1
-6 2
-6 3
10 16 37 42 45 4 -48 3 14 48 49 55 0
34 -42 -50 21 -17 41 -35 0
13 -57 -3 36 54 59 0
30 30 17 31 44 14 -8 -35 0
1 1 6 41 45 6 45 49 0
21 42 54 58 0
11 -22 22 31 44 58 57 -22 0
27 36 44 44 60 35 -25 18 21 34 54 59 0
7 -7 -15 16 26 -45 -3 0
27 -23 21 -44 37 -46 0
6 31 40 53 58 28 -1 -21 10 30 46 57 2 0
38 -39 -54 0
13 22 26 30 54 58 -46 -48 9 -37 0
7 7 24 55 15 -1 24 -7 0
15 23 32 42 16 -30 -50 52 -28 -45 1 24 29 33 49 0
27 30 34 40 47 3 30 47 8 12 23 23 33 3 -45 -39 0
12 49 -29 33 33 34 16 -12 -57 40 -7 -12 0
35 -20 29 -32 -45 0
18 -38 0
8 -25 8 -50 15 37 41 42 53 7 58 52 -35 0
-51 2
-54 3
