0
8 11 51 0
25 19 25 36 16 33 45 58 43 -43 -23 11 -59 -4 0
60 -39 -11 25 29 42 55 56 26 27 30 31 52 48 -43 -53 46 -57 0
0
21 -41 -23 0
17 28 31 36 48 25 30 53 6 9 27 43 0
54 -15 0
19 55 57 57 8 11 36 1 7 8 19 0
12 34 0
43 -35 11 38 41 42 59 1 15 25 26 -58 8 -8 0
38 -22 26 55 58 25 28 51 57 12 0
4 11 12 25 7 23 25 46 58 14 34 48 55 0
2 45 4 0
0
20 52 21 27 29 31 41 16 36 51 0
55 -42 8 19 42 52 0
26 48 58 8 12 13 35 39 17 -43 -47 10 33 36 35 -22 -51 0
11 28 35 53 0
58 -56 -27 21 -58 31 48 3 12 27 30 26 -34 -21 0
15 -33 53 -10 -6 30 0
27 -35 -10 6 -9 10 22 38 43 52 0
-4 1
-4 2
-4 3
33 -14 -40 15 21 33 2 13 53 42 -50 0
38 49 25 -28 -5 5 8 18 24 52 25 -1 0
0
1 11 50 56 0
10 -41 -58 18 25 57 0
0
20 -23 -31 0
10 -49 0
6 -32 -33 31 -42 10 17 24 55 18 56 0
2 37 8 0
12 46 0
14 42 42 52 56 0
49 -43 -43 0
28 2 44 44 51 52 10 -50 -27 32 -20 -3 0
51 -20 42 -35 42 -44 -39 56 -54 0
49 -54 23 -18 0
15 -18 -17 15 24 27 29 0
0
30 0
26 -60 -33 27 -31 -2 21 -31 -22 0
-51 2
-52 3
