12 19 29 31 5 -14 0
9 12 6 35 39 46 11 -57 0
23 50 50 42 -4 -50 51 -58 0
59 -50 43 -48 42 -60 0
10 17 40 16 18 26 42 58 0
3 0
0
4 5 21 28 33 -15 -18 55 -49 -33 49 8 13 15 39 0
10 20 28 35 50 9 -24 0
6 11 16 31 60 0
17 27 28 40 45 9 29 43 50 55 0
26 -21 -15 0
16 16 32 22 38 19 -58 14 -16 0
27 -35 -50 23 0
10 -14 -55 0
6 39 0
33 -50 -28 0
0
7 7 35 6 12 20 46 58 59 -42 -3 0
6 30 28 -35 43 -40 -23 31 -24 -41 53 -44 0
51 -57 19 23 54 58 0
8 9 18 39 21 38 41 47 10 -31 -24 0
-2 1
-2 2
-2 3
-69 3
9 -35 -3 46 -27 59 -36 -23 0
26 -36 -34 15 38 46 43 -44 -42 45 -22 -23 0
8 -8 22 27 36 51 58 0
0
39 -57 0
12 -7 -29 23 -56 0
37 -50 -3 23 -39 0
42 -15 -41 3 6 5 -20 -41 0
10 50 42 -4 -22 35 -40 0
18 -48 42 55 -10 27 -14 -10 0
13 22 41 53 24 40 0
3 -9 -55 49 -20 -5 3 8 23 42 58 60 -34 -36 0
51 55 30 36 27 44 -26 0
7 34 53 40 -49 -33 14 -25 -10 30 -28 -9 8 33 35 48 60 0
49 -48 -19 1 6 46 48 50 3 38 45 50 0
27 -12 -34 54 -41 17 32 59 0
23 24 24 38 -5 10 35 52 52 53 0
54 -3 -57 0
14 -59 -19 4 -60 -10 48 -35 27 30 0
50 -4 2 -7 0
-49 2
-48 3
