3 13 29 56 19 23 38 -24 20 40 45 0
25 42 44 16 23 32 59 -48 -4 0
37 -56 56 0
12 39 -55 -33 8 42 58 11 -41 0
12 -30 12 0
8 -59 1 -10 30 37 53 55 11 43 52 0
45 -49 -23 57 51 -26 -11 38 7 35 35 43 0
7 -4 -32 36 50 0
28 0
27 -37 1 -33 56 -59 -4 37 -50 9 20 48 52 0
47 -54 -20 20 38 49 47 3 31 34 0
51 -27 1 10 0
33 -51 -12 14 -6 0
46 -53 38 -26 -11 0
4 -31 57 -38 -58 0
5 37 -48 32 -34 -3 33 -39 3 -33 0
13 20 28 44 54 27 -17 41 -19 17 24 27 36 53 30 -21 0
19 -37 0
56 -23 -56 32 42 -53 -26 53 -25 -30 0
20 34 46 54 58 0
46 47 18 27 0
15 -30 11 12 39 48 49 12 58 29 -27 0
-2 1
-2 2
-2 3
-68 2
41 -47 -34 0
17 52 50 -59 -11 24 53 54 0
26 -26 15 -10 0
41 -25 -54 39 -6 -18 32 33 40 53 58 0
20 -2 -44 50 -9 24 -51 0
15 -47 0
0
0
19 -42 -5 0
14 -48 -27 16 -1 13 24 42 59 -11 40 -47 -39 0
42 58 59 53 -27 -36 39 -51 0
45 -49 0
4 -6 0
0
8 19 54 59 60 0
16 -40 -58 0
40 -28 26 -59 35 35 56 16 -25 0
45 -12 -10 0
21 44 -55 0
22 -14 0
-2 2
-2 3
