25 0
26 12 33 33 50 58 0
10 -4 -56 3 -26 -39 60 -13 10 32 42 55 0
49 -51 54 -12 53 58 -31 0
1 18 22 33 48 11 33 38 43 0
3 15 24 37 6 16 40 45 0
4 49 11 32 0
50 -10 -13 48 -38 -26 27 -49 -30 0
5 23 23 53 54 -57 -41 3 54 57 3 -40 0
25 55 0
29 -4 0
0
21 -11 -37 2 18 23 36 42 6 48 60 42 -60 0
46 -59 56 -54 -57 0
0
24 34 38 8 53 24 -22 -25 0
54 7 16 25 33 46 9 -58 6 -19 57 0
1 -21 -16 0
13 -33 58 -34 -57 38 -21 0
7 13 2 33 46 53 53 0
39 -53 2 8 16 31 33 28 25 30 57 0
18 -23 1 12 45 55 14 -29 1 10 0
-16 1
-16 2
-16 3
-66 2
47 -36 23 42 0
37 -22 -9 31 -28 12 32 44 50 19 -60 16 -27 0
5 23 47 46 20 40 50 20 33 41 43 59 26 35 40 51 0
51 -35 53 -40 45 14 43 55 7 15 39 0
11 -50 -6 7 22 45 48 60 38 -7 38 -58 6 -39 0
10 19 37 14 18 22 26 18 -48 44 -44 -40 0
25 41 0
32 -55 -54 0
25 -51 -12 4 -49 1 10 18 0
43 -52 -52 2 9 28 57 58 46 -11 -36 0
59 2 16 22 25 35 11 24 24 25 19 -12 -4 0
3 -17 -27 29 -18 3 49 33 -3 43 0
7 22 26 56 56 18 -24 43 -51 24 -57 0
0
40 -54 -22 24 -47 -27 29 55 46 -5 10 25 43 53 0
24 -2 0
6 -50 -30 19 -51 -45 24 39 50 51 55 0
12 51 10 -16 -8 36 38 0
7 7 28 48 4 -36 -4 0
6 -32 24 43 51 52 43 -9 -49 13 30 34 55 22 -17 0
-16 2
-16 3
