14 -48 -42 0
13 -13 16 -18 55 0
0
0
21 -31 0
13 40 42 59 60 5 -25 -26 42 55 57 7 47 0
9 -1 -20 0
6 7 7 37 49 2 -37 17 21 36 40 59 -35 -57 55 -53 -39 0
2 53 -10 31 38 45 0
18 -49 -36 28 -5 -21 9 24 25 33 24 28 58 0
24 26 37 15 28 54 10 18 20 46 60 8 20 46 -16 0
3 39 53 1 3 13 42 1 31 41 53 45 -9 57 -51 -14 0
38 -23 4 -32 18 -7 42 -35 -10 0
0
35 -30 -29 16 -55 -14 24 -18 -32 15 -30 -26 0
31 36 0
8 10 19 27 0
38 44 16 46 -45 0
3 -27 -31 36 -32 -44 0
32 -25 0
2 22 51 8 36 1 -27 -56 0
8 17 35 42 48 56 -31 -3 11 -56 0
-22 1
-22 2
-22 3
-68 3
15 -18 0
60 -16 4 -27 29 30 33 0
1 22 50 29 30 58 16 58 -16 11 30 0
35 -12 -9 2 15 24 55 8 16 5 -1 49 52 0
55 -9 10 40 46 9 29 37 41 50 48 -10 -1 0
30 -17 -22 47 -10 -12 29 40 60 56 -39 0
28 58 43 -9 -20 42 -33 21 -7 0
12 -38 36 46 59 60 -38 -43 47 55 58 16 -52 0
15 -32 -2 40 -32 53 -54 -9 53 -6 -60 4 22 23 38 56 0
44 -42 -52 0
53 -45 -57 27 -60 0
21 -10 -37 8 13 18 31 53 0
27 48 -39 32 -51 0
28 -54 0
24 -12 -55 53 -59 -45 6 53 52 -49 -53 0
30 -3 -4 29 34 45 46 2 -43 43 -3 0
31 31 35 60 0
3 33 -1 -46 12 0
39 -19 29 59 -23 2 8 45 57 0
5 20 29 29 33 0
-53 2
-55 3
