22 0
7 -15 1 35 38 45 23 -21 36 54 49 -46 -25 0
35 -38 -50 0
16 -60 11 17 27 29 38 5 -30 30 -39 -6 0
9 35 54 39 -36 0
17 -14 5 17 18 53 53 1 6 0
40 -4 -6 1 -16 48 0
23 -27 -6 1 41 20 31 3 8 14 24 50 17 0
25 28 48 55 55 19 46 0
46 -51 -59 5 6 11 15 16 0
18 -60 15 -37 0
46 7 -27 42 -52 -35 28 -45 1 1 20 33 50 0
44 -14 0
3 42 55 60 0
36 -5 45 0
4 -34 -22 14 39 43 48 0
0
0
0
48 -31 10 18 46 -14 -51 7 17 43 46 48 0
34 -33 -10 33 -47 -17 0
32 48 36 38 0
-2 1
-2 2
-2 3
18 19 33 39 41 42 48 51 56 0
20 -5 17 -59 -40 11 -17 -13 26 -50 0
23 30 30 46 59 15 34 25 27 18 46 6 10 48 0
28 35 52 -22 -14 5 57 -38 -17 0
9 12 55 16 52 0
52 -41 -59 34 -38 56 -26 -25 9 14 40 53 0
11 3 29 49 51 -16 0
52 -18 -13 0
15 15 50 20 52 -22 4 -45 0
4 24 25 25 27 0
14 -50 -17 8 13 36 45 16 -5 14 50 49 -55 0
54 -32 33 -23 8 -8 -37 0
8 -23 -14 1 -24 40 54 -51 -41 39 -25 -47 0
6 6 8 17 27 8 57 18 39 6 -58 46 0
33 -48 -33 25 -2 -34 5 -1 -38 0
28 -40 0
30 -15 -49 4 30 49 53 -28 0
8 18 28 32 43 6 -34 -32 17 18 60 48 -2 -57 0
0
18 -28 -43 29 -28 -47 0
-2 2
-2 3
