17 -10 -2 27 -40 24 -30 33 0
2 24 26 33 44 13 0
7 27 30 53 59 38 47 -59 -55 0
59 -55 4 -55 49 -60 -23 21 28 0
50 -2 -22 6 21 32 -25 -30 32 -27 -22 0
57 -16 46 -39 60 -47 0
51 -55 -33 0
0
1 14 21 29 58 20 -40 0
12 30 13 27 2 43 53 -12 0
3 9 27 27 59 -42 27 -1 0
9 27 60 1 -1 58 -4 0
17 23 51 52 57 0
21 34 -56 0
4 4 36 40 55 56 -9 -30 0
58 -27 52 -3 9 20 0
13 -58 -18 0
0
50 56 48 60 22 23 24 31 16 -52 -43 57 -15 0
50 -28 -29 28 37 56 26 -59 25 33 40 42 0
42 -10 15 8 -26 48 57 58 0
30 47 49 52 53 18 26 35 22 31 47 55 59 0
-53 1
-51 2
-51 3
9 20 22 37 17 36 58 0
12 14 34 46 9 -12 -44 0
37 -49 34 -42 44 -11 6 38 45 57 18 33 54 0
30 -27 30 -16 -37 0
7 19 41 59 -23 25 57 0
3 -46 3 -7 0
3 -23 13 -54 6 39 48 53 0
22 29 36 41 30 -52 -52 12 -35 -53 0
7 34 40 45 51 36 40 43 51 58 17 19 27 46 2 27 28 43 56 28 36 40 57 0
0
51 0
27 -1 -60 3 -58 -28 0
6 10 39 40 42 48 0
7 32 44 51 53 38 42 25 42 53 2 -27 -13 0
8 -7 -34 39 -55 -50 0
4 26 40 44 48 19 -13 13 36 45 53 28 -47 0
20 25 30 56 12 19 30 43 58 31 -7 -59 0
14 55 1 -8 -34 0
55 -29 27 -7 -28 31 -33 -35 60 -5 -8 0
42 -31 -5 3 22 27 -13 -34 0
-49 2
-50 3
