13 55 41 45 58 21 53 47 -40 -49 43 -49 0
42 -46 -1 0
5 25 52 22 -57 -22 41 -9 0
13 32 41 51 0
24 -36 -56 43 -56 0
36 36 41 56 43 -44 -49 45 52 -47 -30 37 38 39 43 0
33 37 41 26 -33 18 -11 17 19 24 45 36 -12 0
49 53 54 34 -38 0
17 -6 0
23 36 24 45 53 57 33 -6 -1 44 49 50 12 29 47 58 0
35 -3 16 40 47 57 -43 54 56 33 56 0
16 -36 27 -7 42 -4 -32 17 -22 34 36 51 56 0
25 -58 -23 0
22 28 0
50 -60 -50 0
10 16 30 41 52 19 -53 0
28 -32 0
16 16 31 34 4 17 40 3 12 20 24 39 12 -52 -16 0
53 -22 -56 0
56 11 34 44 47 51 0
39 -55 -37 49 -25 -42 17 25 53 0
57 -26 53 -36 28 -15 49 -27 60 -46 0
-2 1
-2 2
-2 3
1 32 43 54 -7 36 57 12 40 44 50 60 0
32 44 3 22 53 55 32 -14 -36 60 -59 0
40 -5 -35 13 16 46 53 54 4 -45 8 22 26 54 12 28 41 0
20 -39 -4 0
51 -21 -16 7 -32 -39 53 -21 -14 0
15 -54 0
20 -36 55 -10 0
12 26 34 0
59 29 -12 -36 0
27 -57 -35 1 18 36 40 50 0
27 -58 16 -22 3 11 58 0
11 -33 -14 45 -12 -48 53 -26 39 -40 0
0
59 -45 -23 12 -38 4 6 31 37 48 0
1 4 19 26 0
7 -42 41 -33 -13 40 -55 -57 7 15 35 55 0
9 15 35 12 -10 0
19 25 28 57 59 12 -31 58 -57 -55 16 -30 51 -39 -25 0
0
7 14 15 52 5 13 14 33 12 -1 8 33 42 50 17 32 55 0
-2 2
-2 3
