31 -57 5 8 13 20 23 31 34 48 3 6 13 49 59 0
57 -51 -28 1 9 31 32 58 0
43 5 19 26 41 53 0
8 -44 -35 0
24 -5 -59 16 18 48 15 -51 -29 0
58 -35 -49 58 -49 0
34 -54 41 -58 -36 60 0
5 19 22 24 26 12 0
5 21 23 23 45 0
36 35 -18 11 11 52 46 -36 29 0
12 16 50 54 39 47 56 48 -26 0
3 34 43 57 6 7 23 25 33 0
4 -13 0
2 7 20 57 58 16 -50 0
26 28 54 27 -21 15 22 30 41 0
21 -39 0
23 -48 43 -6 20 21 22 42 0
3 -48 -53 2 6 7 24 1 49 58 22 -43 -14 0
27 -16 0
55 -49 48 1 1 23 36 5 14 39 53 0
21 -31 12 -7 12 15 0
58 -29 45 58 59 9 29 31 43 57 51 -38 -40 0
-9 1
-9 2
-9 3
51 -28 0
48 -47 54 -3 1 -4 -15 32 -2 -22 0
46 -11 6 13 18 47 59 35 -54 0
0
14 48 -15 -52 7 -15 -3 29 -21 0
41 -7 45 -13 -51 0
5 12 16 45 46 7 46 59 13 -10 2 6 30 53 54 0
53 -48 -59 19 -55 -46 28 -7 0
3 31 32 10 15 28 47 6 -47 5 -44 53 0
38 -9 0
52 -13 -40 33 36 43 44 49 0
23 -16 -7 9 22 27 34 55 0
0
44 -60 -23 54 -24 -50 55 -56 -11 0
34 -38 13 -54 -22 14 20 35 41 60 0
10 -28 -36 5 41 48 -24 53 -40 -48 0
55 -21 -22 55 21 38 46 53 55 6 25 0
6 27 28 31 50 41 -30 25 -41 -33 0
0
30 54 6 -37 -19 0
-36 2
-36 3
