12 23 33 41 13 -53 -27 55 -48 -52 0
4 -31 0
24 31 10 24 51 53 44 -28 -34 0
9 30 44 0
6 26 29 39 53 0
18 19 30 37 37 -56 -58 26 -45 0
10 11 17 35 0
0
39 44 46 19 26 30 45 14 50 54 13 22 54 20 47 48 0
5 8 13 39 47 15 -44 0
29 -46 21 -32 32 -5 0
36 -21 7 15 22 41 6 41 50 40 -51 29 -24 -5 0
1 32 33 40 0
8 -21 -14 46 51 1 1 35 57 -42 0
18 51 7 17 18 26 41 18 0
0
53 -44 -8 1 -13 0
21 -1 -5 50 -16 -36 21 -29 -41 0
33 -37 -17 5 -7 33 -30 29 33 37 51 0
0
20 21 44 53 0
25 -22 -56 9 18 46 48 52 2 -4 0
-2 1
-2 2
-2 3
3 -41 -40 10 11 25 29 42 3 19 43 44 48 0
4 14 28 54 56 0
37 -31 -14 53 -48 -38 0
23 -55 0
19 -21 -37 47 -27 -47 31 52 60 0
59 -53 24 -49 -33 34 -32 0
43 -29 7 -26 -30 59 -25 0
18 -31 50 -33 27 1 1 3 17 45 9 0
12 19 25 47 54 0
44 -8 -3 59 -34 -38 0
17 5 17 42 44 0
9 43 13 -10 -35 54 -59 0
12 -47 -30 7 0
28 -35 5 -41 13 22 43 45 59 12 -50 -46 0
10 -15 -46 52 25 32 48 15 -42 0
34 53 60 17 22 25 14 35 0
0
9 -43 0
0
6 -28 7 26 43 45 55 3 -58 0
-15 2
-15 3
