3 52 10 20 24 59 3 24 27 50 51 0
40 2 38 51 0
9 -31 -58 43 47 56 0
18 18 27 40 41 38 -26 -4 6 15 38 46 0
27 -56 0
0
16 -14 -8 29 -51 -8 22 -45 16 -23 43 -25 0
56 57 57 22 31 51 -5 -9 49 -9 0
1 -13 13 19 28 40 35 -26 -53 34 -42 0
21 -48 -37 4 13 17 41 47 58 -57 -29 16 -5 -17 11 0
21 28 36 1 3 25 0
54 -20 10 -15 29 -28 -9 9 13 14 0
18 -43 -5 10 -39 0
5 -40 -30 13 32 20 -34 -5 47 -50 -25 40 -19 0
11 -56 -23 26 43 57 18 26 26 -30 9 11 19 0
47 -42 -56 19 -33 -27 43 49 21 41 48 48 56 28 -60 -11 0
24 51 53 0
59 -25 -3 0
49 56 11 24 29 34 -1 -22 55 -27 0
22 -25 -17 1 -12 33 55 0
41 -28 32 -51 32 45 0
36 12 32 0
-6 1
-6 2
-6 3
-69 3
-68 2
11 21 26 38 56 57 -26 38 -48 -4 0
53 -51 4 51 -22 8 27 27 36 59 32 -38 0
1 12 59 5 15 17 23 36 0
52 -26 -53 22 43 59 0
30 -11 -28 0
7 32 34 35 45 44 -34 0
45 -48 -33 10 -12 -9 0
14 41 46 49 0
7 28 56 0
60 -49 0
38 -38 42 0
0
43 -41 0
14 15 17 26 5 -40 -32 9 11 13 14 18 16 16 42 46 0
18 -24 0
10 -57 -57 17 36 0
2 -4 -45 0
42 -12 58 -18 -17 21 0
28 0
4 49 58 8 51 0
-53 2
-47 3
