50 -60 -39 5 13 27 38 59 9 -14 0
24 -16 6 29 33 43 52 1 14 21 24 0
0
48 -13 39 -42 36 -40 -12 21 45 0
13 -21 2 21 24 33 50 43 22 52 0
41 -35 -29 12 8 -19 10 -17 16 56 0
13 -28 -54 40 0
53 -54 5 -51 0
4 38 47 54 0
37 57 57 46 -57 -11 59 0
28 -20 -60 37 -23 0
15 -44 13 16 16 44 57 23 -45 -1 56 -33 -5 0
50 -45 -28 3 14 18 31 55 11 60 -6 55 -59 -6 0
6 23 23 55 58 49 49 53 42 0
14 -4 -2 39 -36 -40 2 26 37 54 7 12 36 36 15 25 25 37 0
11 12 34 45 56 0
4 17 20 25 39 60 -47 58 -57 0
16 0
19 43 -55 -6 31 49 51 45 -56 0
59 -12 0
18 34 39 57 59 51 -48 0
27 -26 -35 37 49 0
-29 1
-29 2
-29 3
4 -36 0
49 -6 -46 54 -46 -15 0
34 -58 0
36 -1 52 -37 0
0
10 -17 10 -20 25 48 60 0
32 -54 20 -12 54 -40 0
4 35 38 44 58 0
25 -49 47 59 0
36 -45 6 19 33 37 43 17 23 27 34 11 43 0
8 31 45 49 49 15 29 50 0
6 11 16 39 42 25 41 0
27 34 -14 0
8 17 25 53 0
59 -37 -41 58 -54 -16 7 -58 -22 8 17 20 24 20 46 53 0
48 -36 -38 0
52 -50 -60 32 -23 -5 0
29 -52 6 18 48 34 0
24 -11 2 40 47 47 35 -36 30 -7 -48 0
11 -52 0
-55 2
-49 3
