28 29 37 50 56 0
1 38 9 33 44 0
21 39 52 58 0
21 -12 0
30 -37 33 7 -13 44 -27 -45 11 15 21 51 52 0
41 43 48 60 14 37 50 60 0
21 -30 -15 0
56 -7 -50 5 20 25 36 44 0
14 -34 -14 0
9 33 1 47 54 57 20 54 0
59 -25 -46 15 6 11 21 37 20 25 34 40 60 0
0
31 -22 0
4 23 28 54 6 26 27 32 -55 -14 7 14 15 43 44 47 -10 -59 0
44 21 -13 -18 15 -56 0
22 -54 -12 50 -20 25 -56 51 -31 0
30 41 20 -13 -38 14 48 48 0
11 34 37 46 0
3 6 38 41 51 20 -42 13 17 25 48 10 -7 -49 0
2 -9 23 -9 -38 54 58 0
8 43 26 -27 -13 25 -22 -33 0
10 27 57 0
-11 1
-11 2
-11 3
28 37 31 -2 -44 34 40 50 0
20 -38 -19 18 -16 24 -55 -24 1 5 28 49 59 22 39 52 0
6 34 36 42 48 52 56 -1 -1 4 22 54 56 6 14 46 0
39 -9 0
12 12 39 0
3 4 31 46 20 -27 0
25 -26 14 60 0
22 34 1 0
3 7 12 23 32 1 -37 0
17 20 59 0
17 -16 -59 2 20 16 31 -47 0
36 -54 0
15 55 2 10 0
10 40 49 56 0
21 32 -2 -41 26 35 0
9 20 23 50 51 0
23 -46 42 50 0
51 -12 -59 16 9 16 39 42 0
24 33 45 57 7 22 52 0
27 -8 12 25 44 50 0
-18 2
-18 3
