3 4 6 40 47 18 29 29 30 39 0
26 -8 45 -44 -12 0
4 27 18 26 2 -2 -4 0
2 20 27 43 48 0
24 37 40 34 -23 -10 0
50 -13 0
23 33 47 59 23 -55 -52 2 29 45 47 6 18 18 25 58 0
0
28 -56 -15 16 19 21 42 47 0
0
5 44 0
4 6 13 35 0
53 -36 4 48 58 54 0
46 -4 20 26 52 56 -47 13 24 44 58 58 5 15 37 45 0
48 49 60 2 13 16 38 43 0
6 12 39 52 -23 0
3 17 50 -6 32 -3 -41 0
20 38 39 44 60 33 38 38 50 0
1 -50 51 -36 -47 0
0
9 16 29 39 57 14 48 50 0
37 -41 -11 21 22 55 16 14 21 23 24 2 5 6 53 55 0
-6 1
-6 2
-6 3
40 46 58 58 59 0
31 51 7 -27 6 33 36 51 55 0
7 9 46 0
13 17 37 0
5 20 6 -58 -43 1 29 39 47 27 35 41 41 60 54 -58 0
9 34 50 53 54 42 -48 -41 19 -56 -8 37 -13 -28 0
1 7 11 13 24 56 -20 0
4 -20 -14 14 20 32 40 0
12 13 16 21 21 0
48 -34 -48 19 39 -22 -15 21 25 34 47 60 0
9 39 42 48 0
57 28 31 43 0
55 -6 59 0
51 -36 19 -43 -31 5 11 0
17 22 42 56 59 0
9 12 32 33 2 18 29 35 55 1 6 9 11 12 -23 -32 55 -21 0
27 -10 57 -21 4 22 24 51 0
15 37 45 56 1 -31 -57 1 34 43 0
25 -30 8 16 23 50 0
44 -10 21 -3 -37 0
-9 2
-9 3
