55 -55 -31 0
2 5 10 29 44 27 -52 -5 47 -29 0
19 53 0
15 24 30 34 49 0
45 -17 5 26 0
57 -41 -20 8 21 28 43 45 0
15 -29 -35 46 -19 -20 34 39 29 0
40 -56 0
56 -36 17 -11 0
44 -20 0
17 -50 0
6 11 13 22 0
14 40 41 56 -47 0
6 7 17 55 0
0
24 -3 20 -46 -31 40 -60 -25 16 -39 6 -20 -16 0
16 25 46 55 -60 25 8 53 5 32 44 60 0
6 23 37 32 -44 -36 24 45 0
13 23 25 32 8 -27 31 -7 -37 2 17 33 0
5 8 26 26 53 26 -47 -27 53 -33 -45 0
0
41 41 57 13 50 54 58 60 0
-2 1
-2 2
-2 3
1 -43 -37 4 -53 -50 32 -52 13 -25 12 19 25 34 47 0
27 -16 0
9 -55 -14 26 50 53 37 -56 -17 59 -30 25 0
6 16 -54 -51 12 48 0
3 31 35 36 46 6 48 49 51 53 0
60 4 21 35 36 60 28 50 50 53 60 1 7 36 52 59 0
16 36 38 2 8 8 11 0
5 -5 -46 0
10 17 25 37 11 60 55 -10 -9 56 -59 -35 0
30 -6 42 25 -48 2 13 18 43 60 33 36 45 55 59 0
23 53 27 28 59 10 23 45 0
13 14 30 43 45 6 10 14 25 45 0
39 54 17 -12 53 -31 -39 21 -38 0
18 -53 0
0
5 -46 13 57 44 -34 -37 8 -16 -13 0
58 2 15 50 56 -18 0
38 -21 -18 0
5 0
57 -32 -56 22 32 51 60 14 -55 13 29 -46 -43 0
-53 2
-48 3
