35 46 57 22 -46 -56 0
37 43 -26 -41 0
39 -26 -24 57 -40 -51 47 4 4 13 21 41 -18 -35 0
17 41 60 0
9 23 52 25 -19 0
18 10 -40 27 -57 -58 0
24 28 58 1 2 10 35 40 0
50 -2 -16 34 0
15 58 -52 -7 0
16 41 45 46 57 17 29 30 30 40 0
15 -33 0
4 6 7 7 26 0
6 22 40 45 56 35 58 48 -1 -42 40 -17 -25 0
49 35 -9 17 21 24 51 56 43 -46 0
3 38 60 0
3 -15 -45 31 -42 21 0
42 -18 0
37 0
9 -17 40 41 53 -60 49 -47 -52 10 39 46 59 0
31 -10 0
31 -55 3 24 44 32 -43 0
8 23 33 0
-4 1
-4 2
-4 3
45 -50 55 -15 -36 6 18 25 29 32 2 45 0
17 32 27 -30 -44 9 0
10 18 41 2 10 27 54 34 45 47 54 39 -23 -5 46 -2 -19 0
11 57 58 3 -31 -14 2 5 13 25 35 0
42 -19 31 -57 -52 0
36 59 0
8 13 36 53 55 0
56 57 13 -35 13 48 0
13 21 29 30 55 1 52 0
27 -18 58 -15 -41 0
32 -48 48 -4 -49 0
0
2 15 24 29 47 47 -20 5 -4 41 -11 -6 0
34 40 41 -55 -57 28 33 50 59 59 0
29 42 56 0
60 -54 0
2 29 36 0
25 -32 0
35 -56 -33 16 50 35 43 47 50 14 -37 -26 0
21 21 32 45 47 8 28 41 56 26 57 32 42 0
-11 2
-11 3
