6 10 24 27 41 -28 -38 0
52 58 18 29 36 49 58 29 -51 -59 0
19 53 57 3 28 47 48 58 25 -24 -55 0
47 0
55 -46 -54 54 -3 -48 25 -47 -25 15 -24 -55 0
11 13 36 38 51 29 60 14 -57 0
56 -45 13 -52 -9 39 -2 -49 53 -9 24 27 33 47 54 0
0
59 -14 0
25 -21 42 -26 -10 47 -36 -30 0
0
9 -53 -38 0
11 -51 0
36 -18 1 -28 45 -14 0
14 -44 -58 34 -46 20 26 36 39 60 52 -56 -41 0
34 -50 -4 14 -21 -58 0
20 -53 -2 26 3 18 35 60 0
2 46 47 48 31 -8 15 39 48 -59 -45 3 -60 0
0
2 10 15 13 30 34 42 44 3 -3 -58 26 -2 0
21 -32 -60 3 3 6 34 59 0
14 25 54 8 -26 -10 14 -28 0
-3 1
-3 2
-3 3
-67 2
15 36 58 54 -15 50 -23 0
28 43 56 13 22 32 34 55 18 -57 0
43 -48 26 -12 -59 28 55 57 36 -54 0
1 5 29 34 47 40 -17 0
0
44 -54 8 -56 -24 0
14 18 23 46 48 0
59 -15 0
49 57 35 30 0
26 33 59 60 0
27 -15 -58 0
37 -46 8 -10 5 21 22 23 55 0
4 -53 28 -18 -46 18 41 48 57 60 0
57 -19 58 -9 36 -13 -60 0
7 30 53 46 -45 -49 2 7 16 27 40 -32 6 28 32 37 45 0
2 8 31 54 30 0
11 15 27 30 54 0
0
14 32 35 31 -35 56 -14 27 -59 0
18 23 0
-16 2
-16 3
