44 -57 -12 51 -21 -33 44 -15 -30 14 -13 -21 50 -38 0
30 -5 -45 51 -19 59 -31 -35 15 0
9 20 32 44 44 8 10 0
46 -29 18 30 31 32 49 4 21 38 51 58 50 -48 -3 0
50 59 1 6 9 32 54 -14 -42 18 0
43 32 49 39 -35 -38 11 19 0
10 15 49 57 34 54 26 -37 -10 6 8 47 60 0
9 -60 2 6 18 36 41 0
18 -35 -36 11 33 38 45 -46 1 15 22 26 36 13 -43 -11 0
49 -35 22 1 31 35 50 53 44 -6 -11 0
7 15 60 50 -57 -43 0
55 -51 -34 0
58 -19 42 -5 -51 1 18 34 51 9 -6 -50 0
18 -55 58 -16 5 26 50 0
43 6 9 14 47 55 0
58 -46 12 -56 -44 27 -25 -6 0
1 5 35 42 11 -23 -17 0
46 52 0
55 -8 -51 3 33 38 47 45 -54 0
30 15 -9 -25 0
22 -34 -46 14 51 58 0
26 38 46 53 1 7 53 -13 -40 6 55 0
-12 1
-12 2
-12 3
-68 2
1 -6 0
20 31 52 11 -42 -3 46 58 30 0
20 -51 -54 0
24 3 38 39 42 0
7 19 23 32 0
0
42 -2 44 -14 -8 8 -19 -1 45 0
22 48 0
51 -10 52 21 22 31 44 49 -2 -45 4 29 0
0
53 -31 2 36 49 52 53 0
23 29 33 9 -2 -57 0
41 -36 9 -42 -53 60 -23 0
0
4 -42 0
1 23 29 52 58 -55 -15 13 53 56 25 -52 0
35 -44 0
27 -31 -38 14 -32 -55 23 -56 -12 56 -6 -45 0
21 -27 47 -9 -22 0
49 -10 -30 24 0
-15 2
-15 3
