7 17 18 1 49 0
38 -8 0
29 0
56 -15 -21 50 -38 -49 0
9 -24 0
32 -2 -17 27 -44 -28 0
25 0
2 35 35 42 43 17 -49 0
32 0
19 25 0
39 -51 25 -15 -50 38 -14 0
0
29 34 54 54 51 17 -58 44 -3 -21 0
4 -24 -23 57 -43 26 -39 59 -60 3 0
53 -17 -59 6 52 57 11 20 34 13 -44 0
15 17 38 40 0
35 46 53 55 58 25 -26 -38 14 38 60 34 44 49 57 60 0
9 31 48 0
26 29 49 50 59 11 26 29 36 0
17 4 6 7 10 50 7 -60 0
8 -48 -53 5 -32 -42 0
26 36 36 45 57 16 -6 -38 0
-11 1
-11 2
-11 3
-66 3
27 48 0
4 -55 -9 0
10 -36 -58 59 -8 39 -47 -57 0
38 -9 14 31 60 30 -45 -26 7 17 42 56 0
57 60 22 40 9 24 30 36 52 6 46 0
20 -46 -24 12 -45 -31 48 -2 -56 0
23 -57 28 39 54 60 0
34 39 42 60 -35 14 17 18 32 34 0
24 -16 -44 14 25 42 45 0
6 10 22 54 57 15 54 -40 0
0
37 55 57 5 -13 -47 13 41 42 20 -51 56 -4 0
59 -2 -39 41 -21 0
26 -49 33 -40 11 54 0
6 46 51 59 0
57 -41 0
1 1 16 44 17 -7 -9 0
5 29 31 35 60 25 42 -31 43 -9 0
16 17 20 42 44 6 -39 -28 25 -41 0
57 -6 9 -3 -36 0
-48 2
-48 3
