3 -29 1 13 14 40 44 -7 -17 9 0
45 10 12 17 24 0
59 0
3 -10 0
8 -54 32 33 39 2 3 9 16 21 58 59 -52 -24 0
10 -22 9 20 4 15 24 0
7 54 -10 4 14 20 21 31 0
41 11 28 54 31 41 42 46 0
23 -46 24 -36 -4 16 40 42 27 0
2 27 43 59 6 18 39 27 -31 -37 13 24 26 39 21 -13 0
1 4 24 52 57 25 -20 12 31 32 23 -57 -59 0
7 17 21 27 53 57 -12 -37 21 33 60 0
14 -25 -45 20 -38 0
33 -27 -56 58 -43 -33 35 51 8 -4 -16 27 38 0
48 -46 -20 0
42 -17 -50 0
59 -53 38 -54 0
22 -10 42 -5 4 18 27 51 54 0
12 -15 27 -6 34 0
21 21 15 -1 9 -46 19 38 0
37 -47 -23 4 20 26 43 48 34 -7 0
1 -5 -54 29 5 -37 16 40 49 50 58 31 -25 0
-49 1
-48 2
-54 3
-69 3
34 -10 0
11 -47 -31 0
9 -56 1 19 27 33 0
33 -10 11 0
21 -7 0
25 34 38 15 -34 0
16 52 2 5 20 23 41 26 -34 0
56 -20 25 -20 0
16 26 55 42 -31 -53 0
1 1 4 15 18 9 14 0
41 -47 0
21 -16 -10 6 11 19 21 33 35 -20 21 -6 0
52 -2 -16 45 54 0
32 -50 -36 10 20 23 37 60 0
10 -53 -39 16 27 40 41 5 40 46 52 11 17 18 24 0
9 34 51 41 5 0
51 -53 -32 0
11 -21 0
58 -11 -45 16 23 42 47 55 28 43 13 42 35 -8 0
16 -28 -30 0
-54 2
-55 3
