0
8 26 -60 -14 5 44 45 -45 -14 8 0
43 -18 -17 22 51 0
27 -47 16 -41 56 -38 37 45 0
26 -60 -48 0
40 46 24 37 40 2 0
59 -48 11 14 19 44 27 -40 -29 0
16 -14 -14 41 -41 -9 9 -15 -7 0
12 12 25 51 0
0
14 15 43 41 -11 -30 4 -11 -24 0
55 -14 -4 7 -55 -5 24 28 45 46 0
22 -39 -6 14 51 50 -43 56 -36 -13 0
14 19 37 5 -15 0
47 -15 -45 41 57 7 -40 -48 0
1 -8 -8 17 -52 0
12 -17 0
5 -42 -41 51 -26 -45 0
42 -24 -9 39 -51 -24 37 -10 -9 35 47 56 58 34 0
41 50 -47 -5 0
23 -19 -36 27 52 52 -12 0
37 42 31 -44 -37 27 49 60 1 34 36 32 45 0
-2 1
-2 2
-2 3
-67 3
3 12 19 43 47 32 -54 0
10 19 49 57 8 -22 -37 18 43 0
15 -46 18 43 55 57 1 23 33 3 16 34 36 44 52 -15 0
1 -14 43 -45 -13 11 28 39 54 0
21 -26 38 55 0
14 -20 -27 0
33 -24 11 31 48 50 51 12 16 20 26 33 0
25 -27 45 -51 45 -57 52 46 55 0
10 18 0
23 0
18 24 32 46 60 3 16 41 49 56 0
19 -32 -2 3 10 34 36 60 43 -34 0
52 -56 -17 0
49 -2 -4 53 -26 -6 25 -38 24 -59 0
21 -34 58 -2 -14 7 -25 0
59 -51 33 -29 -16 6 -34 -35 11 -29 4 -1 -50 0
9 24 50 55 59 28 -40 -54 45 -11 -35 5 6 8 58 0
14 33 50 58 29 39 42 52 60 0
50 -52 -27 0
17 -20 16 22 45 47 58 0
-51 2
-50 3
