0
16 -3 0
48 12 -47 31 46 52 -44 -21 8 19 49 54 0
17 -56 28 43 53 55 38 -54 37 39 43 53 -43 -8 0
10 -23 -55 45 -45 46 -16 -17 44 -46 -43 19 -58 0
3 19 26 41 60 16 57 41 -41 26 -31 -15 0
4 9 12 44 46 11 24 -33 54 -25 -59 0
1 19 37 49 58 0
8 12 29 18 -34 -16 26 -23 26 0
43 -30 -13 7 -4 -3 0
39 47 48 55 58 10 14 36 38 48 0
4 11 -36 0
57 -5 -14 19 -22 -52 0
45 -9 -39 20 -18 27 -28 10 -3 0
0
57 3 17 53 57 0
54 -7 -18 2 -49 0
6 52 55 29 -38 0
14 45 16 24 44 45 57 -49 -14 14 37 42 0
9 12 15 16 34 18 -53 -20 15 28 48 51 51 17 -40 0
16 -25 -14 55 -29 -47 0
3 3 42 55 6 -22 -33 40 48 15 20 41 0
-4 1
-4 2
-4 3
17 -5 -57 20 21 26 46 49 37 0
17 28 59 60 1 45 58 58 18 29 35 42 47 0
4 -25 -8 1 14 46 56 0
0
40 -55 -27 1 -1 20 0
6 41 0
6 -2 -19 0
19 48 23 -50 24 -35 -39 23 31 36 5 29 29 32 42 0
8 17 17 22 35 26 -51 -41 15 59 0
29 40 39 -45 -38 1 49 59 18 -6 0
24 25 46 52 0
54 -48 -29 18 -57 -21 0
11 13 15 22 30 30 -17 -51 21 35 41 47 57 9 38 -30 -8 0
38 39 41 0
31 40 45 55 0
26 -39 -23 0
7 7 42 8 -14 0
30 -40 21 -48 -14 25 -47 0
14 15 58 55 -48 49 -32 -45 29 -59 0
29 37 39 39 11 11 28 14 60 8 -21 30 -27 -58 0
-51 2
-55 3
