2 17 40 51 51 58 7 -46 55 -47 -4 0
1 11 52 56 49 -29 -56 7 14 17 49 57 0
57 25 33 -35 37 -6 -49 0
12 18 34 52 4 17 17 7 52 54 0
36 -25 -58 60 -26 4 9 23 -31 -52 3 23 37 59 0
35 -14 -21 33 60 0
43 34 2 -16 -7 57 -15 -56 15 59 0
35 35 36 44 0
26 28 43 0
15 -10 35 -47 3 -30 -43 0
19 -48 0
33 51 60 0
12 -22 0
6 14 27 42 46 44 -14 18 12 17 18 24 32 36 0
37 40 51 53 56 3 4 26 12 15 20 23 58 26 -52 -23 5 29 40 45 51 0
0
3 17 -4 -58 59 0
24 0
58 4 26 32 33 34 0
6 13 12 30 32 44 39 0
4 -50 -29 0
5 15 14 -46 -35 15 25 58 60 18 24 47 43 -45 0
-7 1
-7 2
-7 3
-66 3
22 31 38 41 56 10 -42 0
10 17 48 56 2 -33 37 -26 -15 0
51 42 -56 -51 25 -6 -14 6 38 38 58 0
13 -9 3 5 24 -20 -14 26 -53 -6 0
47 -54 -3 18 19 41 56 3 7 24 47 55 0
12 -23 24 36 37 52 60 49 -5 0
9 28 29 57 0
17 27 41 45 60 0
6 -46 0
7 -15 -35 0
7 12 16 3 6 35 49 0
56 -25 60 -2 -35 1 -21 6 -37 0
22 46 0
52 -20 -41 0
21 21 21 57 40 -41 0
34 -28 15 -36 0
34 -1 -8 60 -43 49 -17 34 -53 0
55 -52 60 -24 59 11 37 41 46 0
59 -19 -6 49 -42 -60 2 8 13 44 46 53 -59 40 0
41 -59 55 2 -33 -57 39 -15 -39 0
-47 2
-48 3
