34 -1 1 17 29 40 57 54 -36 8 -55 -19 21 58 0
22 -2 -4 0
33 37 57 4 5 32 43 22 45 0
1 14 57 32 -43 0
57 58 5 15 43 4 22 35 39 59 17 44 45 46 50 0
26 0
47 -1 -9 17 18 44 57 60 0
46 59 54 -4 0
2 41 59 0
12 13 31 32 19 32 11 43 0
3 -45 30 -17 0
14 15 57 18 48 54 57 0
14 -43 -1 57 -19 36 -51 0
36 -13 -58 0
32 -35 -46 0
45 -51 56 -34 0
44 58 2 -8 2 -5 16 31 47 42 -42 0
23 -16 -13 3 -24 48 -44 0
4 -23 -44 27 0
32 -26 0
6 29 -11 8 -1 -3 28 38 41 25 -53 -23 0
9 15 55 16 20 29 49 59 0
-22 1
-22 2
-22 3
-66 2
9 -24 -18 1 23 26 56 57 18 -52 -19 18 -56 -45 0
22 34 43 0
36 -46 0
4 8 13 23 52 48 -54 -16 0
10 19 46 14 23 33 47 45 -25 -45 58 -9 0
20 0
25 -19 -30 5 53 2 38 54 0
36 -11 0
10 24 33 0
14 50 58 8 -15 52 -21 0
13 43 -41 -4 1 2 21 23 0
12 -17 28 40 0
33 -1 6 -29 -28 3 7 19 4 -35 44 0
44 -11 -40 26 32 44 53 15 0
26 -35 2 17 20 29 47 47 -54 -29 0
34 -13 0
11 23 25 28 35 0
9 -32 -35 52 -22 -1 0
26 -1 -46 44 -58 -30 0
33 45 47 48 0
-49 2
-50 3
