35 -35 -34 0
12 17 23 49 -32 -53 0
49 55 -20 0
52 -15 12 24 34 37 60 0
19 24 38 43 57 0
58 38 3 -38 -33 0
29 34 46 55 14 -60 -12 0
10 -43 -44 2 13 33 42 59 48 -21 21 -49 0
15 26 31 56 16 20 31 58 18 52 52 59 0
3 14 38 39 58 54 -35 10 13 18 20 -25 -54 17 -59 -11 0
50 -12 -14 21 59 0
53 53 -58 -33 23 0
4 7 18 51 7 45 53 37 -43 -38 0
13 -55 53 -2 14 -47 -27 0
29 -59 -32 0
9 -50 -57 9 -52 -42 51 -23 -59 0
18 -57 -30 7 11 14 23 57 0
28 -34 -4 52 -27 -53 0
22 47 0
41 -57 21 -6 -21 0
0
53 -7 36 -53 -34 0
-2 1
-2 2
-2 3
26 -28 25 -25 0
51 -50 15 -11 0
40 -56 -12 5 12 45 53 55 5 -17 0
12 -10 -8 37 56 47 -15 -49 0
29 -14 41 -8 -32 11 -55 -45 0
34 -31 -58 42 45 46 46 17 -56 -20 27 34 59 59 12 17 24 59 60 0
16 33 39 43 48 23 60 0
18 -45 -53 0
43 -46 4 0
25 -2 42 -60 -24 13 -29 0
9 24 26 28 45 24 -23 0
0
1 6 13 21 4 4 6 30 53 7 22 53 0
30 0
1 -13 -7 15 20 22 25 41 14 -29 0
5 -45 -7 0
55 -10 14 -54 -57 0
1 -26 41 -42 11 0
54 -11 -46 30 -14 -45 19 -28 34 -40 -16 0
51 60 5 -8 57 -18 -11 0
-7 2
-7 3
