17 -33 12 -27 -44 0
48 -14 -37 0
26 50 44 -16 0
34 -22 21 23 -44 -59 0
9 -9 -28 18 -35 -2 18 -54 -53 0
19 40 43 56 16 -11 -14 0
15 30 48 52 9 -31 -60 17 -43 22 -46 -17 0
15 23 31 49 51 39 -55 -22 0
29 43 4 19 28 58 3 10 25 -1 -42 0
43 43 5 39 0
15 -50 -18 57 0
8 32 45 53 59 56 0
19 -35 34 -32 0
3 38 42 55 60 15 -24 56 -60 -42 50 -24 -16 0
8 -27 45 -26 -37 10 7 -55 -27 4 10 19 33 0
44 -27 25 -48 -10 0
39 48 55 0
7 18 27 47 -31 -34 0
35 -14 42 0
25 -20 21 47 51 56 0
27 -14 29 38 39 40 34 -20 34 -59 0
51 -58 -18 0
-2 1
-2 2
-2 3
5 -58 -29 0
54 -10 11 27 58 0
22 -48 -23 0
6 -14 -19 17 -39 -7 0
10 39 41 49 31 -7 -55 27 -57 -7 37 -34 -11 0
28 -41 -3 48 -5 0
8 -54 -36 3 -32 5 -59 0
20 27 41 43 3 31 34 39 -18 55 -49 0
24 -10 21 47 0
5 -53 -3 31 -12 -56 17 22 0
6 -37 55 -21 47 -4 32 -18 0
42 48 60 16 -46 14 31 8 10 14 44 0
51 55 8 35 38 -15 -2 0
50 -22 -40 0
18 -55 3 -54 -57 0
6 11 12 58 53 -37 0
1 -15 0
8 -57 -16 26 -22 33 -5 12 48 -19 -2 0
51 48 -46 -36 4 0
43 52 55 28 -26 0
-2 2
-2 3
