11 -10 -38 24 -17 40 -20 25 26 50 0
50 -47 8 -22 31 -50 42 -40 10 -37 0
39 -20 -34 7 59 0
34 -48 -29 0
31 5 16 19 51 22 28 47 53 57 3 -20 51 0
39 58 -34 -51 0
49 2 34 0
58 -40 -9 6 32 0
0
17 20 50 26 46 2 18 18 25 34 57 -14 -40 40 -20 -24 0
54 -26 -5 5 -46 -41 23 43 44 59 15 -2 -37 7 14 35 52 0
1 7 51 40 -54 -41 5 15 5 22 38 0
53 -43 -43 10 14 44 -36 -40 0
47 -46 18 33 43 51 56 6 20 36 52 23 0
37 -17 37 0
11 53 53 -13 -7 2 11 13 39 40 25 -53 21 28 56 0
1 -40 25 -5 0
27 -16 -57 0
0
34 -2 0
44 -6 35 -55 -6 0
42 -16 41 -58 -3 20 -54 1 2 28 0
-3 1
-3 2
-3 3
-67 2
57 -47 -35 0
7 13 21 42 51 20 -28 -7 10 -10 5 52 0
39 -25 10 -37 -26 15 26 32 58 60 0
59 -10 -52 8 -4 -37 5 8 20 25 31 0
7 0
16 -33 13 -59 15 21 42 49 57 0
4 44 7 -57 57 -28 34 -35 -54 25 -12 0
7 11 30 47 35 -3 53 -38 37 -41 -30 0
60 -9 46 -59 -43 0
23 -45 -39 3 -39 39 51 0
0
12 -57 46 -50 -8 53 -7 -53 23 -39 0
10 -59 -48 52 -23 47 55 0
29 -45 -2 0
6 -37 58 -44 -14 0
5 11 27 38 24 -46 -39 0
8 -32 36 13 33 44 0
56 11 -45 -59 0
17 24 0
17 -36 45 34 42 45 0
-8 2
-8 3
