20 60 14 22 33 2 -56 52 -25 7 -46 0
6 7 11 20 26 40 0
48 -31 6 27 33 47 57 33 44 0
16 30 57 0
9 -55 -12 7 -20 -30 33 -24 -29 0
48 -6 -7 37 -60 41 -43 -14 2 -5 -4 37 -26 0
21 -39 40 -15 24 -52 35 0
5 16 17 35 2 19 25 41 46 0
21 -12 -5 24 -7 -56 14 -11 14 43 49 54 55 0
3 -13 -31 42 12 22 22 32 36 0
10 -58 -37 44 26 35 50 53 43 -1 34 -54 0
12 -6 9 14 28 29 42 -18 -30 8 59 6 28 49 60 0
37 14 36 5 48 48 0
25 0
18 -32 0
21 -44 -36 11 1 6 1 -25 -36 0
37 8 -38 0
31 45 46 55 0
25 29 39 49 50 3 45 29 38 57 36 38 50 57 0
0
35 39 44 53 0
12 -10 -41 49 -1 -46 0
-3 1
-3 2
-3 3
-68 2
46 49 3 -60 -4 9 52 0
8 47 15 32 33 60 8 -33 -16 52 -57 -50 0
1 8 33 58 6 -46 -18 16 22 25 6 21 0
4 8 28 29 35 44 5 11 28 47 49 0
0
11 20 35 55 23 29 32 14 -55 53 53 -9 0
54 45 -40 -33 50 -27 30 37 45 0
9 50 0
7 21 30 45 28 46 47 54 0
6 27 48 23 -20 -32 34 -57 -33 0
2 13 19 33 0
33 42 47 55 60 4 11 30 45 0
27 50 20 24 11 50 -39 22 47 57 0
38 -31 -13 13 27 27 37 40 19 25 33 51 55 0
24 -41 53 -35 0
59 -38 0
0
18 47 49 53 60 0
10 29 51 53 57 0
43 -21 -59 8 9 11 32 23 46 50 15 -43 -55 0
-47 2
-53 3
