10 -14 -43 2 13 13 41 57 -48 0
43 -30 0
38 -30 54 -5 18 19 19 32 0
32 -12 22 -14 33 -31 0
16 -28 -5 6 -4 3 -6 -59 0
21 -38 0
40 -16 48 -57 -7 45 0
54 -26 -49 50 -34 -56 0
9 -6 20 -20 -49 0
53 -2 -48 0
18 -14 31 -4 -22 0
42 -53 20 -60 -17 48 -4 -20 21 -6 19 49 0
45 -58 1 9 13 19 48 59 -34 4 0
42 -22 -16 24 -59 10 47 54 -15 -20 0
11 16 21 59 59 29 -25 13 -37 2 14 19 21 26 56 -53 0
39 -40 29 -40 -37 0
29 -51 -9 0
35 -14 -52 1 -6 -9 47 -27 10 -50 -30 0
32 39 52 53 16 22 42 10 13 37 41 1 0
2 17 45 46 45 -5 -40 12 28 46 0
15 35 52 6 30 34 35 0
13 -31 -50 48 -43 -35 0
-4 1
-4 2
-4 3
-66 3
46 57 -15 -24 0
2 -48 -44 0
22 49 -50 18 -38 -27 30 -56 27 -29 0
0
50 -44 -51 2 -60 4 30 45 51 51 0
17 -24 -45 8 48 48 9 22 27 43 53 0
38 -2 -55 34 -26 30 -2 0
25 46 46 -54 25 37 59 11 24 29 49 0
35 -9 54 -19 -54 0
0
1 21 3 44 26 -8 0
45 -39 0
6 9 20 54 7 -33 35 48 55 57 58 6 21 52 55 55 60 -20 0
3 10 39 28 20 -40 -14 0
1 12 31 33 37 0
33 -50 42 -46 33 57 60 36 37 0
8 41 56 -12 8 -7 -37 26 -14 -51 0
38 -5 0
45 -34 0
44 -2 22 28 49 47 -32 -12 46 -5 -6 0
-4 2
-4 3
