50 -34 0
12 14 24 45 49 40 -33 0
14 16 37 38 -30 0
28 -40 31 -13 -7 0
11 12 14 39 17 19 47 0
5 13 50 0
37 38 0
6 25 48 12 16 25 34 40 2 9 38 43 50 28 31 46 51 24 -34 -32 0
34 -20 -34 0
39 -20 0
39 45 54 57 10 12 18 35 4 17 23 12 51 56 0
8 -31 12 -4 -59 11 16 19 51 54 0
57 -35 -32 37 60 37 -44 5 -50 0
43 54 36 -18 -11 9 -57 0
43 4 23 43 9 14 41 60 0
10 -2 0
5 6 30 34 6 -54 0
21 -29 44 0
15 45 58 0
22 -10 -39 57 -29 13 -53 -41 0
11 16 21 29 39 0
18 -57 -24 51 -8 -20 0
-2 1
-2 2
-2 3
42 -24 -60 6 19 30 41 46 0
2 31 41 44 47 0
2 -38 17 -19 0
14 -36 -43 33 -59 18 -49 0
41 -11 -22 0
0
36 45 54 49 0
0
58 -52 32 0
59 -9 43 -8 0
24 -28 59 -37 -52 37 3 22 24 28 39 -44 0
18 -19 -53 1 -44 12 -34 20 40 41 59 60 1 23 43 52 55 0
10 12 35 56 34 -26 18 38 49 55 60 0
6 -46 -4 24 43 29 43 45 52 48 -36 -4 59 -53 -31 0
53 0
45 -43 39 -47 25 32 45 17 -58 0
8 58 10 -55 3 23 30 32 0
0
58 3 -19 -37 59 -38 -28 14 -41 0
20 -26 45 59 0
-6 2
-6 3
