47 -26 -52 2 17 25 0
17 -41 -37 4 25 41 42 39 -46 13 -15 -28 0
13 -41 -45 0
0
13 -9 2 10 20 24 57 0
20 22 42 48 34 -3 0
14 15 29 47 53 37 -13 49 54 -22 -32 54 -37 0
19 49 49 51 0
16 -37 -38 0
56 -17 -53 13 17 45 23 44 47 47 6 -51 -32 0
29 39 -10 40 41 43 52 58 0
42 44 0
11 26 -14 12 -31 30 -38 -1 4 12 33 0
46 -4 -23 35 -42 -30 20 31 31 34 57 1 40 56 0
53 3 4 7 24 32 49 -40 0
19 31 -40 -42 14 -15 47 -49 0
25 48 56 58 24 -27 8 -9 0
33 -6 53 -53 0
7 -9 -58 54 0
26 30 31 45 51 9 -25 -31 8 39 46 22 -2 -54 14 -11 0
13 23 5 15 41 34 -8 -4 52 0
30 35 41 46 58 44 -51 20 -60 0
-17 1
-17 2
-17 3
1 11 28 36 57 31 0
0
5 -3 13 -56 -11 37 -43 -22 1 29 0
50 -13 8 18 21 29 32 0
3 -27 0
18 33 37 0
49 55 -49 -19 1 17 35 59 20 -38 -58 0
24 -36 -22 0
26 -33 20 39 41 43 0
56 -37 48 -44 -50 0
43 44 33 -44 0
44 19 -42 9 13 48 0
1 -12 -35 0
51 -20 22 -15 0
1 34 0
24 41 53 8 19 36 0
28 -23 -31 29 10 14 18 35 48 8 10 21 40 47 0
33 -25 17 33 47 53 55 4 -5 -30 5 -46 -16 0
28 -7 0
9 23 27 30 0
-56 2
-54 3
