17 52 44 -13 41 -24 -46 0
47 -25 -2 49 59 11 -42 -48 0
5 48 26 28 37 38 46 26 54 57 58 59 60 -22 0
21 -54 -24 1 0
39 40 0
30 -15 -46 0
28 -56 21 53 7 22 27 51 10 -31 -20 0
21 -58 -41 50 -21 8 -12 0
12 -42 -44 15 22 37 53 46 -29 0
49 -12 8 0
22 -12 25 -10 16 -32 0
10 23 25 26 30 5 11 30 58 0
23 -3 -53 35 -24 0
36 -44 -29 33 0
34 -30 44 -25 33 49 -4 -36 55 -40 0
4 -54 0
44 -3 21 43 60 37 -57 -11 19 25 44 59 0
11 46 46 51 58 15 29 51 24 -47 -8 0
23 -23 11 -17 -47 21 37 0
1 34 -11 13 30 31 39 47 33 38 45 40 -21 -19 0
2 4 8 13 20 1 33 0
38 -32 1 -41 -10 17 27 32 46 0
-2 1
-2 2
-2 3
-66 3
-66 2
0
17 -15 -31 10 39 0
54 -28 -48 12 36 11 -59 -39 0
44 -42 16 17 37 52 0
38 -29 -4 40 -42 -14 26 -52 58 -13 0
5 45 50 15 -1 18 32 45 51 58 26 60 0
2 -59 -52 31 -37 -38 0
4 -13 18 -32 47 -29 7 -48 -6 0
31 -52 -32 15 19 19 45 48 17 27 53 56 0
53 -1 17 51 59 23 35 48 57 53 -39 -3 0
4 24 36 48 51 44 -10 0
4 44 54 58 26 48 -50 0
3 45 56 38 -20 -46 47 -48 0
12 -32 10 -56 -17 31 52 57 43 6 -38 0
7 11 36 55 0
34 36 49 58 24 -24 0
0
43 -29 0
31 -15 -37 47 -30 -8 48 -32 31 -18 -28 3 10 43 49 58 0
57 -50 -26 0
-8 2
-8 3
