15 19 4 -41 51 -36 45 48 -49 0
20 34 0
32 -15 14 -14 -53 0
0
15 -11 0
45 -31 11 49 54 60 3 4 22 30 41 5 33 57 -45 0
17 22 34 22 22 22 24 50 16 -4 30 -23 13 -40 0
11 -50 -25 41 -20 -50 46 42 50 59 28 -57 0
0
56 -59 -25 2 41 3 -56 8 36 59 38 52 0
26 51 8 60 0
19 21 37 43 0
23 24 42 24 -47 -49 54 19 20 20 29 32 0
10 2 -54 -23 55 -11 0
1 30 -31 -20 0
16 16 41 45 20 33 35 2 -30 -55 10 13 30 44 0
32 -18 -40 45 -25 -42 21 -47 -24 0
57 0
50 -23 4 36 58 48 -26 4 47 7 -8 -19 0
2 15 20 27 44 25 14 20 27 31 51 8 -30 0
8 -40 -46 8 -50 7 0
28 -44 21 26 46 47 0
-5 1
-5 2
-5 3
36 -45 15 55 16 23 33 39 46 0
58 -3 -56 51 -8 51 -38 45 -50 0
53 -15 -48 44 49 -10 25 38 43 23 -23 0
28 34 35 35 38 2 -47 0
52 0
10 0
0
32 -26 0
53 -31 -18 2 13 31 39 51 3 -56 0
22 25 36 37 6 35 60 -58 -9 58 0
18 20 43 0
60 -27 0
12 36 9 13 33 35 9 -12 59 -4 0
4 21 22 -58 42 -55 32 44 45 47 50 0
9 39 39 43 49 55 4 -26 -6 17 51 54 0
19 30 31 40 11 -13 0
10 -6 -7 8 -37 -12 51 -44 0
9 25 32 42 52 35 40 42 9 17 52 55 -53 0
53 -7 0
52 -44 -13 35 -58 52 -22 -9 10 41 40 -16 -1 0
-48 2
-50 3
