8 9 21 25 37 52 -60 51 -41 -1 30 -24 0
51 -5 0
38 -21 34 -38 -14 27 -55 0
35 52 2 7 22 23 53 6 18 33 40 58 0
49 -31 41 54 0
6 6 24 39 20 21 30 50 50 -43 -49 0
14 32 41 27 -40 -55 0
3 -3 11 38 0
30 -9 -15 36 -35 -22 39 -18 -13 13 49 0
5 16 0
13 -43 16 19 36 28 38 38 43 47 22 37 53 0
39 -59 -47 49 -22 0
44 44 27 -53 3 6 9 28 -8 0
3 -17 -34 8 24 35 52 0
0
9 -15 -26 0
58 -30 -3 3 6 11 -32 -49 21 29 31 32 43 3 -5 0
4 -39 7 31 51 59 0
55 -17 44 -6 1 -26 -60 0
6 41 3 33 43 55 3 -11 -58 39 -53 0
33 46 14 -8 -10 4 -22 0
26 -31 9 21 51 -27 0
-9 1
-9 2
-9 3
-68 3
-66 2
29 -55 14 -53 -53 0
3 36 39 41 52 30 -7 57 17 -12 -10 55 -10 0
27 -43 -16 37 -22 -48 0
18 51 53 58 36 -34 -43 0
11 -38 11 20 51 0
52 -53 -47 0
10 -5 46 -51 -33 22 -52 0
60 -57 -34 6 41 0
19 -33 -28 10 -15 60 -39 0
24 -34 17 21 40 44 58 1 18 42 45 0
11 -46 21 -47 -19 8 -26 -7 41 45 5 16 0
0
44 -41 -51 0
9 22 41 47 53 4 28 46 0
12 15 39 46 58 0
44 -6 13 -55 -12 2 -16 58 -3 0
32 46 46 48 54 6 29 34 42 48 4 7 59 1 54 -35 -56 0
38 -43 0
59 -35 3 45 49 50 0
48 -4 37 42 26 46 56 47 -24 0
-55 2
-56 3
