3 -52 0
15 -29 15 -33 0
16 -24 -9 0
1 24 32 1 -26 -28 25 21 -13 -33 17 18 45 0
28 16 44 47 50 56 -16 13 -50 0
5 -55 -36 50 -38 -49 0
56 -12 31 19 2 -35 -57 0
26 29 55 60 0
43 46 47 59 60 14 -8 25 -10 0
14 44 30 -17 -15 59 -25 -46 0
2 5 13 48 59 1 -24 2 3 9 20 29 2 -25 0
38 -12 -32 40 52 28 -25 -34 0
18 -47 -13 4 25 35 12 -21 15 18 30 42 57 0
0
23 26 38 0
56 -15 0
19 23 32 60 20 -15 2 -3 0
8 34 52 10 19 47 55 59 0
7 36 40 0
22 -16 -59 11 -21 44 -37 0
16 21 43 48 54 60 -21 -14 27 -59 14 -20 0
23 30 47 10 32 -56 0
-5 1
-5 2
-5 3
0
21 22 39 59 42 -5 2 6 15 31 0
6 7 12 34 49 48 -37 -48 1 -41 -29 0
40 45 -8 -40 6 -38 30 -13 -31 12 -51 0
30 44 47 48 21 -8 10 -11 0
43 -3 12 14 24 29 56 16 -5 -2 56 -28 -17 0
7 -6 -40 45 -45 -42 11 37 42 0
7 35 44 12 -31 -19 0
15 -48 18 -14 -18 29 46 0
18 0
1 -55 0
5 10 11 13 59 5 29 -15 20 -53 0
0
5 -38 18 -54 33 55 7 -23 -28 17 -22 -16 0
34 -17 -55 60 2 31 19 0
1 29 57 5 18 36 51 0
22 27 36 -21 31 53 0
44 18 27 47 55 0
60 -38 5 24 53 1 -41 0
29 -22 -42 55 -7 0
-50 2
-51 3
