5 28 48 0
3 32 26 48 5 -36 -14 10 16 55 5 17 20 31 51 0
38 -5 -39 16 -1 -32 0
6 19 21 39 60 5 6 29 52 57 0
20 36 37 46 48 11 -15 0
21 -5 41 7 21 26 39 40 0
5 10 16 31 50 58 -6 0
0
40 -47 -30 24 37 41 47 -37 -19 14 47 0
54 -27 -27 0
18 42 51 16 30 54 60 0
16 -37 -9 37 -28 -42 40 59 -52 9 11 33 0
55 -18 -36 4 -41 31 40 17 -20 59 -57 0
17 -33 -53 31 40 0
11 17 35 14 46 -29 -15 46 -30 -29 23 0
45 3 8 44 49 -6 33 -52 -26 26 -11 0
1 0
40 -22 -36 5 6 0
59 -8 0
15 34 43 50 3 17 19 26 0
52 4 -5 -14 34 -27 13 -5 -29 0
50 -10 -47 55 -24 -9 12 -47 -58 0
-2 1
-2 2
-2 3
0
8 50 44 31 -10 0
19 21 24 28 -16 -49 4 56 16 23 52 55 57 0
12 -6 -12 59 -4 -39 37 -5 0
23 -54 31 37 51 44 -20 -2 0
60 60 3 21 29 34 58 0
10 33 33 40 54 29 -59 -53 7 35 0
18 19 22 34 50 21 -10 0
55 -52 -45 8 26 52 21 -55 -60 8 40 9 0
19 35 53 57 7 -6 12 36 37 53 54 46 -50 8 9 32 54 0
6 21 32 57 0
59 -14 -16 0
53 -34 -35 0
38 38 43 51 54 35 -26 -12 0
39 -12 -29 31 -31 -30 5 11 24 53 0
1 29 34 40 60 33 -38 -3 37 -33 -20 0
3 22 23 29 59 18 21 53 58 7 -30 0
22 23 43 60 22 45 50 14 28 41 0
24 -22 20 49 50 19 53 4 9 21 0
33 -23 -51 25 56 59 48 -17 -12 16 20 47 58 4 25 28 0
-2 2
-2 3
