29 -57 -2 0
15 -5 33 -41 0
9 16 22 22 20 -20 40 -16 0
24 -26 -1 57 10 -44 -16 23 -58 -25 0
56 -12 40 -35 -9 21 -41 11 54 0
1 3 51 36 -49 -19 0
9 32 39 56 0
30 32 4 8 36 49 52 33 -55 -43 10 -23 30 -52 -57 0
4 8 30 32 5 27 34 37 1 30 -51 -18 3 -19 -36 0
43 55 59 7 34 22 28 53 60 18 -48 -5 0
34 -20 37 -50 38 -59 0
9 57 60 -37 13 20 29 33 0
25 58 37 -52 7 8 33 51 60 47 -24 -9 0
2 6 31 59 60 0
52 -21 25 -27 -54 0
5 21 54 39 -35 -51 0
8 30 36 60 0
18 27 31 50 37 -25 -8 28 35 36 0
31 -33 2 32 36 0
24 24 36 45 51 9 0
57 -9 1 14 40 42 58 0
10 -28 -15 3 37 41 52 18 -55 0
-11 1
-11 2
-11 3
8 -6 2 17 42 50 0
25 -39 17 -45 0
56 -41 44 -59 42 -8 37 -33 0
59 -52 53 -3 26 -57 -27 0
19 23 25 28 41 12 22 36 59 6 -4 10 19 22 37 41 0
7 25 26 45 4 17 24 -16 0
39 -9 1 -2 8 -45 -53 0
1 -49 -22 4 5 16 44 -29 -24 12 -30 0
0
0
1 -47 -32 56 -15 -14 11 45 33 -49 -49 0
16 -15 -39 0
44 51 0
2 5 24 46 54 7 20 23 60 -26 -21 6 6 23 26 43 0
16 33 6 -1 -54 37 -56 -50 0
8 -5 50 -16 -13 35 44 22 0
8 25 43 50 5 -26 0
25 7 7 19 0
1 13 46 0
22 32 56 14 -8 14 -55 27 -59 12 0
-53 2
-47 3
