50 -43 59 0
57 -19 -34 0
5 19 -31 60 -10 -12 27 33 58 41 -41 -13 0
28 -40 21 49 59 16 27 35 35 39 0
8 42 58 0
49 -54 -41 19 35 5 32 56 16 22 31 44 60 0
7 -35 -24 6 -46 -27 31 35 50 55 0
15 -43 51 -47 -2 15 -43 -55 34 -47 32 -52 0
16 -16 -50 35 -52 0
53 -57 -27 25 26 30 55 43 14 33 33 37 53 22 37 41 52 53 0
25 -46 22 -18 0
33 37 -9 0
40 -19 7 59 0
0
54 -9 9 -24 34 0
23 -47 0
34 -9 3 4 -13 0
18 -57 -24 49 -50 -13 0
11 19 57 15 28 42 60 7 11 53 57 19 -60 -55 0
19 -41 42 -56 0
2 24 31 33 12 -5 30 -5 44 1 4 18 54 0
2 3 54 -60 0
-9 1
-9 2
-9 3
-66 3
15 -41 0
34 0
16 -18 1 4 7 42 8 -12 -1 14 -57 18 49 0
25 -23 -35 31 -22 0
58 2 12 0
0
0
53 -27 17 -52 -1 5 -10 -2 0
18 30 48 15 35 38 51 53 4 -21 -48 37 -54 -36 4 50 0
13 26 36 60 39 -54 0
5 5 6 26 58 0
13 -59 32 -39 51 -23 -60 24 36 46 0
18 40 60 38 -29 5 44 50 58 59 0
7 11 20 9 54 11 48 51 0
12 51 56 0
6 7 18 26 31 1 -56 -29 2 8 50 53 0
6 -22 0
7 22 27 28 32 33 -4 34 -2 -57 0
35 -23 0
32 -14 23 -20 -34 8 -1 4 -18 -20 0
-53 2
-54 3
