2 8 19 14 25 33 45 0
0
23 -33 23 29 37 43 0
4 7 7 13 32 49 28 -15 -14 35 -55 0
50 -57 -55 0
37 54 15 59 60 -22 -52 0
31 34 38 51 0
23 24 -27 5 12 10 14 45 45 53 0
38 47 -55 23 -56 0
57 -55 -6 19 -34 -17 0
10 19 24 27 47 39 -37 42 -45 -9 7 27 34 -17 -58 0
36 -58 52 55 45 0
8 9 32 59 16 18 34 7 35 52 0
49 -47 45 -9 0
4 -40 37 -53 45 -29 0
17 51 52 57 13 -58 -44 1 31 32 54 26 -37 0
15 0
43 -3 -2 0
15 28 45 49 33 41 42 20 28 -5 -46 14 34 47 48 0
3 -34 -21 36 -48 13 16 0
59 -21 9 11 15 24 21 38 59 0
5 -8 57 -13 -51 1 -26 0
-5 1
-5 2
-5 3
-66 3
-68 2
13 -56 44 7 -18 60 -23 0
44 -3 59 -59 4 29 36 48 53 28 -12 0
13 -54 -50 45 -37 -23 1 20 37 54 60 0
45 -9 -60 24 5 5 -32 -44 0
35 55 60 10 13 27 30 39 40 -4 1 0
48 54 28 28 36 36 16 25 31 31 50 0
18 21 29 31 40 0
5 15 19 0
3 31 33 52 13 -23 0
13 -40 -10 0
5 -11 -8 0
30 -17 -22 16 -36 -25 55 51 0
21 28 28 31 -33 -33 2 57 0
3 28 -51 -7 41 48 38 0
26 -22 0
3 13 15 56 59 16 23 39 50 56 0
43 -55 13 28 29 35 57 19 -15 -59 16 19 46 50 0
29 37 15 -56 25 -15 35 5 6 15 45 0
7 22 24 53 13 -12 0
4 54 27 -54 -23 24 50 0
-52 2
-50 3
