41 -12 -3 38 -28 -48 1 29 0
8 -29 -8 21 -10 -20 0
27 -34 -60 45 -36 16 -56 24 -16 -14 0
2 3 13 30 0
2 -55 -43 48 39 -27 -1 0
48 -10 -12 37 -58 -39 7 -24 -30 0
48 -43 -55 57 -33 4 -11 0
2 3 31 44 57 0
22 58 -2 0
11 38 1 -23 -25 0
47 -15 -43 0
28 31 -28 10 57 58 8 16 18 23 38 0
11 20 23 58 -19 0
35 -13 -8 19 54 5 15 58 41 -40 -3 5 38 0
7 -35 -11 54 -17 20 -54 -15 6 27 39 43 36 -32 -24 0
5 23 26 44 36 -9 -11 15 21 56 58 0
31 -29 0
35 -52 -35 17 -49 -57 38 -3 -2 14 15 37 58 14 14 32 0
6 47 51 3 30 37 56 7 -31 0
11 18 0
59 -37 -59 0
11 13 32 46 17 47 59 1 24 39 49 0
-8 1
-8 2
-8 3
-66 3
-69 2
11 -27 -33 58 -18 -32 14 -7 60 -47 -53 56 -15 -14 0
33 0
35 -52 1 30 49 0
4 -38 -2 52 -51 32 -11 0
1 10 49 58 14 14 28 40 28 48 0
27 -22 5 -48 -53 36 -40 6 -41 50 0
48 -53 -43 0
39 -44 -23 1 13 25 50 1 11 1 -59 -55 28 -12 0
4 4 23 34 51 48 58 33 52 0
16 27 29 43 30 -50 51 -34 -46 13 42 0
4 19 22 17 37 59 0
22 23 54 15 40 59 4 5 14 4 -4 0
25 41 43 33 -13 1 10 12 45 0
0
5 -32 21 -46 29 -25 -23 6 -60 -55 3 14 34 0
19 30 43 -1 -36 0
3 -28 -9 35 47 32 -23 -57 0
14 -25 9 29 44 44 49 0
10 16 32 51 59 56 -3 8 31 47 0
0
-47 2
-50 3
