13 -18 5 17 46 60 0
10 -38 -21 57 -39 1 -42 9 27 32 55 55 0
4 10 37 1 2 32 0
37 0
17 -6 -58 7 16 38 6 0
9 16 33 55 60 -10 41 -46 0
10 31 34 51 56 0
26 26 31 39 53 21 25 49 1 -12 0
22 25 28 28 35 55 -57 -27 0
21 41 49 51 9 13 23 26 53 30 -34 -46 9 -30 -13 2 4 21 48 0
8 25 -50 -48 16 18 30 3 31 0
51 -8 0
8 -19 0
30 -25 -51 24 20 -19 0
33 -13 -12 25 45 0
3 -10 -38 2 -1 -43 14 -54 22 26 40 44 44 0
5 10 35 30 44 52 59 0
8 -46 3 4 33 41 41 0
16 -22 -41 0
39 -51 -39 35 9 25 36 52 15 -25 -17 6 8 19 43 60 0
40 -4 33 4 9 30 33 43 50 -17 0
20 -17 34 38 -19 -25 2 -40 0
-47 1
-49 2
-50 3
-68 2
17 28 57 6 21 24 35 38 12 -57 -52 19 45 0
20 22 23 27 36 19 -32 -27 21 31 59 0
14 -52 49 -32 17 -48 -30 0
29 -15 49 -49 0
58 -33 5 -13 -20 38 -32 0
47 -42 -7 25 -13 20 54 -9 -18 1 17 26 42 43 0
5 -46 0
28 35 41 52 56 10 -4 48 -13 -33 34 -27 -11 0
0
46 -33 38 33 -16 0
45 -35 8 -14 23 -36 -7 52 -13 -46 0
49 -45 2 22 39 48 16 -22 -26 0
1 4 8 13 15 54 34 0
5 5 31 39 49 52 58 0
5 36 43 52 54 0
11 -17 -35 22 -16 0
24 36 0
0
51 -55 -10 8 -46 45 -59 31 -30 -12 0
17 20 31 32 8 12 43 0
-51 2
-55 3
