0
17 49 0
5 10 31 55 19 26 38 0
17 27 32 54 9 -10 0
58 -56 26 -29 -52 7 27 8 11 35 60 0
33 -38 -40 27 53 4 42 46 48 48 60 -1 -25 56 -4 -8 0
18 32 49 42 -6 -3 3 -46 0
6 30 0
54 -18 -46 41 -53 -57 0
0
14 10 45 9 19 12 -49 -33 0
18 28 46 15 -22 -3 31 32 42 -41 52 0
54 -43 -18 2 16 16 17 42 20 33 37 55 20 28 55 7 -49 -48 0
19 0
44 -37 -14 0
56 -23 6 51 51 11 30 46 39 -55 7 7 32 41 0
55 -30 5 32 40 60 5 12 15 18 36 6 -42 -5 0
43 0
60 -59 5 -7 19 58 24 -28 -25 16 19 23 44 48 0
26 36 45 9 13 44 34 29 -51 -26 0
21 33 47 54 -45 0
17 24 47 47 16 -60 0
-2 1
-2 2
-2 3
42 -55 -17 56 -18 0
13 23 28 32 22 -18 20 -28 57 -31 -48 44 0
3 5 47 21 -37 -25 57 -52 -23 0
42 -37 32 -32 -22 0
33 43 0
18 0
6 13 20 29 30 39 0
47 -24 5 -25 -10 30 -46 1 21 31 45 0
14 23 34 57 60 55 56 42 -39 59 -23 49 -50 0
20 14 -54 -54 0
38 44 56 59 60 6 -34 42 -23 0
22 -19 -9 0
6 50 50 11 0
16 -16 3 10 35 0
48 -8 -51 7 20 37 39 42 0
31 -12 -3 40 -53 -31 4 -29 10 38 46 45 -56 -12 0
19 32 39 47 59 48 -2 10 -41 -8 0
1 -16 0
44 -7 60 7 -12 -4 52 -10 0
1 34 45 0
-24 2
-24 3
