1 -58 -10 33 -39 9 -56 0
24 -7 -14 0
19 58 2 12 14 53 22 -24 -17 0
0
13 -2 0
38 -33 -53 2 -30 0
0
15 -18 9 21 30 46 53 0
30 -21 -51 10 20 25 44 53 0
8 -19 0
18 53 3 39 41 18 -12 -19 0
44 22 28 52 1 50 0
25 -44 44 4 -16 46 -54 0
0
35 -52 37 -57 -45 39 -34 0
58 -48 8 17 24 49 7 8 25 30 49 37 -27 -57 3 -46 -20 0
21 -32 1 -16 -45 0
1 3 22 24 29 40 -43 -15 9 60 0
32 35 44 52 53 36 48 -16 -48 42 45 53 0
4 15 22 26 37 14 25 45 -24 -16 40 0
6 -57 -51 0
22 26 48 57 44 -47 -33 0
-4 1
-4 2
-4 3
-68 2
2 5 55 56 60 58 0
12 14 25 44 33 -58 8 -20 5 35 43 35 -32 -30 0
7 23 30 51 26 0
14 30 40 45 58 -15 37 -18 -1 53 -27 -2 32 -31 -58 0
43 47 50 50 58 20 -23 -5 8 16 18 29 36 37 0
28 53 57 11 59 23 -20 41 -10 0
26 -31 -10 0
10 10 12 18 36 12 -22 -59 0
14 50 54 -17 24 -40 0
28 36 1 45 41 -12 4 -4 0
41 -28 -59 6 7 20 -53 47 -3 0
10 31 -16 -51 0
60 -52 57 -52 0
55 58 0
0
52 -24 -15 4 7 41 53 -7 -54 1 54 2 -10 0
43 53 57 -9 -10 15 -43 -58 20 54 60 0
0
3 25 19 21 0
0
-55 2
-49 3
