8 -19 -26 22 -53 14 24 0
32 33 37 55 60 16 -40 50 -34 41 -49 0
35 -50 -51 14 31 39 47 9 -13 0
37 19 58 -27 -25 30 -1 0
44 44 60 0
11 30 31 46 54 -36 -51 0
42 -2 47 -17 -26 3 38 -15 -11 38 -38 0
8 -3 -34 10 -32 10 14 50 0
17 -41 -1 20 -60 12 15 39 50 56 55 -44 0
11 -49 8 11 38 44 8 13 35 0
18 -1 16 20 42 6 9 34 -11 -59 0
34 -26 -44 18 32 15 22 0
42 -48 32 45 46 58 58 23 -9 45 -57 1 -31 -11 0
11 45 52 59 1 40 45 47 0
37 50 51 60 42 -50 18 -33 0
38 -31 -51 15 23 29 44 42 -18 8 31 17 25 59 0
23 43 12 45 59 11 42 0
53 -19 43 -29 11 53 -51 25 -34 -31 0
4 15 0
7 33 30 -42 -8 0
52 -46 30 -55 -13 0
28 28 30 40 21 -1 -6 54 -39 1 3 35 36 47 0
-2 1
-2 2
-2 3
36 -7 30 45 3 41 26 43 48 54 56 59 -4 0
11 -51 26 30 42 54 8 22 33 35 46 0
15 25 34 41 19 43 12 21 56 2 12 20 48 52 21 50 0
47 -4 0
40 -34 -7 0
16 29 40 36 38 47 52 0
9 10 21 30 33 11 -55 -20 41 -15 -1 0
23 -43 0
4 17 23 45 0
53 -20 0
4 -42 41 -8 -11 0
43 -56 -46 14 24 37 49 -30 43 -59 -47 59 -24 0
53 -27 12 17 36 36 55 9 -2 -13 31 -32 -13 0
0
15 -14 -16 37 -56 -29 0
42 -22 55 -60 25 -23 0
2 9 24 26 24 38 53 -25 55 -46 -44 59 -45 0
16 -48 36 -5 -29 34 -44 12 24 32 35 50 0
17 41 44 48 50 0
0
-4 2
-4 3
