32 -4 0
40 -8 56 -4 6 10 42 48 49 6 10 12 60 0
49 -20 -6 24 -37 -30 49 -3 -1 21 -12 30 -4 0
2 -9 36 -58 -24 2 2 15 35 0
52 11 10 -44 -14 0
15 17 14 -57 -50 60 -8 -46 58 -30 13 44 0
11 21 30 32 37 0
0
18 26 26 57 4 13 15 50 51 13 14 52 17 -26 0
0
5 -12 -1 3 -25 -21 14 -28 0
11 18 30 53 -48 12 31 45 51 56 45 -13 26 47 0
0
45 -31 36 -56 0
17 22 0
34 -41 8 13 14 31 0
30 -25 -27 12 0
5 7 36 48 0
25 -56 -36 53 -30 6 -51 0
22 -13 36 -8 -3 0
0
12 18 25 42 0
-2 1
-2 2
-2 3
55 -13 -50 0
18 -42 -26 27 36 46 58 59 0
58 45 20 -15 -28 0
8 -52 -54 14 22 38 39 40 56 -23 -40 0
14 20 40 50 50 5 6 12 24 27 0
8 -48 9 44 52 26 -25 21 -29 -23 0
26 -39 -13 4 -20 0
3 13 41 20 -43 -33 19 45 56 4 12 0
29 -27 30 -6 0
14 18 51 53 0
38 58 -42 0
49 -27 4 12 32 32 46 44 -32 -30 1 22 34 40 52 0
13 16 34 56 54 30 38 57 60 54 -41 -37 0
8 -31 36 -6 -26 0
10 57 59 31 -42 31 -10 14 19 22 37 41 39 -36 -23 0
28 -51 -40 56 -33 -17 0
19 -60 -36 37 53 24 -8 -6 9 22 42 0
58 -35 -46 0
49 -51 -8 11 -48 -44 0
53 -50 -2 6 21 21 44 4 8 10 10 57 0
-22 2
-22 3
