18 -37 5 -48 -10 16 34 40 51 0
6 -29 55 -3 -20 0
14 -26 4 -24 -13 17 -47 -27 17 18 24 34 36 8 36 0
57 -15 -17 0
49 0
31 -10 -34 10 22 32 48 0
56 52 -48 28 -50 -59 3 8 10 16 44 0
34 -9 -45 2 -31 42 -8 -16 0
55 -16 9 21 26 35 1 4 27 54 0
23 35 0
24 46 54 59 55 -60 6 34 36 11 -29 0
12 25 27 45 48 11 -60 0
14 34 43 45 53 -48 0
34 -22 34 49 -26 -1 2 13 27 31 57 0
15 24 41 57 58 3 26 27 47 52 0
0
45 34 15 -5 0
6 14 14 47 0
7 -1 -28 15 -36 -12 0
8 -41 -59 39 -40 -17 59 0
34 -34 0
31 -14 -33 0
-28 1
-28 2
-28 3
-68 2
21 27 7 15 24 44 54 46 -55 49 -36 0
1 50 42 -41 0
51 1 -55 14 60 39 -14 0
15 34 34 0
35 -42 3 -14 -27 14 24 0
0
50 -49 -60 41 -20 42 14 -30 0
9 10 34 25 41 42 52 58 0
12 41 43 47 53 0
0
16 -10 -2 31 48 49 15 -59 -5 60 0
32 -39 -23 3 -56 37 -15 -39 0
11 4 -51 -38 3 15 24 27 3 22 46 59 3 55 0
5 41 47 57 0
23 -48 -31 3 -3 -59 11 21 34 0
37 -51 0
29 60 0
23 33 55 23 -20 -4 9 18 37 45 49 0
48 -41 24 -9 -13 0
21 -9 -58 4 14 45 32 -54 -32 0
-37 2
-37 3
