21 -12 -7 0
6 11 50 51 0
5 21 0
21 24 0
46 -29 -42 36 -29 -42 0
28 31 38 0
24 34 38 52 0
55 1 -27 -46 24 0
30 55 54 -12 4 22 24 36 0
39 -42 -28 0
32 -60 14 29 54 60 0
40 -47 -12 27 -46 -19 17 0
0
56 -39 -49 24 25 29 0
2 56 58 15 39 42 46 53 -39 4 32 0
37 -8 38 -19 0
36 44 52 59 5 -33 -6 34 -2 -39 9 15 18 37 41 3 -34 0
2 -29 -52 20 -3 0
51 -4 0
6 -42 -30 49 -23 -21 33 45 51 58 -47 -48 13 -6 -42 0
2 40 43 48 5 -33 -55 59 -43 0
52 -34 32 -31 47 12 13 29 32 33 15 -34 -51 0
-6 1
-6 2
-6 3
-68 2
13 -34 8 9 10 59 25 -8 0
47 -31 34 1 55 0
0
37 -15 17 30 43 44 45 0
16 -33 18 39 44 0
8 -56 23 -27 0
7 11 32 22 36 37 54 17 45 -44 0
37 40 45 58 8 11 51 12 -48 -4 0
16 -29 1 4 10 25 44 45 -21 0
5 31 38 39 60 0
27 -49 59 -9 39 -4 -16 0
0
15 21 32 0
9 -24 -10 43 28 45 0
47 -34 33 -18 -47 0
6 -2 3 12 14 17 20 0
17 -15 -19 34 0
35 -9 -11 0
0
2 23 39 14 -37 23 -14 -11 0
-47 2
-47 3
