8 28 43 60 7 -5 -34 25 -41 17 23 52 0
47 -30 31 47 0
21 25 26 0
0
47 -45 -12 47 -45 -58 1 33 45 46 58 0
1 33 28 47 58 0
2 1 27 41 43 57 28 -12 -14 0
1 3 0
22 25 33 31 -5 -57 0
14 31 41 55 -44 -42 0
37 0
0
37 0
1 -45 -32 0
10 13 23 23 34 48 -20 -50 10 19 33 47 37 -41 -58 0
42 54 0
14 -25 32 -52 -36 7 26 37 48 0
57 -34 43 -8 0
14 22 38 48 0
9 -26 -11 0
51 -21 9 14 0
15 -17 29 -27 -21 5 38 43 18 -29 0
-3 1
-3 2
-3 3
-66 2
15 18 27 27 36 50 54 21 -36 47 -15 -39 0
1 45 -9 -37 17 -1 -47 55 -53 -34 7 -45 -13 0
0
21 35 35 7 -10 40 -43 -54 1 13 51 -13 0
25 -9 0
40 -56 0
9 28 53 60 0
44 0
30 39 58 0
39 -28 -20 19 -60 -56 27 32 38 49 54 0
21 29 45 48 5 38 50 60 11 -6 -28 0
42 -36 -57 0
18 -18 -25 0
35 -45 14 45 -18 -56 0
57 0
35 -3 -20 22 -44 40 -47 -53 0
43 -22 -41 37 -17 51 -43 0
34 -56 13 59 0
38 41 53 55 0
13 47 55 23 -45 24 -3 -56 12 51 51 0
-3 2
-3 3
