42 17 26 -1 -44 0
54 -48 45 -15 -35 3 -3 0
30 -16 53 45 -19 -34 16 31 38 1 3 7 11 50 0
27 -21 28 -40 0
14 -49 -52 0
10 53 1 -21 -32 31 41 53 56 0
18 -7 0
27 -21 -38 39 45 51 59 16 -9 -32 6 10 35 40 30 -11 0
21 -48 0
13 -54 14 28 34 9 -54 -36 21 22 40 48 0
38 -5 30 -32 33 -52 49 -5 -60 0
4 -51 -28 48 -13 0
6 35 0
44 47 37 -58 43 -19 20 -55 -37 45 -37 -27 0
9 8 -50 15 -5 32 -48 -9 18 -54 -21 0
5 22 24 0
46 -59 -7 24 -55 0
0
30 -14 -3 0
14 -34 -50 54 -37 -35 0
28 -56 -41 0
55 -5 6 22 5 12 47 48 60 0
-2 1
-2 2
-2 3
12 26 55 18 0
1 -3 -16 17 21 46 59 23 -34 0
59 -54 -8 48 57 0
24 43 35 36 50 55 55 37 48 58 25 42 53 5 -25 0
22 -60 -29 17 -55 -24 30 -57 44 0
30 -17 9 22 44 57 0
11 19 53 54 55 -50 0
46 -36 -60 12 -49 -30 28 -13 4 15 18 0
8 -25 0
9 -18 -45 30 9 13 29 35 42 24 -24 -51 5 -17 0
26 -40 17 -13 -20 3 0
26 -23 -31 28 -53 -54 0
1 8 26 29 31 42 58 54 19 -39 -38 0
7 -30 -5 0
1 24 41 46 48 40 -17 -8 0
1 15 24 35 47 8 36 36 46 49 26 46 20 21 34 49 57 0
31 -15 25 -51 0
22 24 -32 0
34 37 -13 -38 0
45 3 33 37 49 54 31 -50 53 -54 -42 0
-2 2
-2 3
