19 36 47 60 0
16 -27 0
5 7 20 39 0
32 -13 0
4 -40 7 -13 -19 0
50 -4 -7 0
13 37 52 59 0
21 -46 -19 44 -52 -10 13 -35 -56 35 47 8 13 14 23 56 0
18 -18 2 2 20 27 42 4 6 8 48 3 23 34 34 52 58 -4 0
40 -18 33 -44 -52 5 -1 0
35 -20 -45 22 -60 0
19 -46 27 24 -37 -52 29 -25 -47 15 19 38 43 0
19 43 59 13 14 15 41 0
1 5 8 29 49 0
52 -2 37 -6 -1 6 11 34 21 -46 0
10 -26 -43 0
4 18 48 17 24 33 47 15 19 37 -38 9 0
30 0
10 -25 0
25 -5 25 45 49 0
54 -47 11 49 0
47 52 13 13 15 22 47 16 -49 18 0
-50 1
-50 2
-47 3
46 -12 1 5 22 24 34 55 -43 26 -28 0
43 -11 3 17 51 56 56 60 -29 -6 5 16 26 30 1 -10 0
26 60 0
54 -31 18 21 59 30 41 0
21 -2 -56 41 -43 21 -48 6 16 39 -32 0
9 -12 0
0
60 -11 -44 60 -56 45 -53 44 55 57 0
24 -51 55 -34 -41 8 44 54 60 3 -44 11 0
26 18 -47 -20 9 27 0
38 -23 -50 0
28 -33 -49 20 44 51 11 -20 0
42 -56 -5 51 -56 -56 0
19 -60 -48 21 0
30 49 59 -19 -22 0
12 -53 6 13 37 54 0
6 17 34 45 52 57 -32 32 -20 13 15 42 46 0
38 -24 -32 7 27 41 9 22 23 37 40 7 10 10 13 0
11 -45 33 -25 -53 39 -55 38 -7 0
0
-53 2
-55 3
