9 11 26 47 0
6 -47 16 42 42 14 23 0
30 8 12 34 58 6 35 60 0
19 -4 -2 9 -19 -17 19 21 24 0
28 -57 -16 0
22 -16 -20 60 -51 4 27 50 56 59 2 13 20 56 0
42 56 -33 12 60 0
17 20 40 47 58 54 -54 0
46 -11 36 39 31 -33 5 -20 -42 0
9 37 4 10 47 20 -28 0
16 21 25 40 20 -38 -48 26 -52 0
20 21 38 39 53 0
53 -49 -7 18 -20 -53 44 -49 24 -24 20 32 0
56 1 -14 11 21 21 29 35 -37 -57 44 -34 0
37 -52 -17 43 -36 -23 0
40 -15 2 22 25 41 21 -32 0
15 -13 0
30 32 34 60 19 33 37 47 47 0
2 27 30 43 55 0
22 -8 0
55 -8 41 -25 -17 32 -19 -19 0
25 -41 -5 0
-2 1
-2 2
-2 3
-67 3
-67 2
59 -10 -34 13 44 51 27 -2 -57 31 -53 -54 0
57 -29 9 12 16 58 0
10 -25 12 54 0
34 -12 -54 0
13 34 35 51 4 16 22 34 45 13 20 42 33 -37 -57 0
0
0
14 -1 -12 55 -28 53 0
7 -20 -48 0
42 -37 28 4 27 -43 -58 14 -58 0
18 -1 -38 48 -52 16 -43 -25 19 22 0
3 33 0
0
42 -36 -51 41 -48 36 -52 -45 43 -8 -37 0
2 12 35 54 1 1 6 22 3 12 35 40 41 0
0
3 14 19 37 48 42 -26 -59 4 -37 54 -19 -17 37 -40 -23 0
7 19 30 30 50 58 59 29 -47 -25 41 -6 0
2 7 18 40 45 41 46 39 -38 -28 0
37 -16 0
-48 2
-49 3
