30 -16 -58 30 0
0
5 16 35 59 20 -21 -1 0
54 -9 23 -31 12 -13 0
34 51 54 56 57 47 -11 8 -24 -5 0
25 30 59 11 25 43 35 -54 0
0
0
4 0
20 35 36 0
15 -14 -20 0
15 22 37 58 28 47 55 13 38 -34 46 -38 -1 0
49 -58 -51 23 32 52 54 14 26 32 39 49 8 0
29 -59 -1 34 52 55 0
32 37 40 8 14 18 21 45 16 38 26 -23 -19 0
24 34 57 3 17 25 0
39 48 48 58 59 0
5 -26 -51 36 0
5 29 1 3 16 20 45 11 16 20 60 0
17 -23 10 21 54 60 60 -24 -28 0
0
38 -46 9 15 22 30 58 44 -38 42 -14 6 19 36 43 0
-2 1
-2 2
-2 3
-66 2
13 -21 0
28 56 31 -2 -23 0
53 -34 -11 12 26 32 34 40 27 -42 -26 35 -37 0
58 1 45 10 -55 0
30 -42 6 -6 51 -18 -5 0
12 45 45 -30 -22 54 -56 60 -56 0
2 -13 -27 0
10 -7 -5 16 -45 15 -39 4 6 9 9 0
5 18 31 35 0
52 -36 0
3 -59 -36 25 -19 15 24 38 40 57 8 39 0
38 -1 47 -56 43 -6 -31 0
2 9 36 38 42 1 1 24 30 30 0
10 14 27 32 -37 -57 9 22 36 48 0
51 -46 -7 0
2 5 17 27 47 42 46 35 -20 -53 0
59 -20 -40 24 -16 -54 0
5 23 25 30 -31 -10 52 38 -44 -36 11 32 50 0
1 2 5 25 40 43 0
12 18 23 31 42 0
-6 2
-6 3
