39 -35 15 -53 -2 25 41 33 -6 0
4 10 56 5 14 54 54 0
13 -14 -51 28 -34 -36 51 -56 -41 14 21 51 0
44 -19 -51 0
27 6 27 40 40 12 27 30 52 0
8 13 18 55 0
21 27 39 52 55 41 -38 -17 58 -48 -42 32 -31 -39 0
16 -12 36 41 54 0
5 11 12 41 53 50 -18 18 8 -44 20 -8 -28 0
3 -55 -51 60 -15 0
29 -49 59 -22 36 -53 -39 0
33 39 49 2 6 35 45 31 -45 -47 0
22 48 52 60 8 -45 -44 17 0
42 43 48 10 27 31 0
41 -1 -16 20 28 34 45 0
7 21 23 43 0
45 -51 -52 0
44 -44 49 -15 0
3 25 34 34 33 -37 -11 0
33 -44 23 -21 45 -30 3 9 16 17 58 0
21 0
35 46 51 51 31 35 40 26 -55 0
-2 1
-2 2
-2 3
-66 3
58 29 2 26 55 0
35 -41 -33 0
27 27 40 59 24 25 45 53 54 54 -16 8 27 0
23 -28 6 -26 -18 48 -54 0
0
0
54 -7 2 -49 0
13 33 40 45 39 -51 -14 3 -40 21 -23 -56 0
0
31 -22 54 -36 -6 0
2 34 16 23 3 9 0
40 -38 -2 0
40 -23 18 26 40 41 50 2 4 32 43 55 0
9 -37 -37 9 -1 0
24 -21 13 -60 0
12 -41 -8 20 27 41 0
11 30 39 52 53 35 0
27 -42 32 0
60 23 -15 -26 2 -29 47 -19 -19 0
0
-2 2
-2 3
