14 21 33 46 50 28 -3 52 -49 4 6 9 18 28 0
3 9 31 34 -47 53 -21 0
12 -50 12 -45 -53 57 0
59 -57 20 3 23 27 36 50 8 32 39 18 28 0
0
30 31 39 40 58 -6 0
35 -52 -23 7 -25 34 -46 14 -1 -3 19 -49 -16 0
55 -26 -48 22 -47 0
9 39 57 -36 -15 27 -15 5 12 41 44 0
42 -3 7 21 37 50 25 -32 -58 0
1 20 25 60 5 26 38 40 41 3 -32 -45 0
51 -11 12 42 11 45 45 0
41 -49 -39 46 -29 0
50 -25 39 -42 -31 0
17 -42 -11 17 -24 12 -44 0
37 0
58 -41 -20 14 -56 -52 59 -45 -3 0
22 -52 23 24 38 58 42 17 -53 39 -38 -5 0
59 -27 -19 0
16 -59 -55 39 11 -29 0
32 -3 -38 10 58 59 54 -15 0
4 -2 17 -7 30 35 19 -51 -50 0
-2 1
-2 2
-2 3
26 -28 -6 52 -50 -45 38 -18 -2 15 0
47 -30 -58 51 0
55 -26 -37 22 -51 -16 0
8 -1 23 34 52 56 -38 0
24 -58 -3 5 56 33 47 47 56 0
16 31 0
41 -29 -27 10 11 30 52 23 56 0
52 22 -24 -30 0
4 50 57 13 -40 0
40 -53 -54 0
17 47 0
10 19 27 32 33 37 41 51 -32 6 16 33 30 59 0
43 54 0
6 10 19 39 41 -51 -5 0
21 0
26 -20 0
34 58 33 48 50 58 6 -55 0
5 22 38 3 -23 0
27 55 0
3 -7 27 33 53 54 13 -39 -32 9 -57 -49 0
-2 2
-2 3
