42 -49 2 -56 38 -15 -11 0
1 -44 -16 43 33 -60 0
7 -17 -28 27 0
8 15 35 35 0
0
37 39 45 51 56 -6 -16 53 -11 -50 53 -16 0
49 -17 19 -19 -2 27 -37 -17 1 27 32 32 59 0
7 48 19 -25 0
38 -53 11 55 56 0
8 24 30 36 59 -7 -40 32 39 47 0
1 16 37 16 -18 -20 0
32 -46 28 -24 1 -12 -22 4 -9 -58 0
18 21 41 60 -11 -15 2 24 26 38 59 22 -58 8 0
0
56 -23 35 -53 -21 0
25 -38 -33 44 4 44 0
43 -28 -54 17 6 -1 0
18 22 30 55 0
3 6 11 42 59 0
27 -42 16 -46 60 -59 0
4 -45 -29 32 -29 45 -43 0
9 17 38 48 37 -42 22 38 47 0
-4 1
-4 2
-4 3
34 -44 -1 11 24 37 55 36 -32 22 47 0
51 -38 -60 57 -37 10 -33 40 -9 0
3 35 55 57 -34 -55 18 -23 0
29 30 44 4 -9 -24 0
3 20 43 45 56 15 35 57 58 -25 -45 17 0
44 -36 59 -26 54 -4 1 38 46 11 0
12 -34 -33 29 -33 -38 14 37 46 57 60 6 11 21 0
45 -48 1 48 59 0
1 27 18 -9 -4 53 -17 -11 22 37 42 42 50 42 -59 0
47 -34 28 -44 2 17 29 31 55 -42 -53 0
45 45 49 51 0
51 -45 -7 35 -7 -52 13 56 0
33 -51 -20 50 -56 -1 2 -41 0
24 27 39 45 55 21 0
12 -58 -43 0
13 36 54 56 0
8 -4 19 -48 29 -44 -60 0
15 -10 0
25 -58 -24 34 52 60 10 12 9 17 45 0
2 -46 -50 5 7 35 56 0
-51 2
-52 3
