31 -13 -26 15 30 57 41 -11 55 -39 -36 11 37 43 44 48 0
0
25 -1 0
9 -48 55 -56 -25 59 -32 -45 22 -39 -41 8 10 0
29 -18 -41 11 17 21 24 40 29 45 45 53 17 23 24 51 55 -18 -51 0
0
11 24 35 47 12 18 22 42 50 14 -60 0
16 -17 -17 23 26 32 44 8 11 23 45 0
12 -23 -41 15 -19 -37 18 49 50 52 4 14 18 42 43 0
23 -39 -49 25 43 34 0
25 -21 -44 9 -1 -4 23 -7 6 13 23 27 14 -30 -41 0
10 11 23 22 -46 -58 0
0
38 59 1 27 0
55 -17 -21 11 18 40 49 50 22 -46 2 7 0
49 -50 12 -9 -15 0
4 5 40 43 -21 31 34 0
9 -15 60 -23 -8 2 37 55 3 4 24 29 35 0
33 37 43 59 8 -29 -7 1 28 40 46 -15 28 -28 -8 0
51 -38 20 28 33 48 12 -52 -44 0
5 -23 18 -8 54 -28 0
41 -26 -42 51 -9 -21 7 9 11 27 49 11 -21 -5 51 -7 0
-18 1
-18 2
-18 3
-67 2
45 -50 30 -31 0
0
46 -2 -24 58 -43 35 -32 -49 40 49 0
25 35 47 51 0
47 -26 9 -18 -8 7 18 26 13 -29 -56 0
30 -44 -25 0
6 9 10 25 40 0
23 -28 0
2 -37 24 43 56 60 0
0
4 -45 -11 13 35 45 49 57 0
25 39 -3 27 -11 35 -5 0
49 -52 -28 10 -54 -55 9 27 20 57 29 -20 0
60 -12 49 -14 -13 0
50 -41 14 -17 -50 20 57 56 -27 -38 11 -36 0
58 -23 -34 0
22 -30 40 -4 0
44 38 -18 2 -49 0
29 48 53 0
15 -15 -40 13 0
-18 2
-18 3
