56 -56 3 16 23 27 28 15 -16 0
55 -45 -40 46 -4 3 14 52 54 4 -54 0
2 3 18 50 54 53 -30 0
20 24 24 44 -4 28 31 32 55 -42 -27 0
11 -50 -22 21 -22 -34 4 -1 -30 12 16 24 39 54 59 59 0
48 -28 -57 39 -2 -46 0
4 41 47 48 57 57 -58 -3 2 5 17 57 0
48 -30 17 -11 7 11 32 36 46 0
3 -29 12 12 21 29 18 -43 -39 0
48 -40 -8 30 -45 -19 0
29 33 48 59 0
40 -28 -55 0
5 44 0
43 -14 -52 0
34 -9 51 -34 58 12 13 35 37 52 0
5 8 29 35 58 27 44 -45 22 28 41 9 30 32 41 52 0
20 -33 -7 48 -33 0
10 24 32 49 59 18 46 -10 5 56 0
13 36 43 51 57 16 -30 31 -60 -26 0
30 0
24 28 35 0
10 22 50 53 42 -42 0
-2 1
-2 2
-2 3
-68 3
49 -7 1 10 -13 0
7 39 47 50 -9 -53 24 -3 59 -2 0
0
22 29 41 17 -12 -53 0
3 8 14 34 0
15 22 26 37 -26 0
18 -40 21 -23 0
48 -55 0
57 31 -58 8 39 10 -55 -35 0
41 8 12 35 0
3 10 35 53 57 0
51 -53 -2 33 38 52 0
0
4 -58 -50 6 23 41 45 49 49 -31 -49 0
0
57 -10 -15 0
47 -28 14 -34 0
51 -51 39 -48 -32 56 -1 -39 0
19 -1 -52 19 -16 -15 52 -42 0
17 32 38 27 50 55 10 17 20 27 46 0
-54 2
-53 3
