7 7 12 33 20 26 29 43 60 0
34 -14 -17 41 -18 -10 6 35 44 5 -49 -34 58 -40 0
4 22 45 0
0
18 34 60 0
57 -12 -57 4 21 49 -23 -13 0
21 38 38 53 53 20 54 27 -21 -48 6 25 44 50 53 13 -60 0
43 0
57 -45 -32 0
9 -24 44 -17 0
10 -15 -37 0
11 50 60 6 -25 -16 0
1 -38 1 29 31 44 50 -36 56 -50 -21 0
7 17 27 0
60 11 -5 31 -7 0
13 36 3 18 37 59 58 -37 -13 0
47 55 58 21 28 48 54 32 -21 58 -49 0
16 -42 -32 0
24 24 38 51 56 43 -8 45 -36 48 -11 -59 32 -9 -21 0
26 -31 -37 12 26 32 45 48 14 -9 2 17 18 42 58 0
0
12 -46 -12 13 32 42 44 0
-7 1
-7 2
-7 3
1 13 24 55 6 8 16 21 37 35 0
13 44 57 2 10 22 56 5 -13 -16 60 -13 -2 1 0
27 -10 -14 2 21 33 42 30 32 38 56 27 -8 0
26 -3 -23 29 -56 0
13 -5 6 -22 8 59 51 -26 0
0
52 -3 7 15 30 37 39 26 56 9 -19 0
34 -9 -39 0
35 44 52 54 58 7 9 23 -33 -21 39 -21 3 -23 0
36 -60 -31 36 -20 -21 37 -9 25 -8 47 -55 -2 0
60 -6 -39 4 6 46 55 0
26 52 60 0
6 0
13 46 47 51 52 14 55 0
27 28 43 44 0
0
41 -45 -45 0
26 -52 17 17 31 51 25 -46 32 -19 46 -58 0
59 -24 -39 31 -8 -15 35 -58 -16 59 -10 36 45 50 0
32 -2 -10 0
-18 2
-18 3
