2 -51 -4 46 -31 18 -13 5 -21 -51 48 -18 0
40 -44 -45 17 -28 -4 0
0
0
6 -25 0
0
0
0
4 24 40 54 23 2 -46 -12 31 -38 17 -31 0
7 15 44 4 34 54 -57 -52 0
52 -10 -12 5 12 14 35 -25 -9 5 21 0
44 -29 -56 9 20 41 0
39 -42 0
28 -26 -5 23 -49 -59 0
7 19 45 47 58 6 -8 0
20 -43 20 24 24 55 58 16 -17 -6 0
24 38 60 0
8 -1 -47 25 30 37 53 57 0
42 -12 -20 29 -38 -48 22 -59 45 -34 -55 52 54 0
12 17 31 34 1 44 -6 0
4 42 0
45 33 44 0
-2 1
-2 2
-2 3
16 24 26 32 56 52 0
0
5 8 55 0
54 55 3 15 27 50 57 44 -59 -47 0
16 35 35 37 0
37 39 -45 20 -23 0
37 -20 -3 0
41 -58 -32 0
14 26 45 52 0
36 -18 -15 57 -47 22 -57 -30 17 -1 -59 32 -43 0
42 -57 0
8 -35 9 18 23 29 41 18 40 47 58 0
4 16 16 57 25 -50 0
0
16 -28 2 -52 2 41 0
8 26 39 -33 23 -57 32 -37 -43 27 -55 -3 0
45 -27 -36 1 -6 22 -11 -28 38 -8 -58 9 -57 0
32 42 54 0
24 -46 23 -38 -12 6 -29 58 -8 -5 49 -41 -6 0
24 25 57 60 14 37 4 -51 -19 44 53 57 57 52 -49 0
-49 2
-52 3
