17 17 41 47 0
4 4 16 56 0
41 -49 -5 18 -21 -47 54 -16 0
28 0
29 7 20 35 45 45 -28 0
1 11 60 0
26 -53 0
6 16 0
14 26 -54 46 8 9 26 37 0
1 11 0
49 -19 26 -52 -30 40 -33 -50 1 -4 -19 4 -32 -15 0
10 11 15 24 60 0
24 29 47 48 58 -45 55 -34 -41 23 -17 0
30 1 5 9 26 48 0
28 -10 28 -32 -35 0
33 -17 0
1 31 46 48 60 0
6 31 0
29 -21 -20 16 -54 -43 11 38 60 -58 -22 52 -5 0
4 -57 30 -51 0
57 -34 -23 9 25 33 47 57 17 21 35 39 45 0
50 -31 0
-2 1
-2 2
-2 3
32 34 60 0
25 0
2 3 52 54 11 -8 -12 51 -28 -53 32 -58 -7 0
40 40 52 25 27 -42 0
54 -6 55 60 10 11 22 50 57 32 -18 0
8 -1 -31 60 -23 37 -48 43 44 25 -52 -34 0
54 43 -44 -22 56 -57 -29 0
20 37 0
34 -30 6 16 18 23 48 21 -11 -15 46 -45 -18 0
1 5 16 35 60 0
57 -42 37 0
5 24 25 49 7 -14 0
14 -15 4 -60 -5 24 -33 -35 25 -57 0
8 29 37 46 57 10 -4 -18 13 33 46 0
46 -58 -44 56 -31 11 23 42 57 44 -24 0
3 -15 15 33 0
56 21 34 41 50 23 -42 0
24 -5 52 -57 -60 31 -9 14 26 31 15 39 47 0
24 40 54 -56 -18 31 56 0
52 -33 19 -49 11 39 20 31 59 23 44 56 0
-35 2
-35 3
