21 59 0
39 0
17 -50 9 -15 -3 49 -35 -51 0
16 -17 -7 56 -32 -22 31 0
40 0
0
47 -31 19 35 38 56 35 0
6 -50 12 -52 -26 6 10 23 35 52 0
8 -1 -26 25 31 31 47 60 0
34 39 39 56 1 4 14 21 25 37 40 44 55 0
29 -10 -2 16 -30 -24 20 -6 -36 0
4 48 11 41 49 3 -53 -11 0
11 55 -49 0
23 30 0
23 24 27 36 6 -9 2 -42 -54 0
6 47 48 50 32 -36 -25 0
21 12 35 38 40 38 54 31 -39 4 -2 -39 0
33 60 56 -51 -57 0
39 -48 -20 38 -11 -8 0
14 29 34 40 51 2 6 28 0
13 -18 34 55 9 -46 -48 27 58 55 -44 0
0
-4 1
-4 2
-4 3
26 39 -9 10 12 29 32 57 10 41 50 0
25 -4 0
60 -11 21 -47 39 -8 -38 3 18 19 60 0
29 5 -48 0
0
33 37 39 47 31 39 24 44 47 59 -54 0
11 -44 13 29 32 41 49 50 55 59 0
3 3 15 38 47 0
30 32 42 43 47 33 -52 -41 5 58 3 31 34 25 -24 -1 0
22 32 0
29 11 25 43 47 0
2 37 59 0
37 -13 -24 0
41 -34 -11 0
45 -44 0
27 -51 38 -35 -12 11 -41 -10 34 41 0
55 1 -55 -3 2 8 17 32 27 -40 0
23 -29 -17 48 -10 -53 0
22 -48 -23 2 4 30 48 54 0
0
-6 2
-6 3
