5 -49 57 -5 -7 6 -45 -17 0
14 -35 38 -28 -13 20 32 19 31 39 48 35 -44 -47 0
30 -12 -27 24 24 27 0
57 -28 -55 11 12 55 -11 -34 0
5 18 32 28 34 -43 -18 0
28 -10 -14 41 -39 -43 25 26 -9 0
1 -37 -47 0
17 41 44 49 13 28 38 48 54 12 29 48 -38 8 60 0
1 9 22 37 2 6 17 29 37 -42 -42 3 11 16 0
39 -33 49 -10 38 -17 36 -28 -36 0
58 0
50 -2 28 -27 -26 0
26 40 0
35 0
29 -19 -52 19 57 15 -39 0
7 29 31 56 11 -34 0
58 -44 -56 47 30 -11 -30 0
32 -22 0
16 31 -1 54 -59 -43 28 -35 0
33 -20 42 50 1 5 10 28 45 4 -39 -60 56 -26 0
8 -41 3 0
1 44 59 41 -19 0
-20 1
-20 2
-20 3
27 -47 6 -47 12 -7 29 -17 -4 0
9 -18 28 -57 -46 17 34 54 58 33 -30 -7 0
49 -6 7 36 0
37 -8 -32 9 -7 -9 4 -33 -9 17 21 23 0
45 -32 -18 0
41 -15 -11 0
37 46 46 -39 -32 2 -13 -56 20 -24 0
6 0
36 39 -1 32 -27 0
20 -2 17 -33 -20 38 -14 -19 2 36 47 1 47 52 0
40 54 34 0
12 -60 0
58 -15 -26 16 38 0
6 -6 -41 0
18 -15 -7 59 -5 20 -7 0
41 -53 45 -29 -58 24 -21 0
22 -44 0
57 -40 -53 12 19 33 52 0
58 -5 15 -3 -10 29 -27 0
52 -20 -26 34 -36 -27 5 -11 -42 0
-48 2
-50 3
