6 12 46 50 31 -1 0
51 -13 -25 4 8 32 34 40 0
38 45 17 -24 0
4 -49 0
48 12 -56 0
0
43 -28 -8 0
3 -45 -28 22 -48 -22 0
42 -4 36 56 0
44 -31 -46 0
21 -33 -40 46 49 53 60 22 -5 0
14 41 58 60 13 23 29 38 0
8 8 20 40 60 49 -9 7 -42 -52 0
57 -38 -47 5 10 22 27 27 60 -18 3 -44 0
60 27 58 15 44 0
35 -4 -35 43 -30 9 12 7 20 30 48 60 14 22 37 55 0
41 -55 -24 23 -34 0
18 22 46 51 -38 -16 25 -13 -36 0
0
16 18 26 43 48 55 46 -13 41 48 49 57 0
38 40 49 55 -37 -35 0
0
-2 1
-2 2
-2 3
-69 3
13 18 36 47 48 6 59 40 -52 -40 51 -34 0
17 34 36 0
19 21 58 0
5 6 16 44 45 10 50 1 10 16 54 55 6 15 40 0
0
2 -1 -38 0
1 -6 -31 4 22 43 52 58 4 20 34 42 56 0
4 -41 -6 20 24 33 38 0
1 45 26 -7 17 29 37 43 44 34 -28 -17 0
41 42 7 -33 7 -4 -6 0
6 6 31 50 12 36 48 60 -50 36 51 54 0
0
5 22 39 54 7 12 27 28 51 0
18 -4 -4 33 -15 -49 0
7 14 32 48 57 0
39 53 12 -14 -44 16 -28 -16 15 29 51 0
33 -60 -48 31 48 49 53 25 48 58 16 25 0
10 -32 0
41 -20 1 -52 -43 12 -32 50 -5 0
48 -58 54 -17 -4 40 -7 0
-52 2
-51 3
