37 -60 -11 6 22 33 47 49 0
36 -32 -26 51 -8 -2 14 -22 -17 59 -24 50 -49 0
4 15 16 30 6 27 43 52 60 0
20 21 42 53 55 2 -23 30 -19 13 22 22 59 11 -5 0
15 8 27 29 44 44 1 51 55 5 -41 -49 5 -29 -44 0
57 -23 -23 27 -49 -16 59 11 31 42 0
58 -35 -42 9 0
49 27 -31 -6 21 23 37 42 57 0
28 -21 9 -2 -12 6 18 20 21 33 0
30 -40 54 -20 13 43 53 52 -43 -2 35 35 42 56 0
0
58 -10 -16 48 -46 -31 0
32 2 11 40 0
14 -58 6 6 21 0
20 24 40 50 34 -25 -23 0
24 -1 26 32 33 45 46 21 32 0
27 36 0
25 -42 -35 50 0
2 4 40 51 54 34 -60 -18 16 -7 47 -56 0
21 -11 2 26 40 57 37 -41 -40 0
9 -7 -14 11 27 14 -29 -25 57 -57 0
23 -16 12 14 49 20 -58 -31 51 1 -4 0
-2 1
-2 2
-2 3
-66 3
58 -52 18 -38 20 3 5 10 11 24 0
16 -53 0
53 -59 1 -30 8 9 17 24 42 14 -57 0
45 0
1 -59 0
12 27 35 40 51 18 24 54 56 60 -56 34 50 55 40 -3 -55 0
51 0
22 26 30 9 11 13 18 20 0
45 -47 0
22 34 46 47 60 1 16 35 58 53 -9 0
5 -43 -36 29 -57 -35 22 42 17 47 49 -27 -3 0
23 -31 6 12 14 20 55 -8 -13 19 -39 58 -55 -34 0
7 23 29 36 45 0
18 -10 50 -40 -31 8 22 30 35 53 0
14 22 25 56 25 32 -31 23 -30 0
22 -4 0
17 -42 -46 36 -23 -17 0
32 41 42 48 0
12 46 54 0
8 29 40 41 53 0
-52 2
-54 3
