38 -36 51 55 15 -27 -20 0
57 -15 -44 43 -27 20 27 34 59 0
2 -40 -28 26 -21 19 0
47 -22 45 0
7 19 44 52 60 57 -57 -41 1 7 58 0
44 -17 -29 46 -51 13 16 55 20 21 48 51 59 0
12 31 22 23 40 54 -27 28 36 46 0
43 -31 -39 6 6 33 41 17 -2 -15 13 19 22 60 10 25 26 49 0
39 -25 -10 10 29 37 47 52 0
8 0
9 23 -39 -3 48 -23 0
41 48 55 -23 59 -38 0
20 -40 -43 9 -43 0
32 -40 -30 32 43 21 -60 -19 0
12 -48 -27 7 -23 9 9 44 44 0
6 -22 -47 17 -22 49 1 -43 -16 30 -43 0
39 -53 11 -2 50 -8 0
9 32 35 -48 4 15 16 21 24 53 -25 -30 0
0
19 -44 -6 0
14 17 35 51 53 0
19 19 20 47 50 -1 -48 23 -17 -4 0
-2 1
-2 2
-2 3
-66 3
-69 2
25 -42 -7 58 -44 9 13 -55 -33 0
17 20 54 1 17 18 26 15 32 0
3 -20 -53 9 15 24 32 37 1 27 32 44 58 8 -39 0
31 0
53 -58 32 -43 6 -47 -11 0
43 51 51 60 21 43 -51 -44 1 7 15 24 34 0
44 -19 -48 1 2 17 19 47 55 -41 -54 0
32 -33 -18 2 9 39 46 52 0
15 -54 -53 60 -39 -34 13 -57 -44 0
10 -33 24 -12 0
8 -39 0
51 53 55 23 -42 13 -6 0
27 -49 -14 25 -30 -36 37 3 -35 0
13 26 26 55 33 43 0
12 -4 32 36 43 46 22 25 54 -44 -23 0
53 -53 0
17 36 42 48 59 2 10 17 46 2 12 0
0
0
14 14 35 0
-4 2
-4 3
