44 -46 -18 3 21 -8 -4 0
35 -5 29 35 57 59 18 -44 15 21 29 45 56 0
9 11 30 46 52 34 -25 -10 0
7 46 17 -6 0
29 -3 -49 0
10 -19 3 42 44 0
40 -18 48 -56 26 30 26 54 0
26 -42 -56 39 -31 0
7 -1 31 55 0
7 9 13 40 44 10 25 51 51 54 15 16 34 60 8 33 43 58 9 23 38 53 0
9 -33 -42 12 0
27 -54 -57 0
5 20 52 56 15 17 25 32 0
20 48 54 0
2 39 42 51 -3 -13 23 37 48 52 0
25 -10 36 -49 4 4 26 31 38 11 14 0
17 27 41 55 57 -37 30 -46 0
37 -16 6 10 47 49 0
27 28 42 51 3 23 58 59 20 -53 -13 3 -10 12 16 32 0
52 -41 48 -38 -56 8 -12 -18 7 30 45 0
49 -50 6 48 42 -11 38 53 0
57 -10 -53 0
-2 1
-2 2
-2 3
-67 2
58 -32 -56 22 -8 -13 0
0
54 -13 8 -25 -60 0
0
6 38 42 0
5 -40 -48 25 36 44 56 8 17 35 35 50 -37 28 48 50 53 55 0
22 23 33 17 -31 -22 0
58 39 43 47 -55 0
42 47 55 -52 -15 33 -12 -5 24 -54 -40 43 -56 -1 0
59 -30 51 -52 -58 0
16 17 0
17 18 20 55 0
6 7 25 55 0
0
5 48 53 24 27 39 51 52 3 9 24 45 0
21 23 45 52 53 9 41 55 0
4 -20 0
55 0
25 -47 5 -15 28 -31 22 -14 51 -16 -5 0
6 -5 35 43 53 1 -7 13 -18 0
-50 2
-54 3
