2 4 30 35 18 -30 25 -49 -53 35 -27 14 42 51 0
48 -33 44 -15 7 -32 25 40 48 58 0
36 18 19 56 58 58 0
35 -55 9 40 47 54 1 10 35 40 47 49 0
42 56 -14 -10 0
59 0
14 58 1 -7 -19 14 -42 -30 56 0
35 -28 -59 1 12 15 39 13 -42 0
18 28 30 35 35 0
19 -49 43 -18 -48 0
50 -57 -27 34 -24 -20 29 -30 38 -2 0
30 -27 12 19 26 29 55 0
34 30 -48 2 -8 -45 47 -28 -26 32 -49 -25 0
9 53 57 0
39 -35 -49 1 21 45 0
24 38 47 25 25 34 34 36 47 18 0
49 -31 -29 56 -26 -52 56 -53 -8 0
0
24 -43 30 -25 49 -24 39 0
0
11 -30 47 -38 -30 3 5 51 52 0
0
-5 1
-5 2
-5 3
-69 2
8 -41 34 23 -13 -19 0
12 -5 43 -22 -29 48 -17 3 26 39 45 58 0
31 -46 51 -7 -24 10 -18 0
59 -9 39 42 57 17 27 7 10 14 14 44 0
31 -20 39 -41 -40 25 26 0
17 -34 -37 0
28 -17 3 13 3 21 23 29 0
6 -36 -52 30 -55 -43 49 -57 36 0
39 -17 1 22 38 11 14 20 32 38 0
31 -4 -1 0
16 -59 19 -19 14 -4 14 30 36 5 6 8 51 53 0
58 0
54 -37 31 -35 -17 0
22 -33 -16 13 15 41 0
0
27 -6 1 -56 23 -15 0
23 24 45 60 53 -34 59 -2 0
40 -33 -4 0
30 33 60 0
54 -1 0
-50 2
-50 3
