9 20 36 0
25 -21 28 55 1 41 55 0
5 0
14 23 46 -37 -39 14 29 36 38 51 39 43 0
55 -20 25 -14 0
31 -13 35 0
0
27 0
16 -31 1 14 -4 -52 0
41 -35 42 -34 -41 22 -27 8 48 49 0
0
50 -40 -29 0
12 24 24 44 49 0
53 -45 -10 13 23 51 53 46 -56 16 -23 0
28 -55 -15 18 34 46 56 57 0
59 -8 -38 48 -59 -50 14 37 0
35 36 50 52 15 58 0
7 -2 -55 33 -4 0
2 38 -32 -22 25 -37 0
43 -6 -30 5 16 36 39 44 8 13 35 36 60 0
17 35 44 10 53 55 3 13 16 25 27 -11 -58 0
18 -33 0
-3 1
-3 2
-3 3
48 -51 -59 8 10 37 45 0
25 -18 -15 24 -18 41 -1 -44 58 -48 37 -42 -11 0
38 -47 -54 54 -21 3 23 24 48 51 -9 0
31 -50 -48 17 26 31 51 58 9 0
6 24 53 60 0
39 -5 9 -48 59 -32 -17 6 -24 0
59 2 -42 -36 1 54 0
0
28 -31 18 35 37 45 49 12 37 51 0
19 26 37 43 37 -39 33 -21 7 -3 -19 7 23 58 0
41 -59 60 -44 30 -13 -28 28 -50 -6 19 -60 0
10 40 -38 0
12 15 44 11 -16 17 0
55 -12 -52 5 19 30 39 0
15 33 47 53 12 26 38 49 59 0
37 -50 0
39 -9 60 -43 35 0
8 -45 -46 38 -60 -16 0
12 -6 1 12 16 49 49 47 47 50 56 0
32 -25 0
-3 2
-3 3
