11 -36 14 48 55 59 60 0
6 13 19 37 49 22 -40 -52 0
30 -24 -42 28 53 54 59 20 44 0
42 51 1 5 47 54 0
18 -16 -4 53 -19 27 -26 24 39 0
1 -37 -25 43 -35 -58 0
29 -44 10 -29 -50 29 -51 0
30 -5 0
0
14 -40 1 25 30 37 0
41 -50 -45 20 -12 10 16 39 58 0
14 17 21 32 56 16 -37 18 -36 18 18 34 35 40 53 -50 -50 0
8 -44 12 15 24 60 7 16 23 27 29 0
59 -59 -37 8 24 53 45 -49 -51 0
8 21 30 34 55 -9 -60 25 -16 -27 0
37 -30 0
60 -35 -34 51 -17 -13 43 0
41 48 50 38 -34 -47 11 26 42 0
13 42 42 53 33 -47 56 -4 47 -49 -47 0
17 39 3 -26 -22 34 36 42 23 -56 7 0
39 -48 -11 2 8 0
12 20 42 50 57 22 -31 0
-3 1
-3 2
-3 3
-68 3
0
6 15 40 1 -14 45 -30 16 40 46 59 0
13 -5 32 -13 -1 0
6 22 30 51 18 -6 -6 15 -26 -48 19 51 0
38 16 29 40 55 60 60 -28 0
26 0
28 -57 -17 0
30 45 46 1 -41 -40 34 -19 0
6 -3 -17 5 -58 -14 0
10 -59 14 27 39 55 55 55 7 20 31 38 59 54 0
7 51 57 35 -7 -53 44 0
33 -55 -46 8 24 0
57 -50 -34 2 -51 -25 26 -34 25 -53 0
19 -22 -1 23 -19 0
35 -48 37 -20 -2 32 -52 -10 0
41 0
52 -59 -35 3 34 51 11 18 30 33 52 6 -46 -33 0
20 32 39 51 13 43 53 58 39 52 0
48 53 0
16 38 43 8 -20 -38 45 -25 -54 0
-3 2
-3 3
