34 -15 -12 31 51 -28 51 -36 0
3 6 28 0
26 -46 -48 34 -48 -46 28 4 -13 -22 0
51 -52 -7 47 -49 -43 36 60 38 48 0
28 -34 4 11 21 24 50 52 24 -55 -25 4 5 18 37 0
1 9 31 42 40 -50 -57 27 -16 -15 10 42 0
60 -34 0
12 16 26 28 31 47 -17 0
21 35 20 -53 -13 0
58 23 26 36 36 50 4 -40 -59 23 31 33 56 0
40 41 42 43 59 -16 -57 5 40 48 0
38 -41 -17 25 -56 -6 19 -56 -22 0
7 54 0
42 -17 -50 52 -9 -25 58 -19 0
38 -42 -41 12 39 40 44 48 6 6 58 59 44 -43 0
36 50 55 0
15 -9 9 9 39 22 36 0
31 -22 -53 41 -57 2 -41 -54 48 -43 -21 0
24 25 32 36 58 5 52 54 0
37 48 37 50 51 18 56 57 0
2 3 13 45 45 0
58 -27 13 48 52 26 -7 11 21 23 52 54 0
-7 1
-7 2
-7 3
2 10 25 32 59 -35 -13 0
1 33 59 0
36 40 48 50 60 6 -42 0
23 43 34 35 52 60 0
51 -41 41 45 28 -48 13 -59 0
2 10 39 -5 15 33 53 54 0
12 -23 -13 11 -45 0
0
7 11 37 50 35 -32 16 31 32 55 59 0
46 -48 22 24 0
1 -21 1 7 0
44 -43 33 -13 5 38 17 -33 -21 0
6 7 16 38 44 0
11 34 41 46 15 37 -7 0
9 33 56 29 33 40 49 52 0
15 38 60 52 0
24 -2 -4 53 -22 0
40 -39 30 -3 -11 44 -32 22 -26 -57 1 2 15 34 41 0
0
25 -34 -57 32 -49 0
-7 2
-7 3
