19 40 0
34 57 -50 0
0
31 -36 2 32 38 43 50 3 36 60 0
44 -10 12 -56 11 30 55 21 -34 21 -46 -25 0
1 -33 -8 11 -56 -13 0
5 -16 46 47 49 0
12 -30 0
50 -15 -4 4 -31 50 -18 -29 0
44 -7 -45 25 -21 52 58 39 -11 -52 0
16 -43 -54 30 36 0
9 15 26 57 0
40 -46 -39 57 -17 -17 15 -21 -58 33 35 40 41 0
17 -60 0
41 -24 -53 0
6 21 24 30 45 17 19 35 49 52 38 -19 -41 0
11 30 34 29 57 34 -9 22 -9 -28 45 -31 0
7 13 17 32 46 0
0
55 -59 -26 5 5 36 46 53 29 36 39 49 47 -39 -12 0
10 -16 0
17 -14 -7 8 -39 40 -6 -23 0
-13 1
-13 2
-13 3
-67 3
40 -2 -30 35 58 9 14 13 38 56 0
21 49 33 -46 -35 12 59 60 0
8 15 57 2 21 -4 50 -38 13 14 14 33 0
38 -23 13 -36 1 -20 0
34 -57 -17 35 1 40 52 0
46 -27 1 14 28 47 53 54 -55 -3 24 0
34 45 48 -24 -26 0
43 47 -35 -6 58 -29 0
42 51 10 46 0
15 36 -52 0
2 30 43 55 10 -14 10 -17 -46 0
5 -11 -60 34 -22 -13 15 -29 -47 0
46 -32 -27 28 33 41 44 0
22 0
1 12 13 0
52 -36 -13 43 -58 0
45 18 -28 25 -28 -31 0
0
4 18 34 24 -10 -3 0
11 29 39 55 55 0
-19 2
-19 3
