8 -40 -16 25 -55 39 60 13 -29 -9 57 0
5 34 36 37 1 8 8 21 53 4 31 56 0
37 0
15 -28 2 8 55 0
13 -60 0
42 -17 7 39 54 59 60 37 -57 -3 0
58 -14 -2 20 -41 0
2 21 24 28 57 0
51 -20 -31 42 -17 0
33 -12 -48 0
24 0
33 -40 0
54 -47 -7 3 13 50 60 13 20 0
6 6 16 19 28 30 -23 31 38 47 1 0
18 -34 -10 0
30 -57 -44 60 -33 -26 14 -43 0
26 30 44 45 48 0
17 30 37 52 3 -18 -31 26 -45 -23 23 34 57 -39 -19 0
9 21 34 55 6 -39 -34 47 -21 0
37 -17 40 46 -19 0
13 -59 -3 0
15 -30 -4 0
-9 1
-9 2
-9 3
44 0
21 -44 24 -32 0
16 35 35 40 56 0
5 -45 60 -33 24 -6 -31 40 0
38 -37 -5 0
17 24 53 -31 -4 5 23 29 38 2 6 42 0
20 -42 -30 0
8 -30 -35 0
31 36 53 21 39 50 58 21 -31 0
0
9 -51 -36 2 3 35 41 0
4 -58 4 27 54 0
40 -1 -6 0
5 -45 -36 0
26 44 47 30 -14 0
10 -19 -56 50 -60 -25 0
29 -8 -19 33 3 6 12 20 54 17 0
45 -60 -3 0
5 14 16 29 30 24 -49 60 4 -51 38 -49 0
0
-10 2
-10 3
