48 -36 -12 11 15 24 0
38 -23 15 35 38 39 42 50 -7 1 29 -37 0
12 20 21 53 55 12 38 59 -58 -23 0
6 -35 -28 3 8 34 42 57 0
13 23 37 55 60 0
29 -51 43 -34 0
3 7 36 36 60 7 -14 -26 22 12 -56 0
2 25 57 13 32 49 56 21 58 -60 11 -13 -22 0
38 -15 21 -23 1 3 8 10 33 -39 0
44 -55 -11 0
16 -20 8 -44 -18 0
3 4 37 0
44 -36 0
54 17 -23 11 -23 13 34 10 24 48 0
7 23 30 56 18 18 30 31 48 5 22 29 -37 -41 0
11 23 49 55 60 46 18 59 0
2 56 59 52 -25 58 -56 0
10 42 53 26 -31 -12 38 -56 1 -49 -17 0
9 23 38 44 47 34 -50 26 -39 -24 60 -55 0
4 29 54 59 32 49 31 -42 -15 0
35 52 55 28 -3 -9 0
38 -28 7 18 25 36 44 23 -49 -9 4 12 30 53 60 18 -51 -44 0
-13 1
-13 2
-13 3
-66 3
0
43 -1 0
28 -6 -1 35 -8 -51 0
34 52 52 19 37 47 52 56 0
43 50 21 42 45 3 51 53 37 46 0
42 -54 39 -33 -36 48 -58 -45 0
0
6 19 20 51 44 59 37 39 55 60 1 39 40 0
56 -41 23 -52 -45 2 11 11 25 49 0
8 29 7 54 40 -20 -49 10 17 45 53 2 27 34 0
52 7 22 50 60 28 -35 0
39 -31 33 -37 0
54 -21 0
5 12 26 41 50 0
2 -16 8 53 50 -42 -43 1 21 22 23 4 16 20 0
1 6 26 40 57 46 -50 -53 26 -49 -22 55 -13 0
55 -27 15 4 12 0
51 -24 0
57 0
41 60 60 34 -26 -2 0
-13 2
-13 3
