47 -32 2 26 34 60 47 51 53 43 -8 14 40 52 53 0
4 31 56 14 53 54 57 0
1 21 44 15 -40 27 34 42 7 -49 20 -26 0
0
37 -16 -16 27 43 52 57 0
1 13 18 38 41 59 -53 21 -50 28 32 0
11 -52 -1 25 -33 -6 15 37 54 0
13 18 25 39 45 31 0
8 16 40 33 -38 -58 35 35 39 40 -26 -57 28 53 0
0
17 -43 0
14 -16 -51 37 43 32 -8 0
4 -2 40 21 -25 -34 12 34 49 53 5 45 47 56 0
29 -58 -26 6 12 13 39 36 -38 -3 0
50 -44 -28 21 -21 -42 0
25 -43 -52 19 29 59 0
21 48 8 21 23 53 0
9 12 44 60 32 -42 -11 24 9 -10 -31 26 -1 0
0
8 -45 -49 11 -35 37 -30 2 7 29 53 15 43 0
38 -49 -2 2 -60 13 -54 0
8 36 46 53 27 11 40 40 48 56 -50 0
-2 1
-2 2
-2 3
34 -45 -28 0
20 -20 5 30 43 51 0
0
42 4 20 26 45 59 20 -9 0
47 51 55 0
17 -50 3 23 26 42 52 0
4 16 23 51 0
22 38 53 10 -50 -1 0
2 24 27 53 57 19 -18 -4 27 -52 -2 0
5 -5 -49 46 47 54 38 -57 0
19 -51 -37 47 -31 5 14 26 29 44 34 -4 -35 0
39 -18 34 -55 0
4 -52 -28 0
15 28 28 38 44 34 -29 15 -20 -15 10 0
53 -31 -10 17 21 22 42 55 10 19 41 6 14 14 21 47 13 -50 0
29 -44 -20 30 -49 -5 22 -31 17 20 21 21 57 6 -4 -5 0
59 0
21 -52 57 -56 -48 0
40 -52 1 21 -35 0
60 -10 26 -44 0
-48 2
-53 3
