53 -32 49 -60 -2 51 -60 4 12 28 49 26 -42 -7 0
21 -33 -2 23 43 -46 -54 24 -60 0
57 21 55 24 -46 46 -8 0
21 -2 0
55 -5 -28 21 -40 0
56 -38 50 -10 -29 6 11 35 45 51 0
15 -40 -10 51 -10 -39 0
14 -46 -59 1 -7 44 0
5 -54 -30 10 16 23 27 60 26 -10 -28 31 -18 55 -16 -54 0
25 -33 -4 14 14 49 51 0
14 41 48 13 47 54 58 0
18 -15 56 -4 7 39 50 60 42 -6 -50 12 16 39 44 0
31 -1 -51 0
36 6 6 15 38 42 0
2 20 45 17 18 24 26 50 -59 0
56 -29 -49 6 -6 56 42 -30 0
52 -38 37 44 0
12 18 49 58 59 32 -9 11 -12 -2 20 58 0
43 -47 3 24 39 40 40 0
5 8 23 47 0
21 -5 -56 0
4 -15 14 41 -29 -60 0
-8 1
-8 2
-8 3
47 -10 35 -6 -41 22 -34 -48 27 33 36 54 0
9 18 30 46 30 50 0
36 -54 30 -43 0
52 -21 27 -28 -45 0
37 -16 6 -39 0
18 27 0
24 -19 -27 6 15 22 46 47 3 46 0
50 -17 28 60 41 59 18 -13 0
38 -53 2 7 -23 -37 0
48 -20 -41 44 14 -52 -24 10 60 60 -18 0
6 35 36 39 -57 18 -39 51 -49 55 0
12 29 55 56 57 5 23 33 47 25 -17 -14 5 -60 -44 0
56 -23 -53 60 37 -49 -32 45 -23 58 -13 0
23 -56 29 35 44 36 -20 16 -58 -3 15 26 46 0
8 -42 24 -45 13 13 15 47 48 0
18 50 3 -37 -1 2 48 4 -18 -38 46 -4 0
12 59 59 56 -54 23 -45 11 13 32 0
5 -39 20 25 45 54 0
33 38 25 -51 -48 52 -48 -58 0
25 -2 -58 42 49 51 57 44 -46 -29 0
-49 2
-52 3
