35 -59 0
0
55 -38 56 -14 10 -17 -49 36 -21 -53 0
42 25 -19 -28 0
0
58 0
28 -18 0
27 28 42 51 59 21 -57 36 0
29 -43 47 -50 -10 0
8 -38 28 44 15 24 45 17 29 38 45 31 -33 -40 0
20 -55 19 -12 -37 25 26 39 53 55 0
19 -28 -20 0
28 -47 5 41 -14 -21 9 -12 -34 7 33 36 0
17 24 31 50 13 57 5 15 33 0
44 53 57 33 42 0
13 25 39 0
25 28 40 44 48 23 48 0
9 11 14 60 29 -58 -58 3 31 49 60 26 30 60 0
22 36 -43 42 -24 60 -47 -55 11 -50 0
30 -13 -30 10 15 30 39 50 3 13 55 14 19 43 58 -22 0
13 36 37 10 23 48 56 22 -39 -36 10 -52 -43 4 13 54 0
51 -24 -39 20 -19 20 40 0
-2 1
-2 2
-2 3
57 -40 -26 19 36 37 41 44 0
57 -8 51 -5 -4 22 0
50 24 -23 0
2 13 21 -35 -60 23 -49 -11 35 46 0
27 29 39 21 -24 -55 0
9 5 -25 52 -1 53 56 0
8 -31 -43 39 -28 -40 50 -55 0
41 51 13 49 1 -23 31 -15 -33 0
24 30 41 7 -24 -59 52 -57 -36 0
21 -13 -9 12 -16 -41 16 -38 0
43 53 -14 -18 16 -27 -1 5 54 0
0
2 7 31 52 58 54 -20 31 -17 -22 24 34 43 56 31 -38 0
4 -21 -39 0
22 40 52 28 -13 0
26 20 -29 -42 5 -40 -10 39 -42 -54 0
17 -28 -25 28 -51 27 -31 6 24 30 34 0
5 26 26 58 0
8 22 25 53 4 30 26 1 43 0
0
-17 2
-17 3
