10 12 25 42 58 0
1 18 22 42 53 7 -26 -57 49 -17 -57 15 27 31 34 0
12 -43 0
2 -55 -27 29 44 55 0
11 39 0
37 -37 -2 0
1 20 31 40 54 31 0
3 53 -6 16 -38 -39 0
16 -28 6 17 18 34 0
46 -46 -41 58 55 -57 51 -10 52 -44 -11 0
48 -35 3 -40 -4 0
54 -49 0
49 53 31 -49 0
5 41 19 37 47 49 17 -48 -15 17 34 51 55 55 51 0
23 -41 -30 55 -18 17 39 14 51 -10 -11 0
0
41 -15 3 39 53 22 0
2 3 14 20 11 -36 -19 57 -9 0
17 19 59 37 -55 35 -23 27 -40 0
7 25 -47 -14 56 -26 -30 0
0
31 33 36 43 0
-3 1
-3 2
-3 3
-69 3
-67 2
5 39 51 57 4 -14 -10 0
7 -8 -57 6 -18 -13 7 53 34 -53 54 -57 0
37 -7 -50 55 -43 -15 0
44 -15 -30 31 58 58 19 -49 2 24 50 0
42 -60 -48 6 -12 33 -42 25 -48 0
24 58 -58 46 -51 0
6 -21 37 -1 -16 0
7 -48 28 50 0
47 52 -56 33 -40 0
48 -48 -27 32 -22 -32 0
42 -40 54 -56 5 28 46 52 0
20 58 29 43 0
22 -7 -36 6 52 52 12 4 18 24 33 0
12 49 27 -24 -17 19 52 57 6 -51 -57 15 -15 -38 0
10 20 24 36 17 -2 -14 34 -32 -25 41 -59 -27 48 -44 -1 0
21 -53 -40 56 -46 -34 34 -31 -5 8 16 -26 0
46 -43 -43 22 -33 0
48 -25 -7 1 -25 -34 9 -40 60 -10 -46 17 -3 -48 0
4 40 34 -9 -53 2 33 52 32 -51 37 0
29 -17 -15 0
-12 2
-12 3
