12 34 42 54 14 46 47 51 12 33 53 54 32 -12 0
3 24 26 38 55 7 11 54 11 -3 0
10 17 24 43 50 56 0
25 -5 -4 0
6 -1 -25 24 -30 -6 20 21 28 34 38 29 -57 0
33 -49 -19 2 -60 -10 0
17 47 48 50 0
41 -41 -13 18 52 57 0
10 24 50 40 -58 -45 16 30 5 8 46 0
28 -37 24 -29 -26 18 -5 -44 24 33 35 47 52 -46 -4 0
58 -9 6 42 50 23 -19 46 -59 -50 0
31 -16 -59 40 -23 -60 0
2 13 18 30 44 52 -25 0
30 -53 0
0
25 -1 -5 15 36 37 48 49 48 -49 34 47 52 60 0
59 -57 -35 36 49 44 -45 -3 0
52 -24 15 31 39 44 51 6 7 11 12 0
3 49 53 53 0
32 -17 -46 43 45 55 0
54 57 12 -10 -21 55 -54 -53 24 35 0
40 -23 25 -18 0
-2 1
-2 2
-2 3
57 -54 -54 0
0
1 24 56 56 39 -52 -21 0
49 58 -29 -55 0
3 26 31 32 59 17 25 42 50 51 0
4 -16 -39 14 41 57 60 60 19 -4 -24 20 -3 16 -13 0
57 -57 -50 32 -17 -14 56 -47 41 59 0
0
41 -49 -22 17 31 45 59 4 5 18 34 38 7 38 0
0
22 16 25 0
58 -47 0
2 4 17 35 0
1 -7 3 16 38 46 54 12 17 58 0
56 -34 0
44 -10 -47 50 -13 -43 49 7 32 40 41 27 0
21 38 50 53 59 40 19 -23 14 -22 0
8 -12 -14 0
10 -3 1 -42 0
16 -55 -36 2 36 41 12 51 56 56 58 54 -3 53 -3 0
-52 2
-50 3
