5 -7 13 13 39 50 51 55 0
8 -25 39 -23 6 -55 0
25 -40 0
24 47 0
4 -20 -5 26 -2 -27 24 51 -16 -3 50 51 53 0
25 -16 -35 21 -14 11 -54 -15 2 29 46 54 -54 -32 0
17 -2 -52 47 -14 47 -25 0
2 11 13 35 46 56 -16 0
0
38 43 43 55 16 18 24 36 38 9 21 28 32 47 0
41 -8 -39 37 0
9 9 60 35 -5 -9 0
45 7 -42 11 -43 -32 0
2 -11 -7 0
15 0
3 11 1 8 24 30 34 0
38 -57 0
43 -31 51 9 16 16 40 0
36 -1 -53 0
0
43 -18 -35 32 37 21 -27 -2 56 56 0
30 -32 41 54 0
-9 1
-9 2
-9 3
-69 3
7 21 40 44 32 -27 2 -14 -43 3 11 12 37 39 0
55 -22 15 -1 0
7 36 46 0
8 29 42 11 -3 -55 53 56 14 -42 0
27 35 50 27 42 42 59 0
31 -53 0
51 -2 -5 35 -12 -6 27 -44 5 8 0
54 -27 -57 3 -6 0
1 7 16 22 37 25 -11 0
34 -53 41 -37 0
16 -41 -36 36 -7 0
3 37 45 5 -35 32 0
18 33 37 57 59 19 20 27 49 37 -5 -37 0
30 34 47 34 -11 7 14 20 40 25 26 44 50 58 0
22 -35 21 46 30 -39 0
31 35 44 49 54 0
48 0
9 14 28 30 57 0
41 -20 -37 47 58 15 -29 -48 0
5 10 14 16 41 7 -42 0
-48 2
-50 3
