26 36 41 54 3 -9 0
16 -30 -47 28 -35 12 15 37 52 15 -34 -55 2 10 12 37 38 0
23 29 45 52 59 55 -39 -14 6 37 38 51 17 -11 9 20 44 50 0
33 -25 -59 42 -34 -5 17 35 0
0
5 -29 46 49 -12 0
9 23 26 33 42 45 52 59 6 6 8 54 55 0
18 26 27 35 41 14 55 -24 48 -18 -17 0
49 -58 14 -56 0
32 39 44 59 38 -50 0
11 16 41 45 0
46 -12 0
14 21 25 38 46 21 39 0
28 14 56 7 48 48 51 0
36 23 -50 -36 46 -59 -19 17 27 32 33 -12 -49 0
16 -43 -57 43 0
57 49 -1 -5 41 -32 52 -31 -24 0
27 -50 -46 40 -36 0
24 7 41 42 57 59 7 37 45 56 0
6 -13 -24 5 8 0
52 -2 -20 26 -35 -41 17 -44 -30 2 16 36 47 48 43 -17 0
39 -58 3 -13 0
-2 1
-2 2
-2 3
-66 3
-67 2
39 40 50 52 56 38 -58 -31 45 -39 28 52 54 56 60 0
7 30 42 55 56 9 -33 -11 9 15 0
20 56 0
22 9 28 57 0
34 -58 22 -6 12 -5 -36 0
58 -49 13 -55 -41 60 0
25 -43 -26 21 -46 -44 0
16 16 30 44 44 2 -22 9 12 46 51 0
25 -33 27 -34 55 -37 38 57 0
42 -24 0
12 13 19 33 30 51 5 -35 43 0
3 45 54 54 6 -18 2 25 26 52 22 -30 -58 16 21 24 49 51 0
1 30 58 48 -34 56 -16 -19 4 0
49 -59 6 -8 -23 0
17 -12 -15 0
12 33 41 0
24 -20 29 -5 0
55 -48 17 26 36 52 0
13 -41 50 -42 0
10 -47 0
-30 2
-30 3
