20 -60 41 56 -43 13 39 -36 -27 0
23 -59 1 -56 0
42 48 22 48 50 59 54 -26 -15 0
60 -4 -30 0
16 -2 0
56 -40 18 -6 0
54 -20 -20 34 -22 0
1 29 -9 -59 3 9 16 20 0
6 14 28 36 0
0
58 -10 -41 4 0
0
19 22 51 51 20 -60 -43 58 -5 -10 26 43 49 58 52 -23 0
17 27 -48 9 19 56 31 56 59 0
19 51 0
1 11 22 45 36 51 -40 -27 0
46 -48 -35 57 -25 8 11 30 51 6 -56 -46 0
54 0
46 3 10 31 49 49 -29 -10 39 -59 0
15 19 43 9 -28 -31 45 -57 -32 0
45 -35 29 38 58 0
41 -1 -47 17 -57 33 8 52 57 54 -21 -25 0
-2 1
-2 2
-2 3
-67 3
18 -49 33 -32 28 -43 6 -12 -20 0
34 -43 15 57 -31 0
33 -38 -29 49 -53 -54 53 -52 -6 31 -1 -5 13 -59 0
18 45 60 2 -36 0
57 -46 -27 25 16 -2 36 -49 -39 0
59 -22 -36 53 -15 11 23 39 52 0
51 9 58 3 -32 0
29 41 47 42 -42 -42 0
21 -12 -52 0
0
4 -53 0
29 -26 55 -32 39 -34 0
21 29 29 36 47 0
9 14 35 38 59 0
14 18 26 11 15 28 33 52 18 -29 0
41 -29 -23 0
19 -27 45 -50 -28 43 -49 -26 40 -17 29 -17 -6 0
32 -15 3 -22 -34 7 -39 0
22 34 16 -32 -59 8 18 43 44 48 0
14 24 38 42 47 0
-4 2
-4 3
