50 -29 -7 0
11 56 20 56 0
8 -24 54 -59 20 -46 -7 0
49 -34 -6 4 52 29 -14 -46 0
5 -35 -21 24 -23 -45 32 -14 7 -47 0
44 -21 -22 0
0
9 -48 36 36 37 49 52 0
4 35 35 40 59 42 -47 0
2 -55 0
37 -49 19 20 21 0
0
7 -12 -15 0
4 49 40 -31 0
2 49 0
13 19 47 51 52 32 42 47 55 55 2 22 27 31 50 0
53 -48 23 0
22 -53 58 60 -37 14 -59 -51 0
41 -28 0
14 -51 37 47 0
4 5 47 55 -5 0
0
-2 1
-2 2
-2 3
-67 3
55 -55 45 -38 20 32 39 6 39 56 59 60 38 -43 0
54 -25 48 -12 0
7 11 17 23 37 32 -48 -54 34 -8 14 -3 38 -17 -3 0
38 -4 14 -8 0
12 15 59 37 -24 -24 0
0
54 -23 0
19 42 47 4 7 21 52 58 -39 -36 0
54 -31 -48 17 41 5 36 38 46 58 0
3 41 13 13 23 24 31 0
29 -3 -52 0
37 -21 -10 7 -48 43 -6 36 -18 -9 0
3 -25 -34 12 -5 18 -7 -31 30 48 0
56 47 -35 0
0
14 -21 9 -42 -28 25 26 5 -11 -39 29 0
26 -52 59 -3 0
50 -29 31 -28 17 -8 10 48 12 41 46 48 0
3 -14 29 45 36 -7 -14 0
14 15 31 47 53 52 30 -49 -47 0
-2 2
-2 3
