1 36 47 50 -31 35 -8 -49 53 0
1 -42 -19 8 -4 34 -32 0
49 -15 14 -46 30 40 56 5 54 56 0
1 52 3 -19 -14 51 -57 29 34 41 60 0
22 24 56 0
2 15 42 10 -54 11 -28 0
20 -48 -25 1 11 14 56 24 -4 30 38 -46 -58 0
26 -48 15 15 32 34 0
8 12 58 7 15 59 0
24 -27 1 -50 35 -9 3 7 25 20 -36 -4 0
33 -45 37 -30 -16 32 40 43 7 22 49 54 59 0
26 -22 6 40 51 46 -14 0
36 -18 43 -18 20 0
13 38 60 0
29 47 6 34 0
6 -3 -50 0
0
11 20 51 51 9 -33 -16 59 -30 -43 20 -42 0
7 15 59 17 -41 0
31 34 23 -50 59 -39 -54 24 60 0
49 -43 -9 58 -39 39 -19 24 -43 -25 0
4 5 11 12 56 21 29 0
-18 1
-18 2
-18 3
-66 3
24 41 58 60 9 -44 -24 27 -27 -54 1 -27 -59 0
23 -55 49 -55 12 -18 -7 32 14 31 0
50 -3 -29 27 -39 0
12 -22 -48 37 45 0
3 11 27 34 37 55 38 -6 -8 0
21 -34 -27 0
38 -49 -52 0
8 17 32 49 8 28 43 38 -17 0
57 0
44 46 17 -46 -46 45 0
29 43 7 34 -22 9 17 22 26 42 0
10 -53 -58 18 55 37 -57 -20 0
31 -23 -46 20 -15 60 -46 0
26 -45 -25 40 51 60 55 -2 -58 27 -20 -12 60 -20 -42 0
27 -8 -16 0
48 -39 -2 0
54 -21 -21 0
58 -57 -43 51 -27 -44 0
12 56 18 -14 12 0
18 21 27 35 54 -46 -22 0
-18 2
-18 3
