23 -45 -18 15 -33 -32 37 -51 14 -8 0
7 -53 0
26 26 0
12 26 28 57 18 37 56 42 54 44 0
41 -35 -54 24 36 40 53 35 29 -54 0
58 -18 0
52 54 8 8 58 19 25 26 60 0
44 -13 -14 33 -36 -50 9 -26 -15 31 -31 42 -41 -35 0
35 -17 -41 10 18 41 57 20 -5 0
48 -9 12 22 30 32 50 40 49 26 50 0
21 -21 -49 32 -26 -36 7 16 28 29 55 33 -54 -22 0
1 -17 60 -58 -27 18 -35 32 -23 0
33 58 0
7 7 20 20 53 25 -51 29 51 -15 -1 22 34 40 0
0
38 -43 -35 28 33 5 -60 -1 7 47 49 52 27 -29 -7 0
31 38 48 13 -30 0
59 -41 -13 19 24 52 55 14 32 0
23 -9 59 -28 0
0
60 -17 2 48 0
2 15 17 0
-2 1
-2 2
-2 3
40 -59 47 57 10 -15 -29 0
10 -4 47 -11 -6 0
46 47 56 20 -20 0
49 -56 -57 0
20 49 59 0
57 -31 -27 6 8 55 49 59 47 -51 0
18 -13 -22 37 0
11 16 28 35 51 52 40 -24 0
45 -51 -10 23 -52 2 -41 0
3 4 34 52 16 -59 32 -47 0
17 -22 -23 24 10 33 38 51 57 31 35 39 54 54 0
1 0
5 -21 13 27 47 56 40 -16 0
19 31 39 47 48 0
3 22 23 29 39 8 18 41 -60 -58 0
41 -47 11 13 28 0
14 -55 34 -31 37 -59 0
17 19 23 54 58 19 -24 -46 6 8 14 15 0
4 -18 -54 0
27 52 24 27 48 41 -5 -38 34 -27 0
-56 2
-47 3
