0
49 -38 -6 0
1 43 0
17 26 57 8 46 48 2 27 45 0
46 -49 0
0
6 -1 1 47 0
42 46 54 57 48 -10 52 -60 -44 2 9 35 58 59 22 -37 0
2 -49 15 18 44 19 -44 -13 0
15 -40 56 -27 -47 6 0
15 -4 9 9 0
18 33 45 35 35 43 0
27 -16 -21 52 10 28 48 22 -28 5 0
8 -52 -23 47 0
32 2 44 52 16 -54 44 -57 -17 0
3 17 32 37 6 9 30 50 50 55 56 37 -25 -46 0
6 7 23 48 0
10 -12 30 32 34 42 53 -44 16 52 55 -9 -19 0
26 -25 -40 12 -21 49 -3 -54 0
14 36 54 47 -50 -40 0
53 -58 37 -53 21 28 30 40 60 0
15 35 0
-3 1
-3 2
-3 3
0
5 23 25 31 35 58 -53 0
55 6 -12 0
11 27 59 0
36 42 51 4 -40 15 -52 32 42 0
13 14 23 59 22 23 23 34 51 26 -20 -60 11 11 34 0
16 18 25 0
31 12 24 0
0
43 53 8 -49 0
30 -25 0
20 0
32 -15 -49 36 55 46 -6 -54 21 -32 -30 0
10 34 55 39 47 56 2 14 29 35 0
30 13 -15 2 2 14 26 0
38 -35 -35 11 -57 0
6 11 19 39 40 4 5 33 53 56 6 -27 -16 14 37 0
40 -49 0
10 15 58 59 37 57 0
43 59 5 -18 54 21 37 0
-52 2
-55 3
