8 15 41 41 46 34 -48 0
7 -40 -47 0
19 -7 0
17 30 47 43 49 53 53 0
5 12 22 31 50 57 -48 -10 0
0
10 -9 -35 58 -32 26 -13 0
0
52 17 -37 -43 37 -14 40 -10 -15 16 -35 -35 0
1 32 50 -4 26 31 60 0
4 26 49 57 0
51 52 46 47 57 60 0
3 43 45 29 -17 23 0
18 47 52 31 -53 0
44 -5 0
4 -12 33 -51 35 49 53 11 38 12 30 35 35 44 0
12 -20 -10 3 59 0
0
11 18 25 35 27 -42 30 40 44 60 43 48 0
31 -23 -51 60 -53 0
3 -28 -48 3 -55 42 44 45 -55 -39 0
54 -52 22 24 38 0
-2 1
-2 2
-2 3
-68 3
23 33 37 39 55 10 -38 0
15 -20 -46 12 45 43 -54 -35 0
22 -10 -44 34 -11 -12 47 -52 -37 16 29 51 -10 0
5 46 49 59 60 11 -43 -12 0
15 -45 -43 0
59 -31 -22 0
4 0
5 -29 50 -6 -58 21 -36 4 27 36 0
56 0
3 32 43 14 53 54 2 13 24 53 59 21 -26 0
13 34 41 46 49 54 -24 2 19 19 45 0
20 -11 23 55 45 -33 -32 13 -56 0
51 -37 0
17 31 42 7 26 28 45 45 0
11 24 26 59 12 21 21 20 -20 54 -51 0
0
6 -33 -38 9 -12 0
19 48 54 21 -19 0
6 -27 0
2 14 21 58 0
-55 2
-52 3
