4 34 39 34 -54 2 -14 15 -52 0
21 28 53 15 -8 5 47 5 36 48 0
3 -46 -18 44 -2 5 -39 -48 0
32 -15 -30 47 -48 -58 27 15 -36 -38 11 -40 0
32 38 49 0
36 7 -46 0
9 -6 -56 24 26 33 0
1 2 55 56 60 18 53 55 4 19 38 43 0
6 -46 0
31 -15 40 -30 0
16 -16 -46 0
4 -60 -49 27 2 57 0
8 21 11 -40 -54 23 40 53 55 59 0
0
34 48 39 47 11 -53 -29 4 6 9 38 0
25 -38 28 -6 37 3 -9 0
0
32 -21 19 58 59 0
14 23 25 37 7 37 37 40 54 15 -34 -7 0
21 33 33 1 32 35 39 53 -55 36 21 -34 -48 0
13 34 47 0
28 -35 -41 0
-9 1
-9 2
-9 3
3 8 23 29 55 -33 -55 39 -51 0
4 -39 -58 36 -12 -3 22 -11 5 -3 -15 28 -33 -24 0
59 -31 37 -8 24 59 60 4 23 24 37 0
8 18 47 32 -55 -36 6 13 16 45 48 -44 -57 0
2 12 25 -23 0
1 36 54 10 -30 -56 33 -56 -58 23 -41 38 -22 0
54 -27 14 -13 4 -40 -14 0
8 37 29 -48 -26 43 -13 6 57 0
22 44 48 21 22 28 0
18 40 60 36 -55 -42 46 20 47 60 0
24 28 52 60 34 -44 -2 0
41 5 7 16 22 28 48 -58 0
10 28 -31 0
7 46 0
44 -38 0
60 -44 -50 60 14 15 33 33 47 2 -36 0
4 4 8 47 59 18 -5 28 -7 -31 20 -24 15 -18 -42 0
0
39 50 10 23 36 55 0
36 -28 -46 20 38 46 51 51 19 18 -42 1 9 25 28 47 0
-16 2
-16 3
