2 21 27 48 54 0
33 34 41 -6 -15 0
6 25 44 48 0
0
46 -57 -49 42 -57 -26 10 -13 26 28 36 0
8 9 50 0
38 -7 -7 12 -23 -46 46 -29 38 -56 0
59 -42 15 37 59 60 0
43 55 -57 -48 46 -1 -54 0
51 -17 -3 48 -29 12 -4 0
16 -28 -13 16 42 49 15 -20 -51 41 -16 0
3 -55 -37 35 47 -28 0
8 19 35 45 8 14 24 41 33 35 43 51 23 29 44 2 -37 -13 0
20 -14 13 29 30 42 -54 -7 8 10 10 59 -30 -2 0
44 -23 -31 55 -37 45 -38 -35 0
40 41 50 -47 -38 4 32 35 54 21 -54 -2 17 27 30 47 0
60 -19 -4 19 33 42 48 0
34 -26 39 -31 26 59 40 -46 -33 0
30 -44 0
9 -2 54 55 56 59 14 -39 -29 60 24 26 28 48 0
12 16 17 41 54 0
14 34 -49 35 45 53 43 -39 -37 19 27 56 0
-2 1
-2 2
-2 3
-67 2
17 -52 44 0
21 59 -11 26 -7 17 0
10 0
6 -44 0
4 -38 0
3 43 0
1 37 42 46 54 54 -57 -20 38 0
1 -37 -49 35 40 51 57 29 -45 -3 4 53 0
32 28 -34 0
46 0
18 44 59 4 30 13 16 37 39 59 18 -1 -59 48 -56 -53 0
5 46 21 26 29 52 0
53 -13 -48 1 44 10 25 27 36 2 11 13 42 47 15 37 39 39 0
7 -31 -20 18 25 33 43 56 57 -39 5 -31 -55 10 28 56 0
30 0
50 -24 3 -55 -31 40 -6 57 -14 0
6 14 25 26 39 51 39 -55 0
25 33 -41 -33 13 30 37 47 55 -29 -50 20 -16 -34 0
13 48 42 -42 -53 0
0
-50 2
-49 3
