0
7 37 -11 -15 28 -58 17 36 51 56 0
10 12 16 30 40 25 -2 -46 43 -31 0
35 -18 -18 11 0
10 -41 -12 0
36 -12 2 8 14 29 55 43 -40 -47 7 12 32 45 58 41 -38 0
11 16 22 41 15 -6 -21 9 -17 -21 13 13 23 38 50 0
16 -34 0
6 44 -31 -42 3 8 17 0
58 13 15 39 24 -34 -4 1 0
16 32 1 0
41 -29 54 -54 -29 60 -49 -46 0
43 -53 -3 46 -37 35 25 -44 -53 0
3 -24 -23 8 -36 -21 0
15 -30 -15 0
16 -27 -16 33 20 -12 46 -59 -9 0
2 12 39 -27 36 9 -58 34 -8 0
25 42 55 56 1 -53 2 26 29 30 51 0
46 48 60 0
9 20 24 26 15 42 56 23 -6 -41 0
15 -1 0
0
-3 1
-3 2
-3 3
33 -54 24 -14 50 -18 -42 18 22 31 40 49 44 53 0
0
9 -11 -30 52 -53 9 18 0
7 8 14 19 38 6 10 0
11 15 15 22 30 19 22 42 51 57 9 -17 -55 14 -41 51 -49 -3 0
9 -9 0
26 -12 -25 30 32 35 36 55 0
8 27 2 5 14 29 45 45 4 -11 -8 49 -10 0
34 -15 -13 0
29 -19 -7 0
11 -2 22 -25 12 22 24 35 59 51 -49 0
38 -33 -30 0
4 -28 -6 24 -31 2 15 22 37 54 6 58 0
59 -9 0
37 0
52 -4 0
27 -8 -27 0
13 27 60 30 -53 -36 47 -50 -36 49 -49 0
58 -58 0
60 -3 13 0
-50 2
-47 3
