8 -28 0
0
17 -18 0
12 18 26 -12 -57 0
54 -58 27 -17 32 -30 0
22 -15 -22 17 -52 -46 0
24 46 -27 32 0
45 53 57 43 -39 0
8 12 12 20 59 52 -10 -23 3 10 50 18 -50 0
42 -45 0
17 -36 -22 0
4 -49 -60 25 -6 -53 5 13 14 39 13 -30 60 -14 0
10 22 29 0
33 54 0
15 18 5 20 20 23 37 35 -38 -6 59 -26 0
47 19 -23 39 -50 -60 0
30 -9 -5 24 51 -59 -13 50 -20 0
8 8 35 29 47 49 59 60 56 -32 0
27 41 60 27 48 0
43 32 33 1 -31 -58 36 -3 -21 0
7 13 19 29 31 25 -57 43 -23 10 -49 0
46 -49 0
-2 1
-2 2
-2 3
3 -18 -44 12 10 -24 0
10 17 11 -53 48 -6 26 0
31 -60 36 -15 -39 0
45 -56 -8 27 32 52 26 42 48 52 59 0
6 19 34 45 56 53 -34 -54 58 -45 53 -2 -53 0
59 -24 31 33 47 55 19 -51 0
5 6 28 0
20 59 0
58 -7 0
3 16 43 48 50 2 8 33 0
8 14 29 42 59 36 -57 48 -48 9 26 35 45 30 44 0
28 11 57 26 28 0
18 -26 -4 3 -51 0
14 -8 0
50 -12 36 -29 3 -33 18 28 0
4 -17 -28 17 42 0
17 -29 37 -4 -30 60 -19 0
42 -12 0
22 -52 0
21 44 55 56 24 48 48 56 18 -17 -43 0
-39 2
-39 3
