7 -12 2 6 50 57 58 9 26 38 49 -15 -35 5 7 35 0
26 -56 -25 22 11 52 11 -48 -16 5 12 15 35 51 0
10 27 8 -9 -6 2 8 0
21 22 37 0
5 -21 6 -13 -50 58 -16 16 46 0
13 58 0
7 12 26 52 53 -30 -43 23 -44 -31 0
3 11 26 36 38 19 50 0
17 -1 7 -11 0
33 -43 19 -23 6 41 58 47 -35 0
11 -6 -19 5 -49 28 -39 -18 0
21 23 44 54 14 25 46 57 34 -9 -10 0
12 39 52 56 0
5 42 60 0
35 55 58 59 0
34 -27 59 -56 -12 3 -32 59 -42 36 -6 0
17 29 35 24 40 45 52 0
5 59 -39 -7 36 -4 0
4 43 46 57 59 30 39 50 52 -37 -18 20 -46 -31 0
23 27 50 0
25 50 0
27 29 60 8 20 36 56 37 -33 50 57 0
-2 1
-2 2
-2 3
51 -5 -43 14 17 53 25 29 43 54 57 45 -42 0
2 -56 -11 34 -49 0
28 29 7 16 17 34 38 0
52 -6 -13 24 28 0
3 -33 0
21 -44 20 15 22 4 25 53 56 0
31 -34 -54 0
55 -42 -24 0
0
51 0
26 41 3 3 5 23 9 14 0
53 44 -30 17 41 46 -34 -49 28 -28 0
24 -53 8 11 52 56 0
38 -23 -43 2 -17 58 -6 45 -19 50 -1 0
25 29 30 47 -32 0
52 -37 15 22 34 0
1 16 44 0
33 -24 0
7 30 46 57 6 41 46 41 4 4 49 59 0
0
-51 2
-48 3
