41 51 4 5 25 44 45 0
33 -30 -59 10 12 43 49 52 22 0
19 23 36 43 55 0
6 -7 3 -56 -27 30 -18 -45 0
22 30 33 46 52 3 -36 46 12 34 35 51 0
24 -44 31 47 53 16 -48 -6 1 -53 -40 0
39 -23 5 -1 -1 44 0
29 -45 36 -35 -29 12 35 31 -33 -51 0
11 -58 -49 25 10 -24 -38 55 -8 -16 0
1 3 16 28 50 0
10 23 30 35 39 29 -20 -21 0
16 33 46 49 -21 -3 0
47 -53 0
30 -13 -6 0
6 39 42 48 54 13 -42 23 8 16 20 30 52 0
48 -3 -38 43 -31 -21 29 -54 5 -49 -27 19 24 35 36 53 0
16 38 1 5 12 42 10 24 51 54 3 -55 22 34 37 0
16 25 34 40 48 0
12 34 37 56 0
19 45 47 52 60 0
4 16 18 45 6 14 19 43 52 1 9 12 59 7 12 24 37 39 57 -60 -1 0
14 29 10 -55 -52 37 -33 0
-2 1
-2 2
-2 3
0
2 -50 -32 21 35 37 0
3 35 50 55 54 -45 0
1 28 0
24 -38 -39 49 -33 45 -57 0
5 6 38 39 52 11 -9 -54 11 -3 0
39 -3 25 -7 -4 60 59 -57 -6 0
39 -53 -42 37 42 51 56 0
8 -38 -55 24 32 44 50 53 15 38 51 30 0
5 20 35 39 5 13 19 32 0
58 -24 4 26 42 48 19 19 28 43 0
45 -33 -18 48 -24 -29 4 -52 0
27 -48 13 28 40 41 48 19 -10 -17 33 -16 25 60 0
29 -46 0
35 -43 42 46 55 19 -10 44 45 0
24 -40 5 -14 -2 0
28 -4 -49 9 26 38 53 3 10 44 51 60 4 26 35 55 58 0
14 19 39 41 43 -21 11 -11 14 49 54 55 56 37 -37 0
3 24 32 16 0
42 -4 9 13 26 32 0
-47 2
-50 3
