36 -47 0
13 0
8 49 38 -27 -39 0
0
11 24 38 41 49 9 -17 -6 15 -31 34 -11 0
31 33 55 17 -11 8 34 50 51 0
11 -60 19 0
46 -1 32 -34 -54 45 0
46 53 3 -23 -34 5 56 0
13 33 50 39 -18 -18 8 -27 -24 13 47 0
39 -46 0
43 -25 0
7 14 35 37 57 3 17 41 0
23 57 -24 -9 59 -41 36 46 47 48 0
0
5 -57 -8 4 4 37 31 -53 -53 28 -26 2 17 32 35 41 0
16 45 -32 11 41 45 51 52 0
15 -57 -30 12 19 31 0
9 -45 -52 0
48 -24 0
37 -36 57 -12 48 57 59 19 25 27 48 50 0
19 0
-2 1
-2 2
-2 3
-68 3
-67 2
13 40 43 51 54 43 -43 -23 0
10 -23 28 33 -23 -38 58 -54 -41 0
48 -53 -30 28 -2 -35 8 -47 -14 41 -34 -15 0
60 -11 22 37 39 43 0
14 23 51 1 19 26 28 46 39 -49 0
50 -16 28 -18 -3 0
26 31 33 44 -14 -9 0
0
57 -46 1 53 14 -10 -57 1 4 28 39 56 0
24 59 0
32 9 20 38 40 49 11 35 0
3 7 27 36 39 52 8 -53 -27 1 -59 -51 0
10 32 33 54 4 13 53 53 0
6 -3 21 -31 0
30 -14 -45 56 53 -51 -53 9 -20 -58 30 -40 0
0
23 25 52 18 -37 -10 43 -48 0
38 -41 -7 0
28 -2 29 44 15 11 -45 -9 0
3 18 35 31 -17 0
-48 2
-50 3
