25 -39 -35 25 3 -40 0
4 7 19 22 42 46 6 17 19 32 9 12 21 22 56 47 -43 -36 0
19 -22 -31 36 0
4 -12 0
41 60 45 13 21 58 0
20 -21 26 -53 38 -24 -5 52 -15 -31 0
7 -1 0
1 -8 -55 30 24 57 43 -54 -12 0
19 35 22 -38 0
57 -49 31 39 12 25 30 41 -34 -11 19 -56 -19 0
5 13 7 -45 59 -34 47 -17 0
42 -43 3 -23 -23 0
53 31 57 -57 -55 25 31 56 0
0
56 -45 0
40 -35 -28 16 57 9 18 39 5 39 57 57 3 9 17 0
0
40 57 38 -55 0
33 -26 0
0
4 10 44 46 50 35 -25 52 -22 -43 19 -21 -23 8 -32 -46 0
6 -46 -20 16 -49 0
-2 1
-2 2
-2 3
-66 3
8 37 37 44 55 7 45 54 60 60 0
39 -56 -58 33 34 47 47 52 10 -5 2 2 29 30 34 0
5 49 -57 52 -18 10 -32 -4 29 -5 -46 0
33 54 30 -40 0
54 -3 -3 5 -19 -41 0
56 7 9 39 1 -15 -12 4 7 45 4 -44 -23 0
46 52 57 12 -42 0
52 0
12 18 23 25 43 22 -9 -22 22 34 50 52 54 49 -11 0
46 -43 3 29 5 17 29 34 35 -26 -17 0
27 -7 -30 16 -4 -15 26 47 58 11 -11 -12 0
7 32 47 58 1 -20 6 -53 13 20 31 40 9 13 0
42 -36 -14 5 7 12 29 31 10 -58 23 -5 -35 0
56 -33 -18 4 31 33 52 -19 40 51 3 35 0
30 -1 0
17 18 35 57 10 -35 7 12 30 0
38 -29 13 -58 43 0
9 -56 7 10 0
37 45 32 -55 2 15 17 36 59 14 0
27 -39 -56 0
-51 2
-52 3
