1 57 60 7 18 46 51 11 0
15 -17 -3 60 -39 -49 60 -23 -37 7 -11 -3 0
12 29 31 33 53 41 -42 5 -52 -7 2 -56 -57 0
40 -56 -16 0
43 56 60 -23 49 -24 2 9 14 17 22 0
39 -50 -10 0
51 -18 -29 15 21 23 0
0
0
12 -56 22 28 36 0
60 -6 0
14 43 -3 -2 12 21 35 45 59 0
40 -17 -52 0
29 46 6 13 44 51 14 30 35 46 0
5 0
43 -37 23 -56 0
53 -22 -44 32 -41 -53 5 32 52 58 59 48 -13 48 -34 0
10 20 34 35 43 7 42 -32 -25 0
13 -43 -27 34 -23 47 -43 0
3 33 0
18 -52 29 46 2 -47 20 28 41 42 52 0
14 49 60 14 27 32 54 0
-3 1
-3 2
-3 3
0
22 23 24 47 0
56 -11 -54 0
26 33 41 56 9 -53 -32 19 57 28 -15 0
26 -48 -7 39 -59 -7 0
12 38 38 21 -17 41 -41 0
59 -24 53 6 24 58 0
43 -46 -32 44 -28 -32 15 -44 0
48 -12 -14 0
6 47 19 -47 -35 13 14 2 13 0
10 3 -52 -8 53 58 9 -21 -51 0
1 3 5 46 7 37 0
4 -26 6 35 46 49 27 32 39 0
2 5 7 11 53 -29 -39 15 22 42 50 44 -26 -53 0
39 -55 49 -37 -12 48 -55 0
15 -8 15 -15 -50 4 -27 0
27 55 32 37 55 0
49 0
0
7 16 38 48 -45 34 -45 5 12 46 24 -36 0
-7 2
-7 3
