33 -25 9 7 -21 -50 0
3 -50 -32 0
52 -33 0
24 -41 -60 5 6 -21 -30 0
40 -43 -33 26 -13 0
19 21 21 59 32 44 29 -58 -5 5 32 34 47 55 0
1 -48 -22 0
58 -26 0
47 -46 39 38 -35 0
60 -9 -57 29 -3 17 -45 -36 6 18 43 48 60 0
0
3 -20 4 0
9 13 22 31 57 14 -45 1 45 38 -52 20 29 31 0
59 -19 -20 33 35 38 16 16 18 28 45 14 -30 -36 36 -10 0
8 31 33 49 60 0
36 -22 -42 48 -56 -26 2 45 -34 25 0
36 -41 0
42 -58 -13 60 -46 0
11 -3 25 -17 -53 0
46 0
9 28 39 0
33 -48 -25 16 25 50 49 0
-9 1
-9 2
-9 3
-67 3
22 31 35 43 47 0
60 -47 -33 15 19 23 35 53 30 -60 -40 50 0
1 7 9 14 27 7 10 26 26 41 0
10 -32 57 -41 1 -2 0
7 22 33 0
39 -59 0
12 37 45 56 -34 -39 0
8 -17 -37 40 -51 -16 43 -13 1 32 59 0
0
14 -22 6 41 0
29 34 -22 0
23 -36 59 -10 -56 47 53 50 -60 0
6 33 33 42 49 51 17 32 19 -17 3 16 26 52 57 0
14 18 20 31 51 39 -32 -35 0
7 26 37 47 12 14 36 48 51 27 -15 0
51 -21 -12 33 -2 0
60 -33 -24 3 29 29 30 -21 0
54 -48 19 -25 6 24 54 25 -14 -50 0
17 37 5 11 56 4 15 22 43 60 14 -38 -2 0
31 -56 -28 30 -39 -37 9 -48 -8 0
-39 2
-39 3
