16 56 4 15 37 60 0
0
16 -46 19 0
43 -51 -7 18 -41 -1 18 -53 0
48 -16 43 -24 -32 47 -18 -19 26 58 58 0
47 -44 -44 15 33 49 11 -57 0
51 -30 -7 13 -21 26 -23 -28 5 18 27 34 42 31 50 0
46 -39 0
17 20 59 0
24 45 44 -12 0
10 -15 -35 0
24 -13 -45 12 60 -9 50 -38 -35 22 -37 -54 0
39 -41 54 -56 -15 0
39 -35 13 -44 -51 7 17 23 24 40 43 -36 -15 57 -50 -55 0
18 24 31 19 34 47 0
4 -53 51 -46 -9 0
26 35 36 51 54 0
0
37 -12 -56 57 -8 -9 20 -3 0
21 41 46 53 -34 -48 0
33 47 53 60 7 -31 -28 0
0
-2 1
-2 2
-2 3
-69 2
24 -41 1 7 13 16 -54 -6 22 -40 0
23 25 32 54 25 -39 1 38 58 46 -5 0
32 -20 43 -20 -9 0
59 -59 -31 37 39 0
10 -60 34 -37 0
0
37 -27 -11 0
12 18 18 25 54 17 17 36 50 2 33 37 0
52 35 -26 0
42 -46 -3 26 -46 55 0
40 -49 50 -40 12 29 30 52 60 45 0
27 -29 4 0
28 25 -59 0
0
50 -3 47 -54 -19 0
28 -1 -54 6 -9 11 24 32 41 43 0
2 29 55 60 25 -60 -43 43 59 0
22 -10 -41 6 21 46 50 56 1 -24 0
35 -13 -55 0
32 0
-2 2
-2 3
