11 27 32 33 52 60 0
23 -7 -30 21 -27 0
28 -8 0
4 -58 -7 24 -3 0
6 -46 24 -21 0
0
6 37 57 59 0
45 -2 -20 0
33 0
26 -37 -46 10 -50 -42 14 -45 2 53 45 -39 -12 0
42 0
11 43 51 56 1 7 19 50 11 -27 -27 19 31 46 0
4 10 -14 0
17 0
54 -57 11 -15 57 -40 -1 0
15 22 32 48 37 -13 0
0
9 -11 -11 23 -7 -49 0
18 -30 0
0
19 46 52 60 10 15 18 24 29 0
37 -29 17 0
-2 1
-2 2
-2 3
20 26 52 55 -25 37 -52 48 -32 -4 0
48 -17 6 12 28 45 0
58 -12 35 -7 -24 0
51 -56 -44 25 -45 19 -29 58 -9 59 -1 -53 0
31 35 54 58 27 -57 32 53 55 10 16 41 49 4 -25 0
49 -12 0
42 -29 46 -50 -33 0
0
21 23 43 33 -59 28 37 60 0
47 -17 14 -39 16 30 0
32 -48 -31 9 23 30 56 58 15 -14 -33 49 51 25 29 35 40 41 0
5 -35 42 -5 -53 24 -48 0
16 44 -6 0
11 14 48 50 7 -4 32 45 26 -43 -44 0
29 -29 43 -24 3 -28 24 29 47 17 -5 0
59 60 -32 0
4 -33 -40 7 14 40 0
13 24 33 51 52 2 5 48 0
19 28 -39 0
26 0
-7 2
-7 3
