3 40 -46 8 14 15 23 31 17 0
0
6 17 21 23 13 -37 0
41 -33 -2 10 -19 -46 27 52 15 -53 0
9 16 35 2 13 37 45 0
17 34 15 30 40 46 58 45 -18 -47 53 -33 0
3 41 45 44 -20 -53 0
41 -19 -32 7 -11 13 18 33 38 2 13 19 41 55 0
8 -26 3 33 57 23 -34 -36 0
8 16 27 48 17 -4 -57 0
18 -1 -23 34 -5 0
0
48 -50 -27 0
0
26 39 40 58 29 39 51 0
16 19 39 0
14 34 36 45 58 43 -23 0
0
52 -40 30 -15 19 38 58 -16 -43 0
31 37 58 18 -39 -41 12 -40 41 52 57 6 -25 -20 0
6 0
13 40 43 58 22 22 30 58 8 22 26 28 50 0
-2 1
-2 2
-2 3
38 -43 -35 2 11 43 56 10 34 40 55 58 46 60 46 -18 0
5 -15 54 -16 -53 36 40 56 0
25 26 28 41 2 21 25 36 39 52 55 45 -17 0
4 15 22 26 39 22 35 37 53 0
1 -30 -23 0
5 -19 -17 33 -60 -9 0
58 -57 -31 28 -33 -1 2 5 8 12 0
59 -32 40 8 9 52 -50 -33 0
3 13 29 40 10 10 14 26 59 17 -2 -60 10 -49 22 40 45 51 60 0
11 -32 -3 0
22 26 45 23 49 0
33 38 36 -19 55 -40 -17 0
19 38 44 45 54 10 -13 -20 12 13 20 51 53 49 -29 0
50 -47 -50 16 21 41 9 32 10 -17 -32 17 -38 0
34 48 17 -21 -37 60 -2 -12 0
41 44 45 53 53 54 59 0
34 43 5 39 58 2 -45 8 -21 -52 5 -31 -25 0
32 -55 33 35 53 1 -33 0
36 -38 10 12 16 34 45 0
39 -3 -56 0
-23 2
-23 3
