52 -18 -57 10 33 -28 -52 13 0
40 55 0
29 -30 -36 0
54 -8 -39 1 -36 0
32 -19 0
42 0
38 58 0
22 30 51 -19 -41 10 44 10 -27 -12 0
8 -38 -10 12 23 52 19 26 6 -48 -55 0
8 -42 0
15 -10 45 46 1 -53 -14 5 18 44 0
7 -48 27 28 33 42 4 13 43 0
49 -6 -22 0
9 -45 -23 12 16 31 41 43 9 -19 14 14 17 38 40 0
49 -10 0
17 -32 -19 0
59 -55 -32 53 -6 0
35 -39 -32 0
17 -53 -47 54 -31 -4 0
25 -28 58 -6 24 32 39 0
34 -51 -44 23 38 -24 0
23 -3 -47 33 57 14 32 34 56 58 0
-2 1
-2 2
-2 3
0
24 33 -38 6 -2 52 52 0
44 32 37 54 10 17 17 41 50 0
11 34 38 10 13 26 39 0
33 -60 -47 45 35 36 57 59 0
50 -1 -4 7 11 30 41 34 59 17 -42 -18 0
13 -39 37 13 18 38 46 50 54 58 0
27 -7 -16 21 -58 0
31 -25 0
11 -37 -58 29 38 55 30 -47 0
59 -10 -34 35 -43 41 -10 -34 0
44 -54 5 0
19 -21 4 10 22 50 53 18 36 0
5 31 45 49 54 45 -28 0
34 -11 1 54 55 -41 -59 0
27 -22 -59 2 4 49 55 32 -3 0
26 -15 -58 2 4 24 24 48 8 57 53 -53 -21 0
54 -57 -51 20 0
0
19 2 4 58 0
-2 2
-2 3
