16 -6 -35 53 29 59 17 -49 -11 1 0
27 -55 0
16 -36 -7 43 -9 -36 50 0
1 23 41 49 14 -32 0
41 57 -34 23 -13 -9 0
18 30 3 28 45 52 60 20 -41 -53 9 -26 5 -9 -36 0
3 18 20 28 40 0
2 32 44 20 0
21 23 38 19 30 45 53 9 31 35 45 33 43 0
20 48 58 14 -50 -25 10 40 49 -42 60 -54 0
2 -13 -38 18 -43 -37 38 -53 39 -5 -55 0
39 42 23 -5 4 0
39 -42 -21 4 14 20 27 1 -26 -14 6 -52 47 -44 -2 0
9 -51 4 -33 -53 0
34 -35 42 -26 0
23 35 0
19 -46 0
6 11 -13 23 -35 -32 22 -24 8 21 32 34 45 0
47 -58 17 -40 10 -54 9 11 23 0
4 -20 -3 7 -32 3 13 47 51 53 0
5 -57 -52 14 25 26 45 11 -41 -3 0
0
-11 1
-11 2
-11 3
-67 2
12 -11 -12 37 30 -10 0
33 -60 -1 19 -24 -59 48 -39 -45 0
12 -40 19 20 29 34 51 50 -3 30 34 56 0
58 -23 1 -50 -56 30 -44 -5 0
0
52 -41 -43 17 23 56 17 -49 -27 14 20 28 0
38 40 42 17 52 54 26 41 0
21 -34 0
18 -35 9 -10 -42 0
26 56 22 49 0
29 59 -52 -46 0
4 -37 0
9 12 19 24 58 37 -17 26 0
48 -58 26 43 49 0
34 -1 -54 5 28 0
10 -11 -50 0
20 -24 2 16 49 5 -23 -27 6 0
59 -55 -30 45 -17 -53 0
30 -56 -33 59 -52 -17 25 -26 -23 11 25 30 41 59 0
15 39 39 4 21 27 6 -59 -12 19 26 36 46 41 -45 -18 0
-50 2
-51 3
