1 31 56 48 -38 -12 0
1 8 19 50 56 24 -9 -56 0
46 -13 -41 0
35 49 49 56 34 0
49 -2 14 16 23 24 38 0
11 -39 7 50 53 58 60 0
12 45 55 60 11 12 0
8 13 17 18 6 17 33 46 0
35 -4 43 -30 -23 0
0
3 15 20 33 34 36 46 46 54 59 6 29 0
38 -26 -52 0
24 -56 9 24 31 50 58 0
1 29 31 39 56 10 -39 14 21 35 55 7 -57 0
33 -13 8 12 59 0
52 -55 -42 16 -13 -24 0
14 23 36 38 0
17 -3 -27 0
35 -27 40 -36 40 -17 20 31 32 36 49 0
40 -18 0
7 14 55 59 7 11 26 27 57 0
9 -2 -5 15 31 43 14 14 24 3 8 15 39 53 0
-2 1
-2 2
-2 3
-67 3
34 -4 -11 19 38 41 14 40 15 23 32 43 45 0
43 -27 -19 0
9 17 20 39 56 0
29 58 0
32 33 44 54 19 24 0
54 -3 32 20 22 47 7 12 53 56 0
53 -42 38 47 22 -23 12 29 -55 0
24 -44 3 37 40 58 40 16 -55 -27 0
36 13 -54 -32 12 27 8 -54 0
35 -46 -31 1 4 14 37 8 25 56 49 -27 7 17 30 44 0
12 14 54 0
12 -44 -18 4 8 28 3 14 50 55 0
33 40 40 41 57 33 -20 0
3 37 52 60 0
11 -7 -56 5 -46 -49 10 41 0
0
1 27 37 46 60 50 -44 24 35 53 54 56 10 48 55 0
18 -59 0
27 1 49 6 6 22 46 43 -18 -16 0
9 -49 -10 8 15 31 38 39 0
-2 2
-2 3
