55 0
35 -31 24 43 51 51 52 8 -43 -43 0
0
49 -28 -6 26 30 38 58 0
9 18 0
15 15 44 46 47 60 21 -50 0
24 47 0
50 -53 3 25 28 38 57 0
2 23 34 47 58 43 -17 -22 12 -24 -48 5 -7 0
1 10 37 38 44 2 4 15 28 15 -51 -11 55 -1 3 -36 0
53 -24 -35 6 -44 0
21 -18 4 15 35 38 12 34 34 38 59 0
53 5 -28 -1 0
14 21 25 16 21 30 0
10 -19 -1 2 -44 45 -17 0
58 -56 -24 0
26 -9 -53 3 33 25 54 46 -56 0
41 56 25 -25 3 -1 0
11 15 47 56 0
31 33 51 53 56 32 44 59 43 -33 -5 0
1 2 18 37 60 50 -37 -41 51 -33 54 -6 0
39 -12 -55 38 60 -51 -59 37 -52 0
-54 1
-49 2
-51 3
-66 3
42 -39 0
58 -49 0
8 44 56 59 20 40 24 30 41 30 -16 0
35 53 21 -24 -35 0
1 49 24 -8 -8 0
12 -31 -42 0
35 -17 13 28 -46 4 22 25 21 -1 0
6 -17 -24 54 -29 15 -9 0
0
17 26 35 53 3 -51 49 59 58 59 0
0
39 -52 52 -21 -31 41 27 -35 29 33 39 41 60 0
6 0
0
0
9 12 35 43 25 -6 -31 35 -30 -37 0
47 -3 9 -50 0
7 46 -30 -20 0
19 24 56 42 43 2 9 35 54 37 -3 -23 0
4 4 29 29 56 8 21 0
-52 2
-56 3
