18 29 36 49 52 24 40 -28 4 -60 -31 0
58 -9 -9 0
31 40 51 8 15 32 33 39 0
48 -33 29 -40 -29 43 -22 0
33 -20 4 18 40 54 0
5 8 22 35 27 -51 0
5 50 32 -45 -56 23 -9 -9 0
54 -44 -57 21 -52 -36 2 -27 0
5 31 49 10 23 38 54 60 24 -58 0
25 -20 -29 0
52 -26 -12 3 5 27 38 0
19 21 46 0
15 33 34 7 38 54 60 52 -32 -2 29 -45 0
7 -25 -7 0
32 33 47 38 -11 -3 47 -13 0
22 -2 17 33 50 51 60 -3 38 -27 -15 44 0
10 33 40 59 30 -2 -24 28 -23 -7 0
9 10 36 37 36 -23 -4 30 -1 0
52 -17 -41 7 25 46 58 34 -47 0
1 21 43 56 59 1 5 9 52 0
11 16 16 -19 33 -2 3 17 25 30 41 0
13 -19 -10 14 20 7 13 43 0
-5 1
-5 2
-5 3
-66 3
48 -32 -9 59 -32 0
0
2 30 35 45 24 39 48 49 55 13 -29 0
21 -38 -6 25 51 -32 0
45 -57 -56 0
28 38 41 46 3 25 40 25 0
6 12 13 18 42 0
18 -27 0
46 -15 -58 21 53 0
13 53 0
60 30 39 55 0
17 2 -55 0
32 -45 2 -47 9 -33 0
29 -51 59 -39 4 -55 -43 2 51 48 -16 0
54 -4 47 -16 49 -4 0
35 -60 0
0
28 -49 17 -42 5 -23 6 47 54 50 -3 -38 0
8 13 0
21 -19 -15 30 35 50 51 52 11 19 25 30 59 0
-56 2
-54 3
