5 13 0
46 -1 0
47 -8 -35 4 13 42 50 53 25 -47 49 -28 0
60 -36 33 -8 -16 0
19 -8 0
32 -15 -44 0
33 -16 -32 56 -18 0
17 -10 25 50 11 22 38 49 57 34 17 -51 0
2 25 38 42 43 49 51 0
35 -59 -22 47 -6 -6 5 56 0
1 -1 11 53 58 60 8 31 34 40 52 21 -50 -5 0
7 9 17 25 27 28 27 -52 9 42 50 51 56 0
26 30 42 32 -5 -17 0
16 22 38 42 55 0
55 20 23 0
10 -34 -26 4 11 22 28 60 13 14 34 51 0
38 -6 -16 34 -9 -24 12 15 29 33 0
1 -19 -22 16 -50 53 -57 0
21 53 1 2 3 41 46 51 -19 -28 0
23 -18 3 9 24 26 41 29 0
23 30 33 11 26 40 10 21 28 49 -17 -25 0
3 52 30 -32 -25 0
-49 1
-52 2
-50 3
54 11 -32 1 48 0
0
0
35 28 54 5 44 0
55 -27 4 -35 -56 0
3 29 58 13 -31 -22 23 -38 47 -56 0
17 10 19 34 52 51 52 0
19 37 53 42 -54 -49 29 36 0
29 -49 7 0
56 -12 37 -21 -30 0
18 -22 4 -36 -33 0
24 24 33 38 46 9 -6 25 43 47 17 28 35 51 0
7 17 49 51 8 16 27 52 57 25 28 37 0
5 16 23 41 58 -57 -21 5 25 28 56 10 -4 -27 0
40 43 0
22 37 10 25 39 55 55 0
57 -28 -35 37 -32 -21 0
57 -37 -28 56 -51 -8 30 -9 39 -2 0
37 -50 47 -55 -1 9 10 45 50 57 0
47 0
-52 2
-50 3
