50 -17 -9 11 12 36 0
7 0
8 24 29 55 6 9 26 42 48 30 -25 0
32 -37 8 -4 -36 55 25 -53 0
46 -34 -14 52 -29 5 45 50 51 57 0
17 -26 0
19 26 33 39 33 -48 0
36 28 51 21 -25 -49 0
29 -20 -1 52 -21 -16 0
18 31 -8 22 -55 0
18 53 0
18 11 15 40 44 48 53 57 14 36 59 32 0
0
7 -17 59 -34 39 -59 47 -20 -34 14 -34 0
1 15 16 23 28 29 32 37 0
10 26 32 56 60 1 -24 -4 0
42 46 52 56 57 -5 25 26 33 54 54 51 -5 0
0
22 -40 -60 55 22 -7 -49 12 19 28 29 53 0
28 -56 6 -35 -55 9 38 43 47 8 44 49 0
55 -10 5 0
25 51 52 23 -5 0
-2 1
-2 2
-2 3
-67 3
-69 2
3 -22 31 36 56 5 -47 0
8 -38 26 29 33 0
21 32 52 -36 -2 0
14 19 13 -60 -5 23 38 44 0
6 -57 13 -48 24 31 36 38 0
18 -33 0
15 37 43 27 -51 -26 9 22 34 35 42 0
1 6 21 31 51 29 -42 -2 0
8 25 29 32 45 -58 -10 34 0
14 16 50 12 -57 -9 32 -10 0
50 -26 24 -35 -30 0
8 47 54 3 12 28 49 58 31 -56 0
39 -44 -38 39 8 39 46 52 14 29 60 0
5 -2 -45 49 -51 -30 0
56 -35 22 46 -53 12 0
16 -35 55 -10 1 -29 52 -17 -19 26 -30 0
3 0
60 2 41 59 50 -1 10 -36 -36 0
27 -19 -59 25 26 41 48 0
47 -17 -48 8 -32 -14 0
-3 2
-3 3
