2 4 13 43 -56 -6 0
14 -11 49 -6 0
0
59 -43 -49 43 -45 13 -43 0
15 -55 -15 48 10 -41 12 28 38 6 -31 0
13 -12 -57 31 -46 -14 41 0
31 -19 -59 20 23 39 46 53 22 -19 0
26 30 35 42 51 9 -41 9 13 22 23 48 15 34 37 52 0
11 26 26 34 56 10 22 25 44 58 22 26 30 32 0
47 37 39 32 -28 -5 19 38 51 2 -24 -60 0
9 29 51 2 28 12 29 32 44 56 0
33 -24 48 -6 -32 0
5 -9 51 -2 41 -59 -23 0
47 22 27 50 57 51 -35 -4 8 0
21 26 57 20 -38 -7 57 12 17 47 37 0
0
53 -39 1 -30 12 23 35 38 17 26 57 8 12 19 32 0
34 15 29 0
54 -49 1 13 30 2 23 24 32 45 8 25 56 0
8 -57 1 10 37 42 45 40 47 25 -26 0
29 -46 -30 0
8 -44 0
-2 1
-2 2
-2 3
30 -4 26 -11 0
12 -40 -5 0
2 57 6 -20 22 23 34 36 0
8 50 21 39 2 3 13 59 0
4 14 4 -59 -1 17 -28 0
28 29 34 43 49 57 26 44 50 28 42 42 45 -21 0
55 -47 -25 3 -22 -39 57 -17 53 -4 14 -4 -26 0
18 53 45 -51 -17 12 30 43 48 59 5 -29 0
49 -37 51 -58 -11 0
1 38 0
15 -8 22 41 36 -56 0
3 8 12 25 -42 0
17 37 0
21 59 0
1 -59 0
7 19 0
12 37 37 14 -39 -50 60 -15 13 14 25 55 27 -48 -44 0
11 43 56 0
37 -19 14 52 60 0
2 -33 0
-15 2
-15 3
