9 21 24 0
23 -47 0
4 -27 -7 55 0
22 31 29 0
9 14 32 35 58 0
13 -51 42 48 60 7 6 -32 -55 1 23 0
44 -23 6 10 51 59 11 -24 -4 50 -19 6 -26 0
8 8 26 41 0
0
22 0
42 -41 -1 31 -49 55 -8 -48 1 -1 20 20 27 49 0
4 29 -21 0
33 38 46 36 39 57 59 0
0
26 37 0
7 28 18 -48 -29 22 -31 0
4 34 -23 6 48 60 0
9 37 46 54 26 -19 0
0
42 -8 -36 0
24 33 49 -10 19 44 2 40 47 59 56 -23 -44 0
7 19 50 39 -55 19 -9 -40 37 0
-50 1
-49 2
-49 3
-69 2
16 -8 -9 0
46 -11 -53 22 -32 0
2 12 51 2 9 30 30 55 10 -54 0
13 -55 -4 29 -37 -3 3 -7 -28 6 9 45 48 56 0
4 22 39 44 59 6 29 41 24 -6 -10 0
6 9 35 19 -46 13 14 14 37 59 23 42 50 60 9 0
11 -40 15 17 24 25 0
4 6 37 42 47 39 -43 0
37 -27 14 21 4 32 47 48 54 12 3 6 9 42 54 0
18 -59 -58 6 29 32 40 60 0
18 -37 11 -53 -1 24 -45 41 -12 -38 0
38 -9 5 27 27 35 43 0
6 21 44 4 5 15 15 32 58 53 -21 0
40 -16 -23 14 27 29 30 49 0
47 24 -38 -25 2 30 32 47 56 0
5 -4 41 -30 -35 36 -1 0
3 -48 0
31 56 -59 -24 0
7 24 54 -54 -40 20 -15 7 -53 0
11 17 54 26 -21 0
-49 2
-48 3
