28 -27 5 -53 -59 20 -54 0
19 -15 14 52 -52 -35 15 21 25 58 0
37 43 47 -59 -43 0
17 10 25 44 49 6 7 37 42 43 58 0
6 -12 -27 0
31 47 -13 -26 45 -42 46 48 0
25 26 0
17 -48 13 -11 -54 0
55 -50 -46 20 7 31 32 0
42 -11 -52 2 -12 -54 0
9 31 52 5 -52 -24 24 -18 0
13 28 31 31 0
55 -17 -30 19 27 43 44 56 8 -46 41 1 -9 -21 0
21 -35 11 17 37 50 52 0
41 20 50 0
59 -18 -38 0
17 20 30 34 57 11 17 34 39 40 21 30 35 49 54 0
28 30 50 52 4 -60 -5 10 -17 -8 0
41 -25 -21 0
18 -15 23 -59 -32 57 -49 26 -58 0
5 -32 0
23 44 51 59 9 0
-2 1
-2 2
-2 3
-68 2
2 -23 53 -37 -29 29 0
48 -5 -49 6 -23 6 -55 -30 0
29 -18 -2 7 -60 35 36 56 13 -29 -27 22 -59 -29 0
3 12 43 -34 22 34 0
16 18 19 44 59 24 52 22 -20 -50 0
6 -37 -12 1 6 0
2 30 34 -13 -14 1 1 42 0
50 -17 21 -13 0
8 -41 35 -21 -50 16 45 53 0
39 -2 -11 0
6 -32 -6 0
3 -50 -56 0
35 -27 3 -8 -45 20 48 0
33 -12 -23 19 37 0
1 5 50 10 18 32 17 -6 -14 36 0
34 44 55 47 -43 0
34 -11 -49 0
36 -49 16 59 -33 59 -57 0
22 -56 42 -46 -16 0
21 -31 0
-52 2
-50 3
