17 30 54 -5 40 -52 28 0
51 13 -21 26 44 30 0
20 -39 53 56 2 -23 0
12 -56 -43 16 50 -39 -7 20 0
13 -36 2 14 48 49 58 23 44 58 0
20 -24 -18 30 -60 -50 42 47 -34 -48 3 -27 -55 0
7 16 34 48 30 38 54 2 26 28 32 56 51 -10 0
17 36 45 47 50 11 -37 -36 45 -16 -24 17 38 59 27 0
29 8 -57 -3 4 37 44 50 30 -47 0
11 15 32 41 0
58 -36 -25 12 -38 3 -2 21 24 0
4 17 37 47 55 2 -3 0
30 -55 23 48 45 -35 0
2 -8 -12 5 -11 -49 1 -50 45 -36 9 -42 0
35 3 29 47 16 -2 -32 0
44 59 58 40 -11 42 56 60 0
47 56 6 43 44 56 6 12 22 39 0
51 54 -45 -21 0
0
57 -4 14 44 47 59 -57 -3 37 -23 -41 0
12 41 -37 33 -7 0
13 -10 5 25 26 35 43 17 -40 -19 0
-45 1
-45 2
-45 3
-69 3
-68 2
1 21 58 -3 -55 0
48 16 -58 -22 0
25 -43 -3 15 -16 14 -9 40 -2 0
13 -46 -27 19 23 27 53 0
5 35 49 60 60 7 10 36 45 0
12 43 0
5 55 0
11 41 36 -46 0
18 -15 0
5 26 28 33 35 12 -33 3 17 38 56 19 33 54 19 59 0
8 -44 46 -59 44 -26 0
8 -21 0
11 -35 -42 0
26 -55 40 43 0
14 18 36 41 41 8 14 25 50 32 26 -14 26 32 40 60 0
8 -1 0
5 -8 8 25 26 47 59 -33 0
4 28 42 -49 8 0
38 -33 -49 5 -24 -51 14 34 39 42 0
7 25 57 15 -3 51 -59 0
-47 2
-50 3
