3 16 27 39 3 -34 -29 8 -13 0
19 23 27 47 1 14 17 41 13 22 23 43 54 0
8 36 43 48 51 41 58 59 55 0
55 -18 31 -16 55 0
60 -60 0
51 -34 13 -30 -18 18 27 51 55 59 19 46 55 0
2 15 19 50 0
15 -16 25 -6 18 -6 41 -54 -53 32 -8 -30 0
37 57 2 7 24 38 6 -38 0
50 -20 4 -8 28 41 8 -21 31 35 47 0
37 42 44 38 -32 0
7 50 59 10 12 0
0
9 21 28 31 0
15 39 39 53 -55 -54 7 -18 26 -46 -16 0
29 -48 0
44 -47 14 -25 -9 21 -42 -49 0
5 59 0
56 -55 -50 26 -2 -12 0
39 -33 51 -27 2 -60 18 52 17 -25 -41 0
22 31 60 0
1 3 11 27 43 0
-25 1
-25 2
-25 3
23 -32 41 -4 -58 5 -46 16 35 40 46 29 55 57 0
33 -38 0
8 -35 -15 12 31 0
7 16 48 20 -28 -23 6 23 32 42 47 0
26 -14 0
47 48 0
2 -5 -2 36 -50 26 49 0
30 -51 -1 10 58 -3 -4 42 -32 -7 0
0
0
25 55 56 15 -17 0
34 -6 12 -51 21 -29 -19 50 -13 -30 0
36 -4 7 13 24 41 44 0
16 -22 9 16 34 54 0
34 -44 -30 55 32 42 15 31 56 60 0
15 -34 -15 6 26 40 8 -5 -15 45 -25 36 -12 0
57 58 -48 21 -48 6 8 10 53 0
22 -50 0
23 -46 0
14 24 43 37 -57 -12 0
-56 2
-54 3
