9 12 0
4 2 22 40 42 0
4 7 15 21 23 10 -31 12 -30 -45 26 -43 -40 0
50 -29 -10 0
51 -43 -21 51 25 -60 -54 7 -35 0
53 -19 -54 28 30 18 -1 31 -4 -45 19 -22 0
4 15 41 44 46 50 53 60 0
3 -4 35 36 36 0
27 -26 0
7 8 19 -39 25 0
3 23 45 15 19 0
39 52 57 0
16 32 49 4 -51 37 0
0
11 -32 -33 9 -25 -54 0
1 40 50 0
27 -2 14 -13 -33 35 -7 -4 57 -40 -13 0
0
0
12 35 36 38 54 10 32 43 54 56 0
0
47 -10 -28 0
-4 1
-4 2
-4 3
-68 2
29 -8 -52 24 -55 22 31 39 52 52 1 -2 15 -27 0
9 -40 -4 29 6 20 28 34 47 0
27 -31 0
3 -18 58 -40 -12 0
0
57 -32 -2 6 31 -38 -31 0
15 18 43 48 52 16 -48 0
4 -58 34 -42 -58 36 -36 -53 40 -54 0
7 -40 -49 0
1 5 12 4 7 7 12 0
13 14 28 0
42 -56 -48 0
12 59 53 -45 -40 0
46 -23 -52 0
42 -54 -48 0
1 9 15 25 31 24 -33 6 0
3 17 40 41 50 33 55 56 56 51 -44 -57 5 12 27 0
51 -44 -53 0
1 9 12 30 -55 -44 30 -44 8 45 0
16 -1 0
-53 2
-52 3
