40 53 -56 0
19 36 46 56 50 -37 -50 0
12 32 53 38 48 2 40 41 46 56 0
0
27 35 45 3 -20 -30 60 -32 0
52 -51 17 -35 -6 10 23 55 22 -54 -43 0
18 -45 7 -24 -30 17 29 43 0
37 6 11 15 51 55 14 -29 0
6 -45 -53 20 -50 0
35 41 49 0
1 2 48 36 -52 -23 44 -26 16 -30 0
29 38 47 48 59 29 -38 -24 16 -23 0
16 -26 7 22 44 59 0
23 -13 -27 44 -22 -46 4 60 0
17 -7 -1 8 23 55 55 32 -47 49 -21 -27 10 -18 -54 0
32 -10 19 31 41 48 29 46 54 0
5 18 23 40 50 42 -6 18 31 40 53 0
3 58 13 -15 10 25 50 55 0
29 -18 8 -55 0
6 17 31 38 42 0
4 -47 -8 39 -28 2 6 30 59 7 -57 0
18 -27 -30 42 42 13 -8 -8 0
-8 1
-8 2
-8 3
17 25 30 33 34 31 -25 7 40 42 48 7 24 27 32 52 0
52 -18 -12 18 -33 -43 4 13 15 24 -24 0
5 -12 18 23 35 38 60 16 -20 -17 0
5 6 33 -46 0
20 -14 5 -4 2 -10 -39 0
46 -36 34 -38 22 49 43 -37 -32 0
35 -1 3 -42 20 26 54 55 59 0
9 26 26 0
56 -32 -58 39 -40 0
1 10 43 -24 -43 10 -25 0
2 -24 -1 17 56 -48 -9 46 -7 -3 40 -34 -58 0
23 49 58 2 52 0
3 16 39 42 44 8 11 38 10 22 24 24 48 8 -7 0
46 -23 0
14 -19 0
11 26 27 46 53 18 -10 53 -35 -3 0
3 8 25 22 -53 0
30 -15 57 -7 -50 10 -52 -21 19 -16 -24 0
7 14 10 30 41 -59 0
22 -31 -19 23 25 0
-54 2
-52 3
