6 30 49 50 57 60 -32 53 -24 -14 0
4 12 33 36 0
40 5 37 41 -21 38 58 60 9 10 22 38 38 0
26 -57 -9 0
3 24 26 46 49 0
6 8 10 22 16 -33 0
31 35 44 2 38 50 52 59 35 -37 2 -4 0
11 12 14 29 47 50 -15 0
8 36 50 6 -47 0
30 -4 0
31 -59 0
7 -28 -29 60 -4 6 35 51 -58 1 -15 0
29 -4 28 -54 -43 6 43 45 -31 0
26 -55 -4 13 -37 0
21 55 24 -30 -59 15 -52 -21 36 -6 0
16 29 32 59 11 -54 52 -11 -31 59 -23 -60 0
58 -52 -29 5 -30 -12 41 -44 -9 54 -2 0
17 34 17 30 54 0
7 -10 8 14 -23 -5 26 -35 -17 7 45 0
57 -47 25 -12 -28 7 -53 0
36 -56 -26 0
22 -35 -37 0
-18 1
-18 2
-18 3
57 -37 2 -16 -42 0
28 -59 -4 38 -56 -13 20 -54 0
14 7 7 52 59 12 41 42 50 0
14 -13 -32 46 22 0
14 17 30 35 0
31 -9 45 42 -24 24 -48 -11 0
27 34 38 4 -10 0
25 33 38 -3 0
14 15 27 39 57 0
48 5 25 33 36 57 30 -43 0
29 -37 0
33 -22 -20 16 60 0
3 -23 0
1 3 26 50 30 23 27 30 50 59 60 -41 -9 0
0
28 31 0
33 -22 -37 57 19 -38 0
34 0
5 29 21 30 59 0
40 6 -30 0
-47 2
-49 3
