2 48 15 -12 -9 0
20 35 51 57 10 -42 -39 0
1 27 53 2 9 36 48 33 43 48 52 10 24 46 0
20 -38 32 -20 -24 24 28 32 0
28 37 50 43 -34 -19 0
0
44 54 0
0
1 8 37 20 27 54 0
23 -50 -57 4 -55 36 52 16 41 42 47 0
15 7 -60 0
16 54 15 -12 -55 0
20 -28 -11 0
22 50 2 31 36 55 56 41 -60 -17 0
0
21 21 3 9 37 58 60 2 27 53 0
27 -10 0
51 -36 54 -42 -22 26 -37 0
60 -37 0
29 -15 -27 46 -13 51 -31 -16 0
54 -31 21 -52 0
30 -46 -47 0
-4 1
-4 2
-4 3
29 -25 -10 30 40 8 23 53 11 -28 -22 0
3 20 27 37 41 16 44 48 49 0
8 57 21 -4 -1 11 21 4 27 54 0
5 21 27 38 49 49 -58 0
3 -48 8 24 34 39 45 11 -21 0
10 38 -7 -58 25 41 49 54 60 0
24 42 -1 -47 42 -54 -12 59 -50 -57 7 43 57 0
1 4 28 32 55 58 -34 -5 9 14 15 46 58 0
0
22 -47 41 53 58 0
16 25 40 45 0
15 17 28 50 56 11 -32 -43 0
38 -41 40 -41 25 -11 54 -5 0
0
4 8 41 18 -21 26 42 44 53 -4 -11 5 20 47 52 0
30 -10 -23 9 -8 30 -24 -5 26 36 39 53 0
59 -57 43 -50 0
3 -36 -45 2 -16 -47 24 27 27 46 60 3 36 56 33 36 58 0
9 11 -54 -12 5 6 24 31 41 -3 -8 0
44 -14 -9 7 7 29 37 9 -41 -53 0
-11 2
-11 3
