6 26 34 33 -45 -41 36 37 48 13 20 24 29 41 0
43 -59 49 -54 -23 14 34 41 49 0
0
45 48 52 54 26 -4 -4 0
7 33 37 58 -2 58 -39 0
13 -10 21 -38 -15 15 -39 0
16 -11 15 -5 4 -38 0
43 -36 -8 0
51 -37 -42 49 -39 -8 60 -14 0
15 50 48 55 39 -16 -54 54 -13 58 -7 0
2 18 23 25 2 0
42 -21 -3 29 -29 9 44 47 0
29 41 16 -33 -9 12 31 0
59 -21 -51 6 26 31 40 47 13 15 33 59 0
52 -55 52 -16 4 -54 -7 59 -58 -34 0
44 -38 6 -22 -17 21 -49 -59 22 0
2 35 5 -16 0
4 -14 1 -44 17 -29 -46 0
12 17 32 34 -53 -10 18 22 27 37 39 0
10 11 59 9 23 25 43 49 33 35 28 -54 -23 40 -49 0
0
7 -11 -58 0
-2 1
-2 2
-2 3
0
35 55 6 30 41 23 36 -59 0
2 -17 48 -47 19 34 38 0
25 53 60 16 40 43 57 60 5 -53 -6 0
5 -3 2 -22 16 -46 -3 0
52 -12 -54 59 -52 8 28 54 54 57 11 16 42 43 0
33 39 -13 53 -11 0
2 23 34 48 54 9 16 16 21 36 0
3 18 11 29 39 50 15 -36 -11 0
39 -42 0
53 -50 -21 0
9 21 37 0
34 -37 18 -3 0
52 -15 0
15 -12 17 54 0
5 24 29 41 59 0
29 -29 -5 27 -20 -2 0
13 -12 -11 45 -54 12 23 34 43 55 58 -7 53 -7 0
11 48 0
0
-49 2
-52 3
