48 -22 -10 0
9 -21 16 -18 -48 9 17 57 59 60 0
15 -51 -53 7 21 0
36 -7 -46 19 36 48 0
43 6 16 20 30 49 1 -7 16 31 42 44 47 0
0
25 -13 19 -37 -51 33 -18 0
0
4 9 47 30 -28 0
51 -5 24 -24 54 -49 1 9 15 46 60 -4 -17 0
12 4 -56 -39 0
55 -35 9 14 18 26 30 0
56 -15 46 -5 30 -12 0
0
21 -57 1 -56 -10 15 -56 -4 0
21 -48 -2 0
57 -7 -31 0
33 -12 7 33 35 41 46 50 -40 -18 1 -50 0
38 -15 -49 39 -41 0
24 54 14 -14 -31 3 47 18 24 30 37 54 0
53 52 0
14 15 22 29 55 10 27 37 54 60 9 35 43 0
-2 1
-2 2
-2 3
1 30 30 31 58 27 28 51 18 -49 -14 0
18 36 26 44 35 -23 -38 0
12 -58 17 -48 47 9 -17 0
13 37 57 8 12 40 8 19 21 48 55 25 -53 0
22 -32 1 29 41 5 21 0
0
14 21 31 22 -29 25 31 54 -31 0
60 -16 10 32 39 7 28 0
32 -10 0
13 -46 -24 30 -52 10 -53 -21 8 17 53 55 1 27 28 48 58 0
3 2 24 28 32 50 0
25 6 8 17 57 33 -55 -59 4 -4 0
35 -31 -24 0
32 -58 -50 30 -9 -44 0
43 0
31 -21 -10 4 11 0
22 25 32 46 49 0
47 -17 0
8 23 27 31 29 0
0
-52 2
-51 3
