19 28 46 53 4 17 28 33 47 0
12 -50 -3 6 -51 -59 0
17 -40 0
42 -56 57 -14 15 -54 -14 30 -45 56 -42 0
40 -38 -40 0
2 -6 -38 54 0
11 -51 0
42 -18 46 -2 -31 8 -4 -20 33 -1 0
50 -59 -12 27 -54 -20 0
45 0
1 11 27 32 44 50 31 -55 34 0
47 -14 0
17 0
53 -6 30 35 44 12 15 24 39 46 51 52 38 -39 -32 0
41 -29 -6 53 -44 -52 54 -43 15 -15 -57 10 -30 -15 0
17 -49 -10 0
0
45 -15 -59 0
13 35 35 36 39 10 -8 -42 0
10 -7 -30 4 5 12 15 28 12 52 20 -40 -18 5 27 56 57 0
5 51 -22 -50 0
8 15 30 38 43 16 -19 0
-2 1
-2 2
-2 3
-66 3
36 -47 57 -52 15 45 50 56 42 44 -51 -23 0
13 -7 -10 6 11 25 0
4 14 32 39 18 -48 -58 34 -12 -45 5 11 31 39 54 0
13 19 20 25 0
0
31 -14 -23 0
47 -23 -53 40 -7 49 -13 0
7 36 40 47 20 -17 -23 3 -35 -4 0
28 37 47 0
29 -34 -39 0
32 0
0
55 -52 -5 14 27 36 53 0
55 -36 0
36 -29 5 -24 0
53 -37 -3 6 22 41 56 16 -39 0
38 -56 -49 4 -32 -56 59 -9 -42 0
59 -37 -7 0
14 14 36 44 55 34 -52 34 -12 -32 0
9 -20 19 45 54 0
-20 2
-20 3
