34 -1 -54 21 -19 -42 49 -18 -3 0
8 47 49 0
34 -3 -10 0
11 28 33 52 55 0
0
36 -21 -20 31 -33 8 45 50 51 0
17 20 27 31 53 8 18 32 51 57 5 -4 -44 16 18 53 18 -28 -1 0
36 43 25 37 17 57 0
55 -24 -54 0
11 -24 0
53 -9 6 -51 -52 16 -16 0
28 -22 -34 16 17 0
41 -36 -1 0
10 38 54 0
57 16 27 35 52 7 -4 16 25 26 54 0
55 -57 -22 19 -51 3 -47 -25 0
5 -44 0
25 26 42 55 56 -54 17 -25 -12 0
10 14 34 45 51 0
10 13 14 17 54 36 -8 4 9 27 4 24 30 43 60 21 29 38 50 51 0
23 26 56 58 15 -41 -20 0
21 30 44 50 29 33 44 53 54 2 4 33 0
-2 1
-2 2
-2 3
0
14 28 39 40 58 0
7 15 43 60 11 31 40 48 13 20 51 -39 -32 0
18 -54 18 -55 -5 3 -51 6 -13 -14 15 -43 -6 0
20 33 54 57 58 9 14 56 56 56 0
0
2 59 0
48 -22 -9 9 39 39 43 44 10 -34 0
27 21 -6 0
40 -3 13 17 38 44 60 0
24 -24 43 48 10 -30 -26 48 -49 -3 0
35 55 56 60 10 52 20 -51 19 -40 -30 0
6 -39 -26 0
13 17 31 34 22 -23 -20 3 -7 -23 43 53 0
10 21 37 54 27 7 -6 -33 41 -54 0
21 31 43 58 20 -30 -1 59 -60 -42 0
44 -12 -8 57 -22 0
7 41 16 -16 -52 26 -39 -26 0
42 55 58 59 45 -56 -46 10 -40 0
0
-2 2
-2 3
