6 24 36 46 18 -1 8 -33 -16 0
40 -20 0
41 -53 -57 2 11 21 25 43 0
18 -10 -14 0
58 -16 -16 10 0
3 -8 35 -16 19 30 35 38 56 55 -6 0
43 -7 54 10 27 29 46 49 0
30 -50 4 -34 -23 3 31 46 0
31 -2 14 -12 -56 30 30 36 49 17 20 38 50 0
13 17 31 38 45 -31 -31 0
9 46 56 1 1 3 14 49 43 -25 -10 0
50 -32 35 47 32 -12 -22 3 9 31 0
14 17 20 35 54 9 14 20 32 44 -24 -56 5 5 -15 0
43 -26 21 -49 31 -23 -30 44 -33 -27 15 18 20 25 57 0
57 5 11 43 49 36 -56 -33 20 0
29 33 42 0
5 8 27 0
14 56 0
32 -19 -14 48 -45 -7 11 36 12 -7 -9 0
26 -8 -18 0
32 -50 48 -7 -33 23 56 56 0
13 -3 27 -24 -50 0
-6 1
-6 2
-6 3
-68 2
38 58 0
18 -22 -33 44 -14 -26 39 43 48 60 27 19 -36 0
14 22 27 36 36 26 -51 42 19 -54 0
59 -12 59 -56 0
7 27 41 46 19 -58 10 24 28 46 48 34 -21 0
55 0
23 45 53 23 30 41 41 56 31 -7 44 -4 0
11 -27 -31 18 23 35 47 32 0
2 14 46 51 54 1 -40 32 -20 -27 0
1 11 21 38 46 -12 53 -25 29 -40 -34 6 28 35 36 36 0
14 20 50 0
7 -47 -35 0
47 -39 3 40 45 48 50 36 -36 28 59 0
18 -5 -1 0
46 -53 -44 41 -43 -37 14 25 47 18 -21 0
16 -30 -43 52 -16 7 -34 -5 0
37 38 41 60 60 0
39 -10 -2 16 57 8 -44 -48 17 54 0
25 -5 -23 16 -53 -51 43 -50 0
52 0
-11 2
-11 3
