44 -48 -60 13 -31 24 -53 36 -7 16 -7 0
29 47 55 5 30 41 0
30 50 0
5 17 22 22 52 0
26 -8 0
19 -57 26 -21 13 59 0
13 18 22 0
28 -18 46 -26 -28 60 -25 28 3 6 34 0
11 45 8 35 36 47 0
14 -5 -31 16 31 36 39 52 0
51 -50 -48 38 -2 -44 0
45 -6 -23 23 -13 -24 57 30 -28 7 -5 -17 0
32 -16 0
52 -39 -19 36 -58 -7 9 17 6 -27 -58 7 -43 0
4 -33 -18 36 -21 0
0
59 -11 0
22 -29 -47 50 -43 -23 2 0
11 13 47 25 -16 0
19 32 0
27 27 34 36 44 57 1 13 26 0
15 32 35 32 -12 -51 39 42 -21 -14 29 -50 -32 0
-9 1
-9 2
-9 3
5 36 40 51 16 26 45 46 57 31 -5 -44 50 -42 -55 0
3 -13 -22 0
15 -58 1 29 58 17 -49 -16 9 -59 -54 3 4 19 56 0
41 -12 -36 35 -51 -56 0
1 11 11 56 56 8 -58 -39 0
44 -34 50 -18 1 38 53 56 -58 -30 52 -25 -7 0
43 53 0
26 -8 -27 29 -56 0
56 -42 -3 30 -41 21 28 0
5 14 26 39 40 34 47 50 16 -56 -54 7 -1 2 0
10 -36 0
18 -32 36 0
22 26 41 43 52 -27 -12 1 35 37 39 3 27 32 58 59 0
53 -4 -4 0
10 13 18 32 47 48 54 58 8 15 15 33 55 8 27 50 51 0
48 -23 7 8 14 36 41 22 45 53 60 0
4 44 0
28 -7 -28 32 -2 -28 0
12 18 58 -52 35 52 10 56 30 -33 0
27 -55 -35 8 26 32 34 38 1 -54 -4 59 42 -19 -34 0
-55 2
-52 3
