47 -23 30 -26 0
17 21 24 2 -59 -46 2 -25 6 33 0
8 22 39 42 43 11 23 0
11 47 21 -57 -51 0
6 8 11 31 49 59 -43 -39 25 46 52 16 26 26 27 43 52 0
6 -13 -40 0
55 0
31 44 49 52 0
16 16 46 49 -30 -28 28 35 38 12 18 20 51 53 59 0
58 -22 -13 14 15 20 35 -32 -44 0
31 -18 21 -10 -19 0
34 46 59 20 -19 0
38 -41 0
8 53 54 42 0
0
27 -10 -12 14 41 49 -11 1 2 13 43 47 0
17 -13 -16 6 9 9 54 0
20 -42 41 44 -36 39 -26 37 0
10 11 60 6 0
38 -39 42 20 -46 56 -29 38 -33 0
4 41 44 -46 0
7 -39 -38 2 25 9 14 35 57 0
-2 1
-2 2
-2 3
-68 3
0
49 -55 -14 0
2 2 8 41 50 -21 0
37 43 55 7 31 35 0
0
22 -34 -38 0
10 -42 7 19 29 35 60 0
23 -43 -56 15 47 51 58 -60 0
12 30 45 59 8 -30 -41 14 14 44 58 60 50 -26 0
36 41 0
46 -42 -28 12 54 16 38 54 0
53 58 0
27 -8 -43 16 -4 -14 9 -51 53 -54 -38 25 25 0
53 -7 -14 5 5 54 -16 -57 0
45 -53 -4 7 19 26 8 -12 -44 0
42 -15 7 -2 0
58 -54 -36 0
58 -25 -46 28 -36 0
45 -4 11 -53 60 -53 0
0
-2 2
-2 3
