4 12 12 47 -46 43 0
39 -9 -44 54 -20 11 -56 0
11 15 23 44 48 8 21 26 32 0
20 -29 -10 3 34 54 5 8 15 18 5 14 26 57 58 0
48 -38 -17 0
22 -30 0
29 -20 -18 0
10 45 -26 0
1 20 25 45 51 12 -11 -43 4 -48 -52 36 -45 26 -35 -15 0
12 28 43 50 0
13 47 42 -21 0
25 -33 9 5 32 41 39 40 42 49 58 0
41 -54 0
45 -36 1 -9 -38 0
4 -45 2 12 15 17 41 0
8 40 14 41 47 43 -47 -36 59 0
24 -14 -41 2 -32 0
12 -29 -41 53 -43 0
34 44 33 9 9 10 33 36 16 -6 37 -26 -14 0
29 34 48 60 33 38 47 25 -8 0
29 59 10 37 55 16 16 51 56 2 5 13 44 47 0
6 33 35 49 51 3 -15 -10 0
-6 1
-6 2
-6 3
53 -50 14 -60 0
0
33 -59 0
18 30 40 0
0
3 22 39 40 43 0
47 0
59 -35 54 -29 53 -27 19 -31 -44 0
49 -2 0
11 15 45 57 10 -8 -2 19 29 31 38 -6 -2 0
20 29 40 44 49 14 22 45 52 53 0
10 33 13 -58 -32 56 -56 -9 20 22 27 46 51 0
54 -60 -28 27 35 36 59 9 16 23 42 48 0
4 37 0
0
37 -31 -12 18 -32 -60 0
2 3 23 58 37 48 18 43 52 34 -54 0
45 -48 -8 16 18 42 47 31 42 16 -11 4 21 46 48 0
44 17 20 22 44 -41 17 21 36 48 0
10 -51 25 42 49 56 9 -10 -4 0
-6 2
-6 3
