18 -6 -33 45 -43 -26 0
52 7 21 29 45 0
50 -53 23 -14 -50 32 -18 -20 40 -25 10 40 44 51 56 0
26 -48 -16 28 31 37 49 -15 20 42 58 0
44 -60 -57 23 3 17 18 41 13 0
39 -32 5 19 26 42 0
6 -12 0
55 -41 -26 4 22 37 40 0
32 -25 -4 18 -59 13 -15 27 -39 -53 0
33 -39 -21 1 21 31 55 -20 0
0
29 -56 -7 48 -52 13 16 28 52 43 1 19 22 24 28 0
43 49 10 17 19 34 42 20 22 23 48 -29 -39 0
52 56 11 -47 -13 0
4 57 50 -35 -28 0
39 -60 12 19 31 43 58 0
17 -49 -46 14 -13 -48 0
13 -4 -52 1 18 46 49 0
53 -24 42 -60 -24 32 -13 0
34 -11 7 -18 -46 3 30 38 8 25 25 42 46 40 -25 -42 0
37 -35 3 -45 12 19 31 52 58 37 -4 -34 0
26 0
-2 1
-2 2
-2 3
-69 2
30 -7 10 34 35 46 1 0
3 13 52 6 -25 -41 32 -58 41 0
10 37 0
16 31 44 53 56 9 -51 -21 24 -47 -10 0
50 54 43 -18 -15 8 14 44 49 7 57 34 -56 0
9 20 24 36 42 4 20 30 30 50 46 -10 -1 46 -35 0
56 0
4 -6 -46 8 7 -31 -23 60 -6 0
7 42 0
25 -43 -51 0
41 -59 -24 11 19 40 57 15 -47 17 -17 0
40 11 -28 0
18 54 9 41 56 60 -14 -10 20 -10 43 -59 0
50 -16 -3 0
37 -39 0
47 59 22 -6 -57 29 47 3 -29 -27 16 -11 -6 0
9 -50 7 -23 -2 38 -21 -22 0
4 22 46 -25 0
12 -13 0
7 7 10 18 23 7 45 0
-2 2
-2 3
