7 -51 10 -7 19 40 0
29 37 38 44 44 30 46 55 32 41 47 0
19 38 0
30 36 47 0
23 -10 -11 7 11 -55 9 28 51 0
59 -43 -18 0
22 -12 -30 0
53 -1 -10 0
26 -40 10 -36 15 -20 -13 0
21 -48 2 17 29 57 7 -9 -25 51 -39 0
54 -57 43 -51 5 21 29 58 51 -46 0
32 -41 33 36 38 6 15 17 27 35 48 0
49 -32 -17 14 -43 53 -1 8 0
51 -26 -56 0
21 50 11 -20 -23 24 45 47 56 10 -52 -16 0
12 -56 -39 47 -24 -30 13 -56 -27 9 7 -38 -55 0
8 -36 -48 0
32 -11 54 -27 -37 21 -37 -34 1 21 39 -8 0
8 -22 -40 0
15 19 19 23 33 59 -19 -52 27 -31 8 8 13 33 0
17 -3 -19 0
29 -16 -21 14 -23 -17 0
-2 1
-2 2
-2 3
18 -34 -37 12 -49 0
20 -51 0
50 -38 -43 47 55 56 39 52 21 -33 -37 28 -5 -25 0
53 -15 20 21 26 34 46 0
0
47 -35 -24 56 -14 -47 59 3 21 36 45 54 26 -48 0
10 15 23 2 2 2 29 41 10 19 20 55 30 37 40 0
44 -12 -20 0
8 21 52 59 28 -13 -46 3 -57 -23 0
50 -27 13 -29 -19 32 -57 -49 11 23 0
0
2 4 7 18 39 30 -11 -44 0
28 43 44 60 13 18 28 33 53 3 26 60 27 25 -40 -15 0
4 5 59 0
14 37 45 56 1 7 21 50 51 0
45 -15 -22 51 -17 0
59 0
32 -9 32 45 53 60 22 0
34 -28 31 -52 -3 60 -55 0
24 35 36 47 55 0
-24 2
-24 3
