5 5 13 21 24 28 16 29 -26 0
5 -53 -4 1 13 23 32 35 5 -7 -14 0
15 16 19 30 50 14 20 42 0
16 59 8 26 34 48 50 -43 -29 14 15 21 53 0
25 -57 5 11 23 27 34 51 -38 0
41 -42 -27 16 -36 16 18 30 44 12 -54 -12 0
21 -40 0
15 -8 34 -29 0
13 28 33 54 20 23 38 60 0
1 -8 42 -42 -56 0
39 42 -49 -46 11 16 50 59 0
32 -48 23 -54 -56 55 -46 0
24 -10 -28 51 49 54 0
27 45 49 50 26 -57 33 0
56 -56 -3 38 -31 1 5 49 53 7 -51 -44 0
52 -56 -30 0
60 27 54 58 -33 -32 16 -39 12 -51 -60 0
12 43 7 8 32 44 12 21 52 18 0
60 35 -8 -34 0
48 -49 53 -30 -50 38 -45 -58 30 -36 -41 24 -35 -42 0
23 6 -57 33 -19 -58 0
1 -58 -59 18 19 42 0
-2 1
-2 2
-2 3
8 -46 1 33 36 0
5 -23 -39 5 0
10 47 -3 -11 1 2 9 25 31 20 27 29 0
9 17 20 37 37 0
52 -34 33 -57 -60 23 -36 -44 0
23 -30 10 -48 -7 19 -59 -11 0
16 22 24 29 34 0
18 -55 -59 0
48 -45 -58 51 -20 -42 1 28 33 38 14 40 43 10 32 43 52 0
1 5 17 11 -8 -46 7 -48 0
17 -30 23 45 0
21 23 34 0
43 -15 0
36 -45 -37 58 -29 56 -37 -29 25 -2 18 45 0
30 58 0
27 38 40 56 7 7 27 37 42 54 -6 -23 0
21 36 59 12 15 18 19 20 22 -11 -49 0
59 -10 28 -5 -35 26 -57 -25 41 -39 41 -26 0
49 50 56 56 24 43 53 8 0
38 39 0
-2 2
-2 3
