16 -16 -52 10 15 50 24 -29 8 -30 0
14 -59 -33 28 -27 -57 22 43 31 0
2 4 30 45 24 -59 21 -31 -51 3 -48 0
3 21 31 51 0
7 19 25 0
19 52 -9 38 0
3 8 11 29 34 54 -49 -2 15 18 51 0
37 0
9 15 50 2 16 24 47 47 0
1 2 15 16 36 12 56 56 -58 0
8 21 44 60 56 -26 41 -13 -28 23 25 29 34 0
11 -46 -38 0
17 -29 -27 48 -12 -5 3 3 44 55 17 -25 0
23 -20 -17 17 20 46 55 18 26 45 54 0
16 33 46 56 7 13 29 31 0
6 -7 -52 13 21 35 52 59 49 -38 27 -8 0
37 -11 8 29 33 37 59 21 27 46 51 34 31 31 0
16 -25 -29 46 -43 -30 2 17 19 39 28 -38 -58 22 30 35 0
43 -55 1 31 47 -56 30 -29 25 40 43 45 0
12 -60 -22 15 43 56 5 22 47 3 6 16 25 40 30 -38 0
19 31 36 43 43 47 0
38 2 19 0
-49 1
-48 2
-47 3
4 13 26 -38 -55 6 17 46 32 -52 1 6 18 52 0
18 38 58 58 -56 6 12 9 11 13 26 49 -5 0
26 -19 22 23 43 43 3 -11 8 33 26 -53 -25 0
7 11 38 44 49 36 -17 16 22 32 0
0
13 23 44 1 5 35 38 39 0
28 -8 10 -4 0
13 21 23 26 60 -3 32 -31 -43 3 -8 0
59 -17 -38 0
47 -48 8 11 17 25 45 0
15 -21 0
42 -6 3 20 51 0
19 -55 9 32 34 38 38 60 -15 -7 0
19 26 9 13 14 19 13 -21 13 -35 -26 0
46 -19 48 -1 5 -25 0
48 51 0
6 -39 -17 50 -28 1 -25 -14 23 -50 2 -44 0
53 -57 15 -59 -7 55 -46 0
25 46 38 31 -3 -30 6 26 27 29 31 -11 0
1 3 12 12 56 46 -58 23 19 48 50 -56 -49 0
-52 2
-50 3
