0
52 -12 -8 11 -25 0
53 -51 -8 29 45 58 18 52 -19 28 34 0
50 -2 36 -37 55 60 34 -47 43 -36 -35 0
12 19 20 5 -54 -12 0
30 31 42 51 7 -15 -51 42 0
27 -30 -8 0
31 -9 -6 6 15 11 13 38 60 34 51 56 0
29 60 16 23 43 48 60 0
19 -4 -32 33 0
4 -44 0
18 -59 28 -34 -46 31 47 54 59 29 31 31 42 45 0
1 30 31 36 54 21 -13 15 20 36 57 59 -15 -23 0
30 1 -30 0
29 -32 57 -44 -16 0
0
36 42 46 54 15 -34 -38 37 0
12 48 49 60 37 38 29 -7 -42 18 -14 27 -1 0
32 -53 0
21 -36 -44 8 -3 0
16 -17 -19 3 -38 -27 17 33 42 0
1 14 38 2 18 26 42 46 13 0
-8 1
-8 2
-8 3
17 20 50 59 0
7 -49 -58 0
25 27 48 56 16 21 37 55 35 -22 0
13 15 28 28 -45 -19 0
0
4 4 18 31 47 11 42 5 10 50 0
38 -3 31 33 39 46 56 17 28 31 46 58 0
4 46 52 0
9 -42 -8 5 -56 -14 0
47 57 58 49 -42 42 -15 -25 60 -7 -38 0
39 -38 -40 35 56 15 -39 18 -26 0
29 -55 -10 37 -35 -58 0
26 52 59 33 36 38 36 44 55 0
8 38 0
19 21 37 -10 -24 42 -30 -34 7 34 58 60 0
36 -35 -46 0
6 29 21 -11 19 50 0
53 -6 16 -31 -29 8 19 44 -12 19 30 35 47 0
52 -9 -42 44 -45 23 -51 -4 6 8 31 33 0
48 -8 4 -12 0
-8 2
-8 3
