1 26 27 52 57 0
13 17 37 58 31 -58 -40 3 -53 -24 2 44 -44 0
19 42 54 58 24 43 60 8 28 16 25 30 34 57 0
31 56 0
18 19 0
21 -1 -3 32 -12 51 -45 -15 57 -10 -18 0
12 -27 0
19 30 45 16 22 0
4 9 31 38 58 0
47 -1 26 52 -27 0
0
8 -1 0
30 -21 -32 8 18 7 10 23 -54 -8 23 -27 0
21 18 -9 -19 39 40 4 -46 -5 45 -38 0
10 -34 28 32 44 50 54 3 -16 -26 24 -51 -58 15 40 0
8 42 29 -39 0
33 49 55 48 -39 -51 0
16 28 44 46 0
25 45 31 -34 -50 0
3 -36 -59 58 -11 0
26 -37 -50 10 -31 31 -43 0
20 31 39 42 59 7 -39 6 11 28 39 39 43 -8 10 0
-4 1
-4 2
-4 3
5 -26 49 -50 1 -59 -49 0
49 60 -60 -31 0
11 0
52 -42 -19 35 0
10 11 35 42 9 -35 -5 1 0
46 -18 -47 53 -38 -41 17 19 20 25 47 19 48 55 0
57 0
11 -5 -59 49 -13 13 -22 -20 12 -37 0
5 -40 7 11 13 39 49 0
24 -49 -9 0
27 -28 -41 0
15 -41 -46 0
28 -43 0
3 -53 9 -21 0
23 -13 0
6 -37 -48 17 -41 35 -60 -51 21 -25 0
10 36 38 48 59 26 -19 -20 1 32 46 47 20 -8 0
36 -28 33 -39 -45 36 -57 0
26 48 0
28 -24 18 22 33 38 -30 -44 0
-52 2
-47 3
