13 25 33 0
40 -20 10 -9 -39 16 25 52 23 -49 -27 6 25 29 32 52 0
7 34 14 15 26 50 58 1 -60 7 34 42 7 -36 0
30 -44 54 -9 0
9 -34 23 -38 -31 10 39 0
3 9 11 17 47 46 -55 58 27 -13 2 10 0
10 24 45 57 5 34 47 50 55 9 -48 -15 27 -46 0
5 8 9 27 43 24 -49 0
4 -55 -55 7 11 30 34 0
58 -16 32 -59 47 0
15 15 28 44 53 50 8 50 51 56 0
3 -24 4 33 59 0
16 32 16 9 16 33 58 -49 -28 8 28 0
17 -56 -5 5 -45 -36 57 -29 -29 0
21 28 38 0
15 0
7 15 26 43 52 52 -21 -26 0
11 20 36 43 19 -52 -54 23 52 -46 56 -31 -30 0
55 -3 2 29 32 47 58 27 32 0
17 -42 -25 15 -48 48 -48 -37 0
46 -34 -36 0
24 -20 -25 0
-11 1
-11 2
-11 3
-68 2
25 46 49 0
53 -51 -1 32 -21 56 1 8 27 53 0
26 -9 59 31 -41 0
7 -20 3 31 37 48 55 0
19 -16 -44 16 -26 0
31 -60 7 12 16 10 -39 0
53 10 31 34 47 36 -23 0
2 9 35 39 24 -32 28 44 49 60 0
14 0
1 11 13 23 33 0
28 51 59 -44 -35 59 -39 15 25 30 30 39 0
47 -50 -15 3 -9 -44 0
6 -43 15 56 19 -49 -22 0
59 52 0
3 -20 -9 30 41 52 -49 -12 0
25 -38 -32 0
42 -56 0
49 -28 -8 0
25 -54 1 31 46 52 57 9 -11 -13 0
16 -13 -52 0
-17 2
-17 3
