53 -44 -14 21 -58 10 16 27 51 48 48 60 -7 0
26 47 53 59 0
5 -49 -50 8 35 46 21 -60 0
0
3 20 37 38 0
17 46 0
9 -33 9 30 35 38 53 0
2 4 20 20 39 44 1 -40 -53 0
0
46 -51 0
1 1 4 30 50 28 -20 -21 0
42 -52 50 0
51 -44 30 -51 -39 40 50 51 60 11 27 33 42 56 0
3 30 34 53 14 -2 -60 10 -48 0
11 40 0
58 -32 26 -25 -56 0
34 -24 -32 1 -24 0
25 -1 35 -49 39 57 38 -59 -7 14 16 52 0
35 -9 -2 20 22 22 0
14 -31 23 -55 3 30 12 0
50 -43 -59 18 31 0
10 -41 0
-5 1
-5 2
-5 3
-66 3
36 -33 -17 7 21 34 42 56 0
50 -48 -18 46 50 59 17 8 39 44 0
20 24 50 57 54 -34 -26 41 -13 0
10 -10 0
27 30 39 29 -14 -26 3 13 55 44 -7 -55 0
18 -35 -39 1 31 44 44 0
7 35 52 55 0
27 29 0
1 24 58 3 -24 0
42 -42 34 -54 -56 5 -6 -19 10 0
17 31 38 47 58 14 20 59 26 -20 12 -38 -53 0
6 -24 0
50 -37 -57 4 4 -44 -37 37 -21 -25 4 37 58 0
49 -36 11 -11 -34 47 0
20 -45 -52 30 -22 0
0
13 -28 3 58 50 -32 59 -20 -56 17 38 60 0
17 26 46 52 44 -5 9 18 46 11 -33 34 40 0
22 -26 48 0
43 -33 39 -51 53 -24 0
-14 2
-14 3
