9 0
12 35 39 47 60 0
0
10 18 44 0
12 20 33 36 45 1 33 48 52 -50 -60 4 31 32 40 -26 -27 0
48 -19 -1 0
60 -8 -49 20 -4 0
58 -33 0
23 -20 41 -56 39 0
4 -13 -11 39 -49 -21 0
11 -20 -53 2 -14 0
17 -48 51 -7 0
39 -22 54 -48 3 11 13 43 40 -48 -42 23 56 0
8 38 33 -26 -43 1 11 -26 35 -25 -50 0
26 48 0
0
48 -36 -50 9 -1 -25 33 -42 59 -17 -34 0
2 -49 -35 16 23 32 33 43 14 25 49 25 48 8 40 49 0
17 42 53 56 3 12 17 23 31 30 -27 -9 2 4 55 12 34 41 52 0
46 51 15 -39 38 -60 0
30 32 51 19 -33 -17 3 -52 53 -47 0
56 -19 -41 7 36 39 51 -31 -27 11 -4 -34 2 56 0
-4 1
-4 2
-4 3
-66 2
27 -29 -34 6 24 60 12 13 30 46 20 40 47 0
18 35 35 58 0
29 48 4 -60 7 -37 0
5 6 19 54 13 54 58 8 52 59 29 41 44 49 22 -48 0
55 -44 -6 0
60 -35 0
14 -29 -13 53 -35 0
12 17 21 7 24 53 -44 13 37 43 53 0
3 13 23 36 8 10 34 50 6 -32 -29 30 0
39 -58 -1 6 -44 -50 0
8 -38 -3 57 -13 -32 0
4 -57 -43 43 -2 -37 35 42 52 54 57 0
2 3 28 28 57 16 -23 50 -49 0
47 -39 56 -34 41 -25 -2 17 -4 -14 0
3 9 30 43 4 15 48 52 4 -11 -20 12 32 44 48 11 24 34 37 59 0
0
39 -57 31 -31 -25 0
13 -10 0
13 -1 -27 3 25 45 -8 -43 30 38 25 0
18 20 32 41 50 0
-51 2
-49 3
