34 -8 -34 9 12 18 48 0
37 47 29 -15 0
30 -26 -5 9 -59 -5 11 33 45 58 0
30 -44 -18 49 50 51 56 6 36 48 26 33 41 55 57 0
52 -3 6 25 39 48 57 -60 43 52 -37 -48 0
9 -35 -23 0
40 -22 -16 39 -16 0
3 8 32 52 57 2 32 42 46 55 33 -30 -19 8 -51 16 20 0
12 -7 0
51 0
22 13 35 51 54 60 42 -48 31 -20 0
17 29 57 57 0
59 -19 -33 4 4 17 42 54 0
2 -6 -15 0
32 25 32 43 59 0
47 -40 6 7 34 38 56 3 11 32 42 53 27 -23 33 -16 -27 0
3 9 49 29 -47 18 -50 1 13 18 57 0
44 2 -18 -12 0
44 47 51 56 3 5 8 12 27 -39 -4 0
9 -38 31 49 0
29 -30 -2 35 -25 -21 4 19 32 37 2 6 6 0
14 -43 -4 19 -38 -24 2 -23 0
-9 1
-9 2
-9 3
40 -48 -49 0
45 -47 17 27 7 -36 -5 16 27 28 40 24 -4 0
11 -23 0
3 7 38 46 55 56 13 27 40 50 56 0
25 -8 -26 41 -6 -45 10 -14 -13 0
41 43 48 59 60 -39 -16 54 -8 -24 6 -53 -22 0
25 -1 -36 45 -38 -48 19 -14 35 39 40 51 0
52 -56 0
17 25 26 45 48 0
4 -20 -37 5 -29 -49 1 12 12 53 4 -48 -35 59 -14 -49 0
0
4 -5 13 -42 -32 4 -11 0
46 -5 -32 4 6 38 2 -5 0
19 24 25 30 45 42 -38 -12 55 -17 -52 0
9 -26 4 17 29 51 57 0
9 27 42 0
0
11 14 17 24 55 0
20 54 -30 -50 15 37 40 44 53 0
1 14 33 48 57 32 -45 52 -54 1 3 42 44 0
-20 2
-20 3
