26 40 3 35 46 56 0
18 59 21 -58 27 38 45 49 60 31 -51 0
42 -45 4 4 38 39 41 49 -9 15 17 13 0
10 -20 9 32 36 38 -27 -8 34 -24 5 -28 -53 0
30 -21 38 39 5 15 15 18 37 1 28 38 0
19 3 -41 -46 49 0
24 46 49 55 2 -6 -36 0
23 34 42 57 24 -15 -46 36 38 53 -44 -57 10 12 17 29 0
13 0
3 -29 -39 0
1 23 4 -12 -29 6 -5 -5 0
18 40 43 33 34 42 48 59 -2 0
31 45 53 56 43 -37 0
12 24 24 13 -15 22 -53 -12 34 -40 0
1 -20 -51 8 -13 -42 5 -41 0
17 -26 -24 11 21 50 23 -7 0
21 -49 5 6 15 29 58 0
23 25 25 47 2 46 52 47 -37 0
29 32 34 6 -15 -48 39 -18 27 -46 -7 6 27 0
10 35 38 50 20 31 31 43 49 0
17 26 31 0
33 -29 -7 28 -46 -46 0
-6 1
-6 2
-6 3
56 -7 0
15 13 -8 -21 0
35 -44 -28 20 -15 -59 30 36 57 0
3 -40 -29 56 -60 3 28 33 38 43 0
10 41 43 46 49 51 0
10 -47 30 -45 13 -3 -13 6 12 0
41 50 7 60 -17 18 -56 0
47 -55 -25 39 -17 22 -25 -39 9 35 36 42 59 0
11 -42 -26 46 49 58 0
29 -16 43 -35 0
19 33 35 37 4 33 -34 -22 0
38 -21 -20 9 -2 8 -15 0
0
4 -5 -45 13 -34 1 5 18 29 57 19 -14 0
26 5 6 8 40 43 26 39 56 58 0
34 48 48 40 -38 21 50 57 45 -60 -30 0
5 30 7 -4 5 7 46 57 0
35 -37 -9 37 0
51 -58 0
22 23 18 -14 -10 0
-51 2
-52 3
