21 50 58 0
21 26 34 38 58 0
29 -4 -41 21 -6 44 -56 -34 2 5 19 29 59 0
27 -58 0
6 24 28 -12 -47 13 53 0
8 19 19 22 35 0
59 -41 0
2 25 36 42 43 0
47 -23 7 -56 0
6 -26 0
8 -17 -31 36 -18 0
48 -37 -22 59 -28 -12 59 18 52 1 3 34 0
5 12 18 35 6 -47 28 52 0
22 -56 19 23 37 0
0
0
20 -54 -19 40 -56 -41 0
10 -58 -34 11 11 28 36 38 1 1 11 12 54 0
43 -28 0
26 -58 -3 1 -31 -55 5 22 44 47 0
20 -47 -27 0
0
-3 1
-3 2
-3 3
18 -7 22 0
2 25 60 28 -23 56 -39 -35 13 33 60 60 0
5 29 35 44 47 0
23 -15 -58 4 31 38 52 57 0
8 11 31 5 24 37 47 26 0
43 -34 0
16 31 53 58 59 34 58 21 46 55 0
11 19 22 39 41 26 0
42 -22 3 23 35 53 0
3 24 27 47 30 -13 0
23 50 -11 -40 18 27 48 55 6 -40 0
22 -47 13 -58 29 -8 0
3 18 20 0
40 50 60 57 -33 37 -34 -35 0
8 25 56 0
10 26 33 0
0
1 27 37 0
10 10 17 28 -14 50 -49 -24 0
7 -51 11 0
-8 2
-8 3
