5 6 49 13 16 22 39 13 23 26 0
14 31 17 -24 7 10 46 49 58 5 12 18 40 41 46 46 0
29 31 46 49 33 27 -30 -22 56 -16 32 -15 0
0
13 -39 -47 7 -24 0
31 -13 8 -58 -28 0
32 -59 0
16 17 60 51 -56 -54 48 -21 44 0
5 20 58 0
22 33 50 57 40 -12 54 -13 0
31 0
2 56 -33 -7 35 -46 -5 17 12 23 31 54 0
2 -38 15 43 47 0
54 -5 17 58 12 18 34 40 -3 52 -58 0
13 47 30 47 0
43 -31 -29 4 -30 41 -26 58 -36 0
54 -10 -29 0
2 45 47 58 60 0
15 -11 -42 17 -4 16 29 6 12 29 0
42 -5 -28 1 -5 -11 0
11 -60 -47 9 42 9 -25 17 19 31 34 42 11 23 51 0
54 -51 3 4 5 27 39 24 24 45 0
-27 1
-27 2
-27 3
21 22 25 29 57 39 -41 -55 29 40 0
60 -43 4 11 60 27 48 48 58 59 14 -16 12 -51 -42 0
3 14 0
5 9 27 36 43 21 -30 31 -33 35 -59 -44 0
37 -19 -10 18 -28 -60 59 -56 -14 53 -56 -4 53 -18 -22 0
6 23 51 59 0
22 28 38 56 16 -58 0
24 -49 14 -43 -49 5 8 26 46 50 49 -60 -35 21 -32 -36 0
30 20 -34 -43 58 -51 -21 0
10 11 16 26 21 40 13 29 37 49 0
1 9 34 34 -24 6 7 30 40 52 16 34 60 0
47 -6 -19 8 9 16 47 57 0
15 -47 -19 0
55 -34 0
17 20 37 41 58 6 22 46 0
14 15 21 31 0
15 -47 0
18 44 50 8 -22 -52 0
38 -58 1 13 37 52 0
12 -4 -1 0
-52 2
-48 3
