1 49 56 37 14 -19 -30 35 -35 -33 0
0
38 46 0
49 0
51 -36 52 -11 -12 0
4 -28 32 50 31 -27 6 -18 1 2 40 49 0
57 -50 2 19 32 57 57 -44 3 26 27 0
1 33 40 49 0
11 19 35 40 17 58 2 -12 41 43 44 60 0
46 -54 39 -22 0
18 19 35 50 52 19 21 25 31 34 4 -38 15 29 57 60 0
45 46 0
23 -43 0
2 -34 34 -58 0
6 29 37 45 29 -10 18 -40 -45 0
13 -59 26 -21 -28 1 0
10 14 36 58 -53 -14 39 -56 -18 58 -11 0
28 -27 -16 10 27 33 41 49 2 17 30 37 -53 -21 19 -29 0
2 -36 0
24 42 51 5 -49 44 -13 60 0
30 -28 20 -3 48 -24 -5 33 46 48 54 0
24 -7 -29 13 28 34 8 -21 9 -16 -10 0
-6 1
-6 2
-6 3
-68 2
8 -57 4 43 52 58 14 -30 -59 0
13 43 18 -56 15 -41 -10 0
60 -5 -2 37 1 2 2 52 55 13 -29 -7 0
1 11 31 47 60 24 -9 -1 0
33 -59 48 -53 32 -4 -46 0
32 -12 -35 0
16 24 36 42 0
39 -58 -21 19 -1 23 -39 -46 35 -1 -21 0
14 -10 -3 24 39 51 58 0
0
35 -60 -40 22 54 30 -5 -41 0
39 -40 0
59 -15 9 55 -54 0
44 -25 -56 16 27 28 52 0
12 20 22 26 0
29 -18 5 33 57 59 2 3 20 39 0
1 16 38 44 50 48 15 -26 44 9 -25 0
20 22 30 47 0
30 -58 49 -20 24 -4 -42 40 -1 -47 0
2 10 13 40 8 -47 -31 27 -22 54 -31 11 -33 -50 0
-6 2
-6 3
