3 0
0
22 -21 27 -34 -11 0
7 7 48 56 1 11 15 16 29 10 58 -13 -9 0
48 -31 18 -27 -27 31 59 12 58 -51 0
60 -7 -60 8 17 35 36 56 7 2 2 10 28 31 0
0
12 40 43 49 60 22 36 51 0
4 29 0
57 -51 4 17 21 56 27 -46 1 32 37 38 11 35 43 48 0
12 15 28 32 34 10 19 32 45 0
42 -39 -7 3 9 22 36 0
28 -60 21 36 56 1 -37 4 16 21 43 56 0
20 21 40 44 0
12 -5 0
8 11 24 28 23 26 44 44 41 23 -7 -58 0
48 -12 56 -42 0
50 -57 47 -5 -58 50 -26 19 -46 0
20 0
16 -54 -49 38 52 12 21 31 50 56 0
13 19 35 60 60 2 -26 -23 26 -36 -6 0
8 21 21 51 55 6 -40 4 18 51 59 47 -25 0
-4 1
-4 2
-4 3
-66 3
49 -41 27 -60 17 0
36 -24 12 13 2 -3 -58 0
28 28 42 55 -19 0
50 -18 45 59 28 -47 -35 3 12 49 50 58 0
15 -18 22 32 41 42 56 7 30 4 13 19 37 45 0
0
22 33 35 0
18 -43 24 -13 -37 52 -16 -27 57 -36 -51 0
54 55 57 14 18 22 22 37 45 55 50 -26 -49 31 -34 -43 0
39 -33 -58 0
23 39 55 19 34 5 15 24 5 51 56 0
27 -23 50 -56 0
17 -59 -39 41 -1 26 28 56 34 -31 -12 0
53 -5 2 27 44 0
12 19 59 57 7 15 5 8 32 22 -54 -57 0
38 -19 37 -36 0
13 -24 27 -31 -38 42 32 0
5 -43 25 6 -45 23 -26 0
2 33 36 46 58 13 -13 6 -42 -43 0
15 36 51 17 21 22 25 57 0
-49 2
-51 3
