9 11 27 44 0
30 32 34 3 -24 -43 24 27 43 56 0
41 1 -16 0
24 0
2 -7 -40 37 -44 53 -48 5 -33 -49 23 -42 0
0
7 59 16 16 0
1 2 23 48 53 17 -52 -37 6 23 27 40 0
13 48 58 13 -42 -31 22 -15 15 -29 0
35 -27 44 -14 -12 0
31 18 0
0
13 21 53 54 57 23 25 56 59 55 55 56 0
20 -54 55 -46 -13 51 5 8 17 0
2 -31 -10 0
0
46 0
26 -60 -48 45 -50 -56 30 -16 -52 27 -26 50 -10 -30 0
53 -33 0
36 -10 -29 20 -28 15 37 48 52 0
23 -48 -56 19 14 -18 0
25 -10 -54 0
-3 1
-3 2
-3 3
-66 3
58 21 -55 15 38 46 53 0
6 -59 -11 0
14 -49 -40 24 27 32 0
37 41 -18 16 -13 39 0
59 -33 -3 7 -29 36 -21 17 53 58 0
0
16 -33 24 25 0
22 -36 40 -5 -37 32 -20 41 -23 0
7 23 24 24 29 0
19 30 32 48 48 54 17 -33 0
9 23 36 36 45 21 28 58 0
47 0
16 18 22 37 41 23 -37 -9 8 29 36 37 49 51 -21 -55 0
8 -21 0
13 -5 0
0
46 -14 25 50 55 56 2 10 24 32 33 60 -47 25 -6 -50 0
5 7 25 53 0
5 29 31 52 -5 -17 0
12 -55 17 25 30 0
-3 2
-3 3
