4 43 13 27 37 57 57 58 58 0
3 6 11 49 27 -5 -15 45 -60 0
59 -5 0
19 -9 -6 58 -47 -36 0
35 41 41 58 0
9 37 48 55 5 -1 34 -29 1 18 0
30 51 3 -59 43 -53 0
10 2 -35 -6 0
6 -10 44 -18 0
39 52 33 -9 -23 0
57 -32 -32 0
13 4 37 56 17 -9 0
34 -37 38 48 0
28 38 56 -56 -52 0
26 0
43 -47 21 42 43 43 55 46 -42 -22 33 -12 0
8 -49 -42 31 -15 -19 47 -46 8 -51 0
11 20 29 59 0
17 -18 36 -8 9 -58 0
42 56 13 0
32 -58 -38 0
60 -23 -18 26 -25 56 -43 -17 60 -22 10 -34 0
-47 1
-49 2
-48 3
-66 2
51 -19 6 -3 -5 0
40 -58 -17 10 -19 -3 40 -35 -50 45 56 0
5 16 21 49 58 32 34 34 52 56 59 -50 -14 18 -60 0
59 -54 6 9 39 60 45 -35 42 -34 -47 2 -26 -5 0
28 -52 0
4 23 50 54 55 0
34 -2 -36 17 28 41 46 59 41 54 0
18 46 57 -53 7 15 37 0
12 -15 -36 5 27 33 36 52 0
0
5 8 19 24 -20 -59 6 37 4 18 43 58 60 0
4 6 17 0
29 -26 -12 11 -30 -30 36 -19 -55 13 4 39 40 48 56 0
41 -11 38 -45 -39 7 22 4 17 27 37 14 17 19 37 42 0
17 -20 34 -34 0
1 14 22 -7 21 23 25 27 9 -13 0
41 15 -31 10 21 59 0
8 -53 -22 23 49 57 16 21 23 39 0
50 -25 16 33 45 -25 47 52 55 0
0
-51 2
-48 3
