11 51 58 6 41 44 54 60 40 -37 -56 0
10 17 52 40 -56 2 3 51 58 0
7 16 17 9 32 35 50 0
43 -24 -3 0
0
5 9 17 18 37 41 46 0
22 35 49 15 -33 -54 28 44 0
16 0
3 -10 -39 1 22 23 34 50 0
36 -15 -22 0
24 27 51 56 0
12 -58 31 -26 -46 39 50 44 -57 -24 0
23 -21 0
12 -56 -34 4 25 56 0
31 -37 8 15 38 41 45 3 -30 -45 56 0
0
13 14 18 19 59 6 -7 0
23 -27 35 -54 -14 0
47 -18 0
6 23 28 43 39 45 11 -29 0
32 -14 -60 32 0
30 30 54 59 0
-20 1
-20 2
-20 3
6 22 24 33 58 0
6 52 1 -6 25 -37 0
35 -30 25 -7 37 -2 -45 0
14 -56 -24 49 -14 -36 43 -31 0
2 -43 6 7 28 46 0
15 48 51 11 18 32 38 0
19 -23 0
41 -49 28 -7 3 12 57 0
26 32 0
49 -47 0
11 36 37 41 54 -19 0
7 20 39 -7 12 -19 -36 0
0
23 35 43 50 0
51 -16 -39 53 -12 -20 52 -55 -19 0
30 -45 -10 11 44 52 13 -52 0
55 -42 -33 35 -5 14 26 32 41 55 24 40 41 42 57 0
4 -12 34 -5 -48 0
37 -42 -23 0
43 -50 -42 9 23 -13 -45 20 -6 0
-20 2
-20 3
