8 -29 -16 42 -34 43 -51 -35 60 43 -48 0
1 21 51 -45 -46 46 50 -16 -36 0
9 -42 -7 16 -5 0
24 -23 20 29 33 38 40 0
45 -20 0
57 -6 -39 6 26 38 56 4 52 54 57 45 55 18 -6 -46 0
22 -7 -13 54 -47 -2 38 -1 -17 0
50 -42 -26 0
0
33 -47 -29 41 -8 15 -45 0
3 53 18 16 -20 0
9 -59 0
14 -32 -54 0
14 -58 32 -17 24 -53 0
55 2 6 46 50 23 0
19 54 6 45 48 0
23 0
51 -18 -39 0
26 -18 -36 37 -38 54 -56 34 44 44 47 0
39 56 52 -55 -21 23 -1 29 41 44 52 57 0
32 -1 -53 6 -19 -40 33 -11 -9 29 0
9 24 30 45 48 0
-4 1
-4 2
-4 3
3 0
14 51 59 24 33 36 43 52 48 -24 -57 52 36 -35 0
20 44 55 30 -49 9 12 15 15 0
3 25 37 38 15 -48 35 -19 53 -8 0
2 20 35 60 7 -32 60 -16 18 19 43 52 60 0
59 -50 -6 53 -18 -19 0
16 45 56 23 28 43 49 51 36 41 59 15 30 54 59 0
10 -7 26 -56 20 -11 -35 8 24 29 47 0
12 -7 -4 0
0
0
40 -39 -25 53 21 31 -4 -45 0
12 56 57 59 51 -19 -11 13 -33 -20 38 0
56 -53 -37 0
15 -9 36 -58 8 -42 -37 22 -1 11 12 28 0
19 -34 -28 29 9 -31 53 -51 -38 4 16 0
42 -4 -46 25 -50 -22 20 41 58 4 7 13 0
17 -23 -47 0
27 -27 -21 8 40 42 50 57 39 -48 0
35 38 2 14 23 42 59 39 49 0
-4 2
-4 3
