55 7 30 52 0
15 38 -35 7 -26 -3 6 14 21 32 56 0
50 -20 -15 19 -16 -29 16 -20 -9 0
27 42 26 -3 -6 0
10 -7 1 34 -12 -14 0
5 19 46 52 51 -7 -60 14 -33 -5 0
1 56 0
28 37 19 -52 -28 0
10 -58 0
14 42 47 4 9 24 27 49 34 -23 -40 0
23 -46 15 16 26 35 53 0
7 7 22 34 59 37 -16 -6 10 -7 -25 35 41 60 0
40 -50 8 11 51 53 49 -38 -50 15 -26 -28 0
0
13 -27 0
23 35 44 8 -30 4 11 28 49 49 23 -12 12 45 58 0
5 0
51 -18 6 45 57 7 -20 -50 25 38 49 53 12 24 60 0
25 -24 4 45 51 -44 0
19 47 51 -19 -18 36 -12 18 -18 -2 0
54 -35 52 -41 0
44 -13 -3 10 11 31 46 40 -24 0
-2 1
-2 2
-2 3
18 -41 -58 0
32 37 56 59 27 0
8 -52 8 -59 6 12 18 37 47 8 -15 2 -43 0
32 -46 0
1 5 14 60 38 -59 0
33 -42 0
9 -28 -29 35 -35 0
34 -7 -32 20 -28 -17 0
51 -48 6 -5 -5 28 -26 -31 29 34 19 -22 0
26 -20 33 -37 29 30 44 45 55 12 -56 -37 0
8 18 56 -60 -13 24 30 34 37 17 -58 -3 46 -3 -28 0
52 -18 -42 7 -46 -8 1 -19 47 0
33 45 48 -51 0
1 33 56 59 6 -10 0
10 -12 -38 21 36 42 53 49 -53 0
34 -50 0
27 -39 -51 0
8 55 55 0
50 -22 -40 53 -3 -33 13 18 23 24 0
59 -29 -45 33 47 10 23 29 43 46 22 -58 0
-2 2
-2 3
