17 -42 9 26 35 0
5 -16 17 20 34 37 45 0
9 -27 50 -17 -58 27 -45 14 46 53 57 0
49 -53 5 24 39 42 47 48 -56 0
51 -39 4 4 0
43 50 50 11 -12 0
3 43 -39 6 47 51 57 0
22 30 51 0
1 -56 -6 0
42 0
30 40 41 14 23 31 54 0
9 21 9 -53 0
3 35 0
28 44 52 39 59 0
7 19 19 -37 7 -11 -34 14 -28 -56 0
0
12 33 0
29 -56 -31 12 22 25 43 52 16 50 52 3 -2 -26 15 -59 -44 0
2 18 57 58 59 3 -27 16 24 31 37 50 52 6 -20 0
34 47 51 59 0
9 27 36 0
55 -31 -35 14 56 24 0
-7 1
-7 2
-7 3
34 -14 -33 0
52 55 8 11 16 55 48 -43 2 5 25 43 0
0
42 34 -57 0
6 8 27 28 46 0
8 -29 -26 49 -35 -57 38 -26 -10 9 38 48 57 0
36 2 6 25 37 45 36 -53 7 21 45 5 -15 0
34 47 49 59 0
5 13 15 57 0
42 -23 -56 30 -53 20 -17 -2 0
57 -58 0
55 -31 -27 43 -19 -47 0
11 52 0
0
23 45 32 -20 -2 0
0
11 -39 36 -25 -22 49 -47 -25 0
31 -20 -27 23 37 54 55 13 29 38 59 0
46 -18 -45 8 17 50 58 1 9 35 9 -15 -60 0
4 30 14 -45 19 -49 0
-9 2
-9 3
