0
57 -48 -45 0
37 -12 -27 7 27 0
1 1 4 20 54 1 -4 -9 58 -57 44 -38 0
6 11 50 8 37 43 60 0
6 -12 51 0
50 -27 53 0
7 7 -30 47 -15 0
31 -45 -31 52 -11 0
13 -31 -5 6 9 29 37 46 48 49 40 -40 -49 27 28 31 35 36 0
9 -19 -7 20 50 2 8 17 17 0
59 -42 -27 40 -28 -30 25 29 30 34 59 0
18 20 23 36 2 27 56 29 -30 -30 33 -32 -40 0
12 21 32 46 48 0
57 -47 -55 6 -56 0
36 45 57 11 -12 -50 0
11 22 26 8 -60 10 -41 -13 0
10 -33 -17 57 -45 25 -24 31 38 0
21 28 46 0
57 -49 -58 5 18 59 8 11 32 0
58 -26 -12 58 -51 1 7 58 0
32 -16 0
-2 1
-2 2
-2 3
-68 3
4 6 8 16 53 0
15 21 38 56 0
23 -51 -44 21 -10 36 -20 16 36 0
40 -49 -28 1 -33 0
38 47 0
14 26 35 38 54 26 -19 19 -9 2 16 27 31 51 0
8 22 31 31 59 7 -1 0
50 -16 0
32 49 13 -36 55 -38 -50 51 -53 0
45 -25 -22 2 60 45 -41 39 53 -37 -12 0
47 56 59 39 -41 -39 0
42 -60 38 -28 -21 0
10 41 0
7 13 29 39 22 24 33 46 35 8 -38 0
33 -25 -12 0
41 -50 2 16 28 0
51 -23 -3 2 -56 -3 18 25 46 59 0
6 -3 -43 27 55 0
38 -44 -34 0
44 52 0
-2 2
-2 3
