38 -35 48 -50 -58 1 29 36 52 54 1 -34 -19 0
34 -33 14 -15 31 -56 -16 12 -46 0
51 -10 -49 31 -11 0
3 -44 23 -44 -19 39 0
27 19 22 53 25 44 48 4 21 50 0
20 22 28 36 59 0
9 24 28 32 38 0
36 -59 0
19 36 39 53 23 -39 11 0
0
33 -56 -35 26 -21 -31 0
19 -14 34 45 47 53 -48 57 -39 -25 12 0
16 41 -34 -22 0
47 0
17 -7 20 -34 -2 13 15 21 49 57 0
6 7 16 27 42 27 -4 3 -57 -53 0
11 -30 24 37 50 12 -41 -37 0
21 25 0
13 34 46 59 60 26 43 12 60 13 -25 -14 0
51 -60 -36 55 -2 38 -54 19 0
26 -51 0
18 24 48 52 0
-2 1
-2 2
-2 3
-66 2
5 11 12 26 29 37 17 0
2 -23 -21 25 -41 -23 10 -39 -20 27 -28 47 0
14 20 26 29 18 -15 0
0
13 17 39 -30 -13 5 -55 45 -57 -58 0
16 -23 25 51 24 -41 0
9 -25 -29 12 17 29 2 4 4 31 30 -9 0
0
9 10 -27 -45 39 -27 -49 0
50 -57 -60 7 -20 -17 26 -40 0
58 -38 6 30 40 48 52 27 41 59 0
47 -29 59 -51 -44 8 33 51 -20 35 -30 -13 0
8 18 20 53 22 -57 -1 10 43 53 0
24 26 38 52 -17 0
52 14 51 0
4 43 24 59 37 -38 -2 10 18 41 50 54 -27 0
48 -48 50 -2 0
32 0
53 -35 35 -14 0
9 37 49 50 54 -19 9 16 0
-51 2
-50 3
