9 -58 19 36 8 -44 0
22 38 0
2 23 58 34 -51 -2 1 46 46 60 0
39 -44 -49 22 -45 28 -19 -58 0
33 0
49 -7 0
44 -10 -47 8 22 39 0
48 -14 -60 22 0
3 14 35 50 52 30 -34 48 43 51 5 -2 0
17 -35 0
15 -5 6 -54 12 44 52 60 -5 0
13 27 42 52 50 -1 -14 33 36 54 0
0
19 -43 -58 19 -43 0
31 -33 0
4 -28 42 7 23 27 51 0
12 -1 -25 29 -53 0
57 -44 -2 52 -21 23 -57 -59 0
17 34 34 53 7 -45 0
50 -32 -14 44 58 0
12 14 55 30 -49 -5 16 31 0
2 -13 2 45 51 -33 0
-9 1
-9 2
-9 3
-67 2
7 11 50 23 25 0
41 -18 -9 10 -14 7 0
13 -42 44 -11 46 -50 -27 0
7 24 25 30 46 31 -38 -60 0
19 -59 -42 0
58 7 11 36 44 54 0
2 20 33 58 0
21 30 34 57 0
53 0
8 -23 12 18 49 51 60 49 -15 24 37 13 -26 0
44 -6 -21 17 47 0
0
5 -29 -33 24 -16 27 52 58 21 27 56 0
46 -25 32 36 44 0
6 -37 -23 10 53 58 59 59 5 13 16 44 47 8 30 56 11 -8 0
4 13 19 40 42 11 23 27 34 53 0
31 -6 -7 32 -32 -43 0
4 19 24 18 -60 10 20 26 28 29 0
55 -1 -60 0
3 -8 -13 30 -7 -59 48 -44 -54 0
-48 2
-55 3
