12 28 36 39 58 17 31 40 0
25 20 0
24 -23 0
24 -50 32 -39 -50 0
30 -60 -24 7 22 23 -52 0
25 -39 9 31 37 0
8 43 44 -32 -41 0
57 -12 35 -40 0
47 -54 -41 0
12 -5 53 -9 -17 54 -39 -24 11 -9 -41 0
13 19 23 32 -39 0
0
36 -40 15 36 45 1 2 11 23 29 0
57 -8 14 -39 39 0
7 23 0
28 47 -26 0
31 -28 -54 38 -34 -46 5 43 45 46 58 0
30 -35 -39 35 38 39 42 0
13 13 31 43 50 39 -18 0
9 15 15 27 53 -59 0
38 -10 21 -21 -28 9 14 15 21 45 42 -25 -56 17 22 0
4 22 32 43 46 2 25 26 55 56 50 -17 -9 1 10 36 0
-2 1
-2 2
-2 3
20 -21 -5 1 41 59 20 -11 -43 12 -14 -17 6 -30 0
7 18 21 22 27 10 24 10 12 27 44 53 -5 0
30 40 49 57 34 -26 25 58 57 0
29 39 28 -35 -38 0
12 -38 5 5 17 43 -1 -55 20 -41 0
40 -11 -10 14 27 39 14 40 47 48 43 58 53 -17 -25 0
49 -47 10 5 23 27 46 0
36 -49 -33 28 42 26 -52 -47 0
40 -53 -45 4 -53 56 -36 -21 2 7 57 60 56 -34 0
3 28 33 3 22 30 44 45 13 17 56 8 22 30 39 52 0
8 8 10 14 31 60 -57 -15 40 41 46 49 51 19 -40 -19 0
9 53 12 -5 4 32 53 57 49 -58 -17 12 27 45 0
38 -34 20 22 30 0
53 -2 -33 0
25 33 57 -40 0
4 9 10 33 46 19 25 27 29 0
0
4 -24 -45 8 -38 -37 0
5 -43 19 42 47 59 8 8 15 45 47 12 -7 -52 0
46 -51 0
-15 2
-15 3
