0
1 30 54 55 57 37 -43 18 -32 1 7 7 16 52 -29 -38 0
57 -44 -14 0
7 27 58 9 18 45 0
54 -28 9 -14 12 -9 0
42 -43 16 0
19 -41 0
2 6 0
16 25 9 41 53 58 60 0
49 -59 0
41 -36 -60 1 36 39 42 44 0
25 30 -9 -13 5 -48 0
12 -22 -31 0
0
45 0
40 -51 -38 0
17 -39 0
17 28 32 49 55 0
15 0
10 -18 37 -48 -15 17 -15 8 14 15 54 0
24 -16 0
5 -54 -36 38 -50 -31 0
-2 1
-2 2
-2 3
50 -41 -59 20 -26 9 -55 0
34 -25 -56 12 15 31 33 43 0
15 -49 20 -45 -13 0
31 0
7 18 23 34 46 7 -46 -25 0
56 -8 -54 0
45 24 -37 48 -5 0
53 -6 13 -13 -9 60 -40 1 15 50 55 55 0
11 14 46 55 8 34 44 53 53 53 46 55 30 -60 0
59 -45 37 -57 24 -53 -38 0
6 54 0
18 0
4 35 29 37 -59 13 21 33 43 56 4 0
59 -55 -36 9 29 35 35 41 5 23 47 0
59 -8 -1 0
58 -1 20 -55 38 -58 0
16 -41 -36 0
60 -7 17 -2 -34 16 -5 -49 34 -46 0
0
38 58 0
-2 2
-2 3
