15 -20 0
53 -30 1 3 32 47 0
8 33 43 59 25 33 49 30 -3 -33 0
10 26 48 0
9 -31 -39 17 -20 -22 0
5 -54 54 -22 -26 39 44 47 56 3 28 30 42 59 0
6 7 32 38 0
52 12 -13 0
14 -24 24 39 41 47 51 0
17 -56 35 -23 38 -50 -25 24 -5 0
30 -9 -50 0
22 -6 6 16 25 7 29 39 0
6 -18 4 14 9 0
26 -19 1 17 53 0
8 -33 -23 29 -11 -12 5 -39 0
1 -20 -27 8 22 27 41 54 0
8 18 27 58 13 20 38 43 47 41 -28 -50 13 31 22 -42 0
0
21 -48 15 17 0
53 -27 1 -37 -3 0
3 20 53 0
35 54 21 43 47 60 51 -48 1 -26 -2 0
-2 1
-2 2
-2 3
-68 2
11 -47 0
34 -45 10 -35 0
55 -46 1 -45 28 -29 0
3 4 31 47 49 0
11 16 54 0
13 -41 -18 9 -43 -11 1 11 16 51 54 18 -10 0
6 -34 0
14 45 52 11 23 58 59 20 27 27 37 57 0
5 -8 4 -31 26 59 0
36 56 60 35 -50 5 26 35 44 50 15 9 20 22 30 48 0
10 -47 -53 10 -2 29 -4 13 0
31 -3 37 38 45 41 -22 -25 0
25 -22 -41 2 3 3 23 38 -3 0
21 0
26 -37 0
52 60 -51 -25 11 -12 0
32 40 45 -39 22 -54 -2 0
30 40 52 8 24 0
1 -50 5 8 16 19 46 0
20 21 24 32 56 28 -58 -8 0
-48 2
-54 3
