44 -45 54 -7 0
8 -31 5 -56 -24 6 -58 42 43 0
0
22 -5 -55 24 -36 26 -34 13 18 46 52 57 0
5 -8 0
40 -20 50 31 -23 0
23 43 59 13 12 -8 -27 0
33 -41 17 -28 -28 0
46 16 -21 -33 32 -15 0
53 8 14 49 57 37 54 0
36 -29 54 -59 8 19 22 36 38 0
16 -20 53 19 -54 0
45 -53 -17 7 13 31 33 49 0
24 -9 57 -56 7 8 8 33 19 28 30 42 49 0
0
53 -58 24 30 24 36 40 40 46 -46 -38 0
29 -58 37 39 44 0
14 -2 14 5 -55 -57 10 12 25 42 43 0
19 -44 -13 24 24 31 32 27 32 11 -52 -59 0
25 -49 -58 0
47 -5 -54 0
17 -50 36 40 26 -24 37 -45 -52 16 -42 0
-2 1
-2 2
-2 3
34 0
13 36 37 43 53 43 -44 -58 37 -58 0
0
35 41 43 7 -27 -41 0
41 -27 32 -21 -53 13 -46 -25 0
12 -52 -25 22 38 44 50 0
54 -56 0
4 -24 25 53 0
18 57 50 -24 -1 48 -2 -3 10 32 59 59 60 0
3 15 34 55 1 3 37 41 51 0
13 -25 -4 54 -31 -25 16 2 7 12 50 56 12 -5 -24 0
36 53 58 0
45 -49 57 -14 -21 0
24 38 40 42 -46 -32 18 -11 49 -20 0
7 43 44 55 56 6 -33 -27 0
45 -48 36 36 45 -17 30 -53 0
2 4 5 9 17 42 -3 23 -2 0
11 33 55 6 0
10 24 36 37 0
18 -19 0
-48 2
-55 3
