22 -20 0
54 -34 -56 12 17 21 26 36 -51 -56 6 38 0
58 -9 -51 16 -47 58 -19 -8 0
5 -29 -46 44 -52 0
23 50 59 59 60 13 48 52 55 -24 -60 33 41 58 15 23 52 53 0
52 45 -6 -43 27 -32 49 -51 0
0
6 26 34 38 0
27 31 33 58 60 26 39 46 49 51 1 2 3 48 56 25 -19 -54 0
58 -16 3 19 25 0
4 -22 -54 19 29 44 49 0
58 24 -50 -30 16 -13 -44 0
51 -59 57 -43 0
4 15 19 47 48 0
34 -37 21 -46 -2 0
60 41 -19 -24 0
13 46 8 -18 60 11 27 27 37 0
23 52 38 -35 -13 1 6 23 24 41 0
10 25 50 9 19 47 24 26 27 38 -5 -8 5 18 31 36 58 0
20 -7 -59 4 -25 55 -17 -29 0
16 -50 -15 0
0
-6 1
-6 2
-6 3
0
19 2 -46 0
25 -59 -51 5 16 23 29 0
56 3 16 27 33 58 8 -1 -26 0
0
5 -22 2 -23 -59 31 -28 -1 8 -27 0
48 -8 -33 31 -50 33 52 57 0
18 23 45 56 48 -4 -38 14 -6 0
30 0
47 -9 19 -44 -56 30 -54 -58 0
44 -28 0
18 31 33 39 57 26 -54 3 7 35 45 60 18 23 41 0
44 -36 -37 43 -58 0
32 -16 50 28 28 35 54 24 27 27 43 45 0
56 -22 -25 7 34 42 58 56 -5 -50 0
21 -3 56 -24 44 -58 -38 0
9 44 55 55 58 0
42 23 25 37 56 57 0
5 -2 0
46 -31 -5 17 34 0
-39 2
-39 3
