6 8 51 57 -57 57 -9 24 -37 -9 44 53 0
0
21 -45 27 32 39 49 37 13 -18 0
19 -56 4 49 50 14 -50 0
25 -13 -41 0
30 -53 0
19 37 -23 -10 12 22 38 -39 -13 0
41 50 -16 -25 20 -44 -25 0
16 21 26 29 0
1 10 15 49 55 0
2 -3 -31 41 -10 59 3 19 45 0
2 2 8 59 0
28 40 55 58 55 -47 -28 42 -53 -18 0
11 -41 -9 58 -29 12 0
24 55 -29 0
19 -22 -42 12 39 45 49 28 57 25 -55 -43 0
23 -22 -13 12 14 16 58 0
34 -14 -35 21 46 22 -60 -53 0
21 -53 30 -22 11 20 22 0
10 45 4 28 29 52 56 -11 0
33 39 51 2 -7 19 -35 48 -27 0
35 38 55 55 60 40 0
-6 1
-6 2
-6 3
-68 3
60 -28 -46 0
11 -43 0
14 18 32 51 49 -32 49 -32 -22 46 -57 0
57 -34 3 13 35 52 0
47 -47 20 25 34 55 2 29 54 56 59 33 -59 29 -3 -27 0
16 22 40 53 31 49 52 55 58 0
59 -34 -5 34 -9 55 -7 0
5 48 56 -23 -11 3 19 27 52 55 -19 0
41 -18 0
52 0
1 -50 -29 1 5 53 58 26 45 56 57 39 -36 0
33 -52 -4 49 -20 14 -41 -5 0
23 20 -56 0
48 49 60 21 33 39 -14 -28 0
6 11 11 -40 -47 0
32 60 9 36 43 54 0
26 3 41 42 12 16 50 19 19 25 36 18 32 42 46 0
16 37 48 18 45 57 37 38 40 0
12 29 34 60 0
57 -58 0
-6 2
-6 3
