13 -50 2 13 25 0
18 -8 0
26 -5 0
16 -12 0
23 34 45 11 53 58 25 21 13 -19 0
16 21 35 56 16 35 52 53 9 23 46 53 58 1 24 30 38 8 -57 -1 0
57 -44 -3 18 -22 21 30 34 58 25 -34 -48 0
20 32 44 53 60 -53 -31 18 -59 -31 21 -44 16 46 0
55 -42 0
55 -43 -31 26 27 36 0
4 6 9 21 27 0
0
6 47 51 51 46 -46 17 17 26 40 0
31 -9 -29 0
20 34 36 54 55 0
18 37 0
13 -35 60 -35 -21 2 5 55 57 0
32 -27 -57 59 -33 -49 38 -45 47 -31 6 32 51 0
45 -53 21 43 54 57 24 -15 -40 11 15 27 53 56 56 -12 -34 0
4 42 0
2 27 48 59 18 -41 59 -37 0
22 -4 -22 37 -12 -6 11 -42 -19 0
-2 1
-2 2
-2 3
-66 3
43 -23 0
52 -13 0
58 -3 -4 30 -55 0
3 60 35 -40 37 -46 32 -25 -47 55 -33 -9 0
38 48 42 -11 -17 44 -53 -38 17 -3 -22 2 -9 0
58 -56 -42 13 -25 54 -40 -56 0
48 -13 10 -47 59 0
1 22 54 0
14 25 47 55 5 46 52 30 -4 40 -9 0
8 -48 -41 5 7 19 14 -30 23 0
13 16 20 25 -1 35 -52 0
32 -48 9 14 57 0
3 39 39 18 -48 -36 33 -19 -16 0
19 -4 -10 0
10 21 43 0
42 -4 0
51 -31 -31 12 -29 -60 8 22 29 46 2 19 31 44 52 0
35 -58 9 5 59 20 56 59 0
4 -44 -23 0
53 -59 -14 0
-53 2
-54 3
