3 18 32 39 40 4 -16 -54 0
45 -53 20 20 43 54 60 -27 -6 27 -4 50 56 0
10 24 26 45 54 14 -1 -50 54 -47 0
42 -51 25 12 -3 57 -15 0
7 10 16 30 59 0
20 21 60 27 0
23 24 45 55 58 -44 0
34 54 0
2 -12 -24 39 -56 -53 0
2 12 15 30 57 21 -23 -56 0
1 9 16 39 48 50 36 45 -18 -53 38 42 0
22 45 51 0
10 -8 33 0
5 30 37 -23 -60 49 -9 0
3 15 55 58 50 -24 28 -48 59 -19 0
42 60 -31 0
48 -2 8 52 55 51 -40 -45 0
45 52 15 -22 0
48 0
5 24 -48 12 34 35 40 5 -14 22 37 51 56 0
16 -54 5 -5 -23 0
51 -7 30 -45 -57 0
-5 1
-5 2
-5 3
39 -45 0
20 42 46 58 9 -17 -18 9 33 46 49 59 0
3 13 26 47 48 27 -21 50 0
45 -23 -38 16 16 29 26 32 33 50 57 17 26 26 52 25 -55 0
14 18 21 47 56 12 39 60 -32 0
48 -33 32 -12 14 16 22 25 54 0
58 -57 -42 45 -6 -59 8 -53 -20 21 -4 -23 0
2 -38 -35 0
7 39 39 47 38 14 -27 -2 0
8 -48 6 -60 -39 0
12 0
7 -15 0
50 -45 -24 19 43 13 -41 -13 30 47 48 55 0
37 -20 0
44 -43 9 16 24 8 17 28 56 0
16 31 44 -20 51 -15 -54 42 49 50 30 -12 0
3 39 18 28 28 52 57 15 -16 21 -29 30 53 0
13 53 3 42 14 36 3 49 0
20 -44 -46 0
0
-10 2
-10 3
