14 -41 35 -39 -43 0
11 -59 0
22 -3 -53 0
3 -15 6 37 40 28 33 37 27 -40 -5 0
38 -32 -24 23 -48 55 -51 39 -32 -47 14 -24 0
25 -37 14 -54 6 -47 -14 10 -44 -50 30 0
44 -1 17 -16 32 58 31 0
4 24 20 -15 -6 4 9 57 0
0
14 -34 -33 30 20 35 49 0
45 0
36 -8 -55 42 -60 -56 14 -24 44 54 55 60 0
10 -14 -14 0
58 -29 -9 59 -54 -32 38 -1 0
22 27 38 18 -49 23 -52 -2 28 45 60 0
3 34 42 45 48 47 0
12 -55 0
49 -39 0
55 -50 -4 8 10 23 34 41 1 10 11 33 43 44 -41 10 14 54 0
2 19 30 24 -58 0
7 24 45 50 17 -9 20 -20 0
6 29 39 53 57 28 -1 -7 3 -49 51 -31 -54 0
-4 1
-4 2
-4 3
4 -20 -15 39 20 38 49 53 55 0
18 26 41 6 18 22 47 1 4 4 4 51 55 0
56 -15 -29 1 50 57 0
37 -45 23 0
32 -19 7 -60 -55 21 40 0
5 24 37 49 55 5 -3 -22 0
13 -12 0
31 -24 36 39 40 1 37 37 48 54 0
52 58 21 36 51 46 -29 -32 41 26 -50 -26 0
0
49 0
25 -53 -48 0
29 -13 40 49 55 32 -52 -10 1 -7 0
8 -18 -29 0
5 31 45 47 49 21 23 47 60 22 48 0
10 33 54 55 26 -5 0
25 -34 -47 12 56 0
15 28 -25 28 6 -32 0
6 8 22 49 57 18 21 46 47 33 0
56 -38 -28 0
-15 2
-15 3
