0
23 31 37 41 50 25 -60 60 -41 -22 60 -49 0
50 -10 -48 10 39 -25 -40 15 18 32 48 0
41 -1 5 -9 0
38 -18 54 58 58 18 25 30 36 53 0
9 -24 27 18 0
0
36 39 39 0
0
15 -54 -20 46 -29 -20 0
28 -57 -11 52 54 0
5 7 37 53 58 51 -59 -33 0
2 20 21 38 53 42 -5 -16 48 -14 -52 0
8 21 28 44 47 4 21 59 17 -57 -2 0
7 29 31 42 7 53 55 57 0
20 30 34 11 -45 -4 0
2 17 20 57 18 -12 -4 13 33 51 0
20 53 53 -2 0
48 0
54 0
10 30 31 1 0
60 -42 -38 9 -36 -47 27 -1 0
-2 1
-2 2
-2 3
30 -4 -55 0
36 -27 48 44 -29 -9 6 8 19 57 0
6 -5 0
26 35 35 49 52 0
7 13 21 46 -56 -1 0
16 55 60 0
10 -47 -5 0
43 -18 0
5 17 50 -35 0
19 -2 0
0
12 -7 -40 21 26 48 52 60 52 58 0
2 -12 22 59 30 0
27 -54 -33 2 7 17 32 15 -6 -37 2 60 0
9 16 21 22 50 11 -45 16 36 0
11 20 36 38 58 36 -4 0
13 -41 -18 4 -32 -52 0
10 14 21 41 55 12 27 46 30 -32 29 40 48 49 4 49 0
48 30 27 -34 -1 0
56 -24 -13 50 -8 0
-2 2
-2 3
