28 32 -23 0
0
29 11 29 26 -8 0
39 -52 0
53 -37 13 30 0
6 -8 16 -41 0
10 10 12 26 32 52 -18 0
13 -8 -19 0
11 -56 8 19 24 49 5 8 20 6 12 26 0
22 -19 51 -35 -19 0
2 -10 33 -7 -10 40 -53 -36 0
12 49 0
38 -56 40 -54 0
53 -41 33 37 48 0
50 -47 3 19 29 29 32 35 52 12 13 15 27 0
45 -46 -43 8 -50 0
31 43 41 -39 -6 0
38 5 60 -11 -42 46 -40 3 16 27 49 58 0
9 -46 29 57 0
54 -37 -49 54 -3 41 -39 -48 16 -49 -32 0
48 13 -16 -43 22 39 59 57 -5 58 -7 -35 0
10 37 0
-2 1
-2 2
-2 3
-69 3
48 -39 -17 26 35 41 43 60 0
1 26 34 51 36 -20 -3 53 -48 -40 59 0
29 -57 54 -53 -41 20 21 22 36 0
3 -19 -54 8 16 37 50 51 25 34 45 0
47 50 52 50 -53 23 -27 -46 43 -13 32 36 40 48 0
4 -57 32 -28 -30 17 -32 23 -13 21 -10 0
9 36 51 39 -58 0
14 31 43 53 16 -29 -29 0
45 0
25 45 0
5 -8 -20 43 -44 54 -40 -35 36 -39 0
23 25 30 40 1 9 11 21 56 0
6 -46 -46 0
26 30 18 -33 -49 0
9 34 0
49 -15 29 -10 0
0
43 -5 -55 22 -9 31 -13 0
54 -4 -54 29 -19 -18 0
1 -45 -31 34 4 21 24 43 36 -52 2 19 0
-6 2
-6 3
