12 33 51 0
40 -40 26 -39 -10 6 12 44 54 0
16 -32 0
9 -2 0
48 -3 -25 14 -7 -1 3 24 25 50 52 9 58 12 -2 0
2 -32 -15 43 45 60 14 32 47 0
34 -43 9 12 26 40 58 52 -60 -29 1 6 17 40 1 11 31 32 41 0
4 10 13 5 -37 14 16 54 0
18 -56 13 -24 -19 0
57 -18 -45 0
1 4 13 35 37 -4 -32 8 45 51 54 0
19 36 36 58 50 -38 0
2 12 33 53 40 -50 57 0
14 31 -48 -47 0
0
56 -7 -27 0
24 -26 6 22 55 1 20 41 46 51 18 -34 -36 8 36 0
27 43 44 52 17 38 38 44 52 28 31 44 46 4 7 10 13 48 0
36 54 38 -9 -22 18 40 46 58 4 6 19 31 39 0
17 18 42 42 53 42 -36 -4 60 0
35 60 47 -53 -5 39 40 56 43 -15 -59 28 -21 0
0
-56 1
-55 2
-48 3
-67 2
8 27 41 -8 5 17 41 19 -19 -15 0
22 45 53 54 50 -45 -20 57 -40 4 13 14 50 0
24 -21 3 4 8 46 48 28 33 0
40 -27 -8 0
2 -13 26 -27 48 -55 5 34 38 41 47 0
17 -56 -27 30 51 51 59 0
9 24 36 42 42 56 6 20 27 30 60 25 -51 58 -47 0
20 -20 -15 10 6 -50 -57 0
8 21 7 16 27 51 57 0
59 17 29 1 27 34 0
27 -40 -55 0
32 -27 -12 16 41 -46 -58 18 34 50 0
18 26 50 -32 -1 56 -19 24 -16 -59 32 33 56 0
4 29 44 6 23 38 50 0
6 30 42 59 38 -34 -11 9 26 37 44 0
6 29 46 35 35 36 2 11 31 48 52 19 -55 -31 0
0
8 -13 -49 0
3 19 24 38 0
49 -60 -35 24 -43 -18 0
-55 2
-49 3
