13 -5 0
23 -5 21 25 54 56 42 -11 8 -43 -4 0
56 -24 -20 5 5 58 0
14 -21 45 38 -35 43 -30 -14 8 28 33 41 0
23 -15 -23 4 26 37 48 53 31 60 0
44 -60 -29 35 36 37 60 13 20 21 31 40 15 22 46 48 48 0
12 33 23 36 43 8 22 40 1 32 39 42 49 33 -47 -34 0
17 28 31 44 52 56 -36 0
10 11 29 0
12 56 57 20 -36 0
3 -56 -22 56 -50 0
27 -12 0
4 -38 -45 19 13 41 0
33 -47 56 5 40 56 0
5 8 11 55 33 49 49 10 -58 0
26 26 56 57 -21 6 14 25 39 60 14 57 0
36 -13 54 -26 56 0
27 35 41 48 56 5 5 14 29 52 45 -50 -49 19 1 24 43 50 54 0
31 -7 -36 15 25 33 36 45 13 19 21 25 39 4 5 56 50 0
50 -24 13 19 24 56 25 -39 0
50 -4 -41 26 37 11 15 21 49 7 12 12 41 47 0
15 -20 -51 53 -30 0
-2 1
-2 2
-2 3
51 -41 2 -18 -60 30 -21 21 29 52 57 24 34 42 46 54 0
14 28 36 0
25 20 -20 0
31 -47 4 -46 -8 0
20 -34 6 -2 1 4 29 29 54 0
1 1 28 31 36 20 28 60 36 0
53 -46 -14 0
56 9 -20 -44 10 -35 9 35 41 45 0
40 -8 -35 16 -31 16 -19 0
15 39 58 26 -54 -27 0
0
2 -35 39 44 58 59 0
47 -5 6 12 18 21 27 37 57 57 0
58 -32 5 9 16 22 57 -15 -27 5 -48 0
2 -60 2 47 40 -49 0
19 28 2 -20 -57 54 -20 -37 0
7 34 35 49 21 54 7 34 0
48 -23 0
16 26 41 52 56 -32 -60 19 -53 -24 32 38 60 39 -10 0
3 21 -49 22 -1 53 -5 -19 0
-48 2
-49 3
