7 36 44 53 29 35 44 8 26 9 -43 0
52 -58 23 -1 -12 7 -25 -44 0
18 -23 21 37 51 54 54 0
56 28 -12 57 -13 0
22 -41 -23 18 33 47 59 0
35 -18 22 -47 -28 22 -37 15 -18 49 -38 0
56 -4 -25 46 -2 5 -32 26 -57 0
57 -27 0
52 -32 -59 4 28 56 13 20 50 0
37 -28 -51 47 -30 -23 0
13 30 44 39 -9 0
7 -57 -18 50 -47 -24 47 -21 17 -14 -35 23 -55 -53 0
5 15 29 41 56 3 22 56 43 -39 -14 0
22 26 34 0
20 -48 21 0
8 11 33 38 45 19 52 55 0
6 7 52 0
23 -27 0
5 -19 7 18 42 0
9 22 0
46 -32 -22 0
23 43 33 40 46 51 8 16 24 37 26 -44 0
-2 1
-2 2
-2 3
-68 2
17 -39 -35 24 -52 -59 36 -5 -47 0
0
29 -24 -56 13 -54 24 30 36 52 15 40 50 0
25 -20 -3 32 47 0
38 -27 0
12 44 46 46 48 0
21 27 12 31 38 41 42 27 -33 0
39 -43 48 -4 -33 3 -44 0
38 -15 18 -55 -31 0
14 25 50 0
12 -35 23 55 59 12 18 29 55 -21 0
46 -40 -28 10 16 35 36 0
54 -35 -1 12 -34 -35 47 -38 -41 0
21 -5 31 -57 52 -23 9 37 44 57 0
33 -14 -22 38 23 30 33 39 0
15 -33 -57 45 -51 0
3 -23 1 24 28 58 0
0
15 -16 0
38 18 -15 0
-2 2
-2 3
