3 18 20 26 -52 19 -29 -18 0
9 -36 0
59 1 -52 -53 4 -53 -15 38 -8 0
17 -32 -55 36 -14 12 -19 -48 0
4 12 22 39 46 13 -20 -17 25 37 38 14 24 27 28 55 14 -12 -6 0
21 -57 -23 54 3 26 42 1 37 -24 -16 0
24 28 0
59 -52 0
18 49 58 -48 38 0
48 -60 -42 0
21 56 16 19 54 2 27 53 59 24 35 53 57 60 0
36 52 57 6 -36 -5 12 -24 21 26 31 49 0
22 33 9 -19 25 51 55 0
2 24 36 41 54 0
27 -40 5 5 27 56 -11 6 33 0
11 -35 0
0
55 -40 -51 28 52 42 -16 16 27 52 56 39 56 0
52 -38 -38 0
41 0
14 -20 -60 16 23 31 39 54 17 19 51 54 0
13 24 26 45 58 34 -33 0
-6 1
-6 2
-6 3
-69 2
23 -42 -7 28 28 52 0
39 -2 60 -29 0
3 14 23 53 1 -38 8 -49 -29 33 -26 4 50 0
30 -51 46 -48 -25 7 24 3 -52 -6 0
31 -43 -55 10 20 35 36 0
40 -34 -10 1 26 35 39 56 23 28 24 -5 -25 0
12 20 52 10 20 56 29 -36 -50 0
20 49 53 24 0
11 15 21 47 50 52 -27 0
16 23 59 20 -56 57 -6 -17 34 -26 -58 6 -60 -17 0
27 -49 -48 33 -42 -4 0
33 -42 0
6 -22 -54 3 23 40 36 -47 -58 19 23 37 50 0
46 48 57 57 0
10 28 3 -39 0
43 -1 -53 0
5 6 25 46 37 -19 12 14 26 45 15 -40 -11 0
11 -8 0
56 -6 -29 43 -31 -13 20 43 47 0
29 -32 3 15 60 0
-31 2
-31 3
