56 -43 -40 29 33 36 16 57 11 13 16 17 56 32 36 44 0
58 28 55 0
58 -6 -1 0
30 -49 29 -57 38 48 0
22 34 52 20 -43 -5 3 30 32 32 1 -1 -45 0
18 -40 0
50 -41 51 -12 33 -16 47 -52 -12 40 -47 -10 0
31 -51 34 -24 2 15 28 43 53 0
16 -51 18 30 -23 0
8 -46 -57 8 -7 -20 12 -42 -7 4 5 43 0
24 0
1 14 16 46 48 18 -58 19 0
40 -60 -44 0
33 -52 52 -36 -27 29 -7 60 -10 -56 6 22 56 0
40 -18 56 -18 -50 8 10 27 47 57 42 -9 -18 44 0
5 -34 -22 0
53 -52 35 -13 30 -55 -49 0
55 -32 -19 0
55 -50 -15 26 -58 31 -19 33 35 41 0
0
6 -34 38 -48 12 -11 -12 8 -56 0
19 27 58 59 1 4 5 11 5 -7 23 58 0
-44 1
-44 2
-44 3
4 19 25 35 53 0
0
21 -58 -52 41 -40 -17 16 -12 0
10 14 28 0
8 48 55 60 -36 14 -60 -57 9 23 27 38 0
43 -43 -39 28 0
7 14 33 41 0
7 -10 4 32 40 52 24 29 32 49 -49 -30 0
60 -15 15 -45 0
22 27 44 47 52 0
3 43 52 53 56 0
20 -48 -50 25 -32 0
34 50 59 18 -38 -51 46 -19 -11 57 -12 0
22 -3 -12 0
27 30 32 28 -9 -14 50 18 0
14 -14 -14 6 33 11 -22 -13 0
2 -27 -40 57 -51 -32 10 55 17 17 26 54 0
10 -38 15 -6 -14 0
8 40 40 14 38 56 58 5 8 30 32 0
15 30 41 57 47 -36 -15 22 27 36 53 56 0
-44 2
-44 3
