7 -48 57 -18 -6 16 58 60 18 -45 -50 0
20 -8 -43 3 36 -2 -20 45 -1 -26 59 -43 0
8 -29 44 -39 3 9 27 47 0
3 -18 -45 52 -42 0
14 -16 -36 16 25 44 54 56 59 -33 -55 0
0
0
26 -33 -50 32 51 52 57 58 18 40 54 1 6 7 20 25 0
0
38 46 46 56 39 -2 -55 17 -40 14 34 48 50 0
38 42 48 31 59 6 18 34 52 -44 0
38 -58 -38 0
27 31 40 0
57 -15 -7 25 0
19 2 35 0
17 25 51 59 0
16 53 59 17 22 30 31 0
2 -18 -45 1 14 15 33 42 52 0
3 26 28 29 1 41 48 12 0
25 43 0
43 -55 -33 0
54 -6 32 46 -52 -21 51 -35 0
-3 1
-3 2
-3 3
49 -32 -54 15 46 56 11 18 41 60 0
3 0
29 -54 57 -60 -3 0
53 -9 -28 13 -13 -38 46 3 16 49 51 -8 0
44 -39 46 -7 0
30 -48 0
3 14 28 31 59 5 11 37 3 4 30 57 0
44 58 45 -31 -25 2 9 25 36 55 0
32 -48 -59 0
17 -46 49 -46 -20 32 -60 20 34 0
34 -13 -11 12 14 31 54 47 -50 0
13 -9 -30 2 -15 -54 0
15 45 51 55 1 -47 52 -3 -58 0
7 7 9 29 47 60 30 -35 37 -37 20 0
0
49 17 -5 -59 5 -22 0
15 49 50 59 4 11 27 43 49 57 -41 6 54 55 55 0
18 36 43 44 45 0
0
12 -11 47 58 0
-9 2
-9 3
