51 -4 51 -10 9 18 51 55 0
44 14 -34 4 5 0
23 34 37 59 12 -43 0
17 21 34 49 0
3 3 35 22 -37 0
14 -52 7 -45 4 42 53 -58 6 -58 0
12 15 35 41 51 4 -50 -28 0
49 -46 -13 31 -57 -19 0
29 30 45 13 26 42 57 58 0
39 -29 25 57 25 0
5 18 52 58 0
41 43 50 56 13 -15 20 -15 -28 0
35 -37 14 15 30 60 38 -36 -32 0
5 20 25 38 58 -50 -35 24 -4 -55 56 -28 -3 0
4 12 33 36 -34 -39 11 18 39 11 -40 -53 9 18 19 32 47 0
3 39 55 56 60 0
24 -16 9 24 26 31 19 19 57 0
0
12 -50 11 19 34 56 0
11 -22 40 44 0
18 -24 -53 0
13 37 39 55 15 -7 7 56 43 -3 0
-2 1
-2 2
-2 3
46 7 22 39 49 0
24 48 50 0
6 -58 23 55 22 -11 -44 54 -15 -17 0
21 -54 43 -49 27 -21 0
49 -20 -13 0
44 48 48 51 58 6 -54 0
2 -11 0
15 40 53 0
8 15 5 22 25 29 45 49 56 11 11 15 38 60 16 -52 0
53 -39 -58 0
28 -39 -57 28 -35 0
4 25 32 46 0
40 -4 -43 41 -46 51 -15 0
0
10 29 3 24 37 41 55 0
20 -51 -41 7 37 56 58 0
18 -40 -34 42 -4 0
27 -23 16 51 0
60 -26 -39 3 0
0
-2 2
-2 3
