5 -40 29 30 54 4 41 50 0
38 -27 -33 3 30 38 38 39 9 -19 -35 4 44 0
23 0
27 0
1 -44 -50 3 0
45 -51 26 60 -22 0
19 -33 0
51 -18 -8 7 60 -52 -34 32 38 0
2 10 -39 -48 42 -16 0
0
5 -19 -1 29 -24 52 -3 0
5 30 38 50 50 5 -27 -56 0
15 -27 25 -39 10 28 37 54 0
28 30 -20 0
6 47 48 59 24 32 32 46 0
3 24 45 46 9 13 49 0
49 -21 -14 50 -20 -14 30 0
1 -25 -14 39 -13 -31 45 -24 13 -46 -8 0
35 -13 51 -13 44 -54 0
1 -19 -26 0
26 52 -54 -46 14 34 -48 -28 9 0
26 -4 -48 59 -32 23 -9 23 -23 14 31 38 0
-7 1
-7 2
-7 3
44 -20 0
45 50 12 18 0
7 23 30 45 52 -38 -45 0
46 -55 9 35 41 0
7 -18 -10 35 -54 0
5 12 19 22 32 0
5 -42 -22 36 27 -37 0
2 21 31 39 58 0
26 -37 -55 10 12 34 47 55 16 18 21 40 0
34 36 34 -7 49 0
47 -47 53 55 37 -37 -20 0
16 -21 19 -55 -31 8 9 11 30 33 0
19 -33 -15 0
41 -2 11 -35 -32 42 -37 -24 2 -36 -60 21 -32 -38 0
0
18 18 -50 0
29 -33 -59 5 23 37 44 9 49 0
0
44 -19 -11 0
23 -20 5 25 37 38 10 22 41 41 46 -3 -10 0
-16 2
-16 3
