36 -26 31 -47 40 -9 10 18 46 59 60 13 36 58 0
8 31 48 0
0
27 0
47 21 15 -6 24 -11 0
3 7 7 47 0
33 42 49 0
14 17 29 37 16 -43 4 -6 32 41 0
36 -50 -44 23 32 40 43 20 -3 0
2 46 49 50 8 42 7 -38 5 -3 -17 0
57 -55 14 32 40 59 15 28 58 6 -49 -45 0
53 -19 19 -45 0
11 55 0
10 17 39 8 9 18 25 37 48 -60 -14 33 -19 -33 0
26 56 -16 -56 29 -38 -57 0
12 23 32 49 49 21 37 19 -27 13 -4 -60 0
7 -1 0
16 29 38 44 52 19 -4 -33 11 26 37 45 50 10 11 0
2 23 43 50 60 17 24 25 39 14 24 24 27 29 2 -57 0
11 41 32 -13 48 -32 -28 0
4 -49 40 43 10 28 48 52 20 24 0
7 22 32 54 5 -20 26 46 0
-2 1
-2 2
-2 3
-69 3
44 46 58 58 -39 -39 0
46 10 36 47 36 -38 -24 0
41 -38 57 -20 35 -35 0
41 -46 20 -21 -32 0
16 -16 -41 26 28 32 36 27 -34 -25 0
12 -46 -6 0
16 17 24 35 57 8 16 45 48 53 51 52 56 57 0
5 12 15 38 59 8 24 50 56 59 10 30 37 43 24 42 42 0
15 4 18 49 -15 0
23 31 49 52 53 25 0
13 -8 -45 0
4 19 26 0
21 -9 46 -30 28 -44 -3 20 -22 -36 0
10 50 0
23 35 35 48 58 30 -55 -14 24 25 35 52 0
13 -52 44 5 20 21 39 51 -21 -24 49 -38 0
38 47 53 0
22 -23 47 18 48 1 39 42 0
0
21 35 60 39 -31 0
-52 2
-50 3
