4 6 42 0
54 -33 -51 48 -45 -23 3 19 44 57 -57 5 -2 0
30 -2 52 -14 10 23 32 35 56 32 38 54 58 0
16 -6 3 -23 2 37 -18 0
47 -45 21 52 36 0
26 29 34 41 42 -32 -7 11 -37 60 -46 0
0
23 -10 -41 32 -22 -53 25 -2 43 -29 -59 0
19 33 19 25 29 48 60 0
38 43 25 -51 0
6 -29 14 -32 7 9 12 21 0
3 23 30 30 42 -55 6 13 29 53 0
0
6 34 38 40 15 25 33 57 54 -21 -27 0
12 22 32 32 59 42 47 53 0
34 -41 -57 0
22 33 42 45 2 5 19 51 57 53 -51 0
59 -54 0
40 -60 0
16 -24 0
0
0
-2 1
-2 2
-2 3
18 18 25 26 36 37 20 -35 -45 10 -43 0
51 -59 23 35 0
43 -4 -42 55 -17 5 11 45 52 0
0
54 11 -43 -22 0
36 -53 2 -51 -23 3 22 0
35 -5 0
32 -3 30 5 -31 0
15 28 29 58 58 40 -20 -54 33 -38 0
31 -33 -48 20 28 39 50 0
14 -60 13 -21 13 -31 29 -7 -9 0
41 -44 3 16 -15 0
38 -5 1 10 12 16 19 0
0
22 24 26 29 54 52 -27 -14 24 26 36 52 0
51 -19 19 27 44 45 0
17 -31 45 -2 -59 39 -45 0
31 44 51 52 19 0
39 53 5 20 36 53 5 21 43 3 55 57 0
23 6 21 35 48 49 30 31 0
-7 2
-7 3
