25 -52 29 49 50 40 -10 -59 0
16 -32 -5 2 -51 0
5 -24 -36 14 25 46 49 0
4 4 9 37 51 15 31 38 43 28 -6 -42 0
30 32 37 56 59 0
33 -32 31 -51 24 27 31 9 47 58 59 0
36 -27 42 0
60 -26 0
39 -32 49 -7 -22 30 -2 13 -13 0
30 49 21 46 15 -20 38 -3 -25 0
22 -53 52 -21 41 -54 42 -43 -59 5 8 32 35 48 0
3 35 36 45 29 37 59 13 57 16 21 30 60 11 24 35 37 0
7 -40 0
1 4 12 20 53 0
13 26 -27 -59 10 -35 59 7 -53 0
40 -54 -54 15 -35 -11 9 -21 -53 0
9 -51 -33 0
11 42 59 -33 -30 0
28 -15 0
8 18 0
49 -7 -18 10 18 42 50 34 -34 0
57 -22 3 5 32 40 51 16 -19 0
-5 1
-5 2
-5 3
7 -51 -54 36 -6 -11 0
3 17 24 51 -58 -45 0
35 -47 42 -18 20 -36 -32 9 -35 -4 18 34 0
41 -60 8 0
48 0
0
36 -31 0
56 -28 -23 0
57 -16 -2 20 -23 27 48 -31 -8 35 -5 -7 0
22 45 49 -60 0
11 26 31 53 58 20 39 40 53 22 -6 0
24 -57 31 32 33 60 0
17 52 58 59 0
35 -58 9 49 54 57 0
5 11 26 26 0
26 36 38 55 58 51 -30 -34 58 9 -3 0
37 -52 -10 0
19 -28 0
17 40 50 29 53 55 3 3 9 26 34 21 25 41 44 0
47 -23 15 -25 0
-5 2
-5 3
