3 13 13 33 1 4 19 38 49 0
42 -12 -16 16 23 24 27 59 5 45 46 57 59 0
1 44 0
31 -17 -26 37 -2 -46 46 46 48 0
56 -30 42 59 42 10 32 40 54 0
20 28 42 60 46 -28 4 -10 -21 36 34 -12 -44 0
58 -55 -19 5 15 25 51 24 -34 0
13 -28 0
18 19 27 31 46 18 20 39 50 51 -47 51 -57 -13 0
37 -20 39 59 0
50 -42 0
0
20 24 24 37 57 60 -29 -5 11 24 42 48 11 -15 -33 0
29 -36 2 6 42 46 47 49 0
5 -53 60 -20 -12 20 -22 -40 0
2 21 25 47 48 0
52 -29 25 -12 -13 14 -53 -30 38 -19 -31 22 0
34 -57 54 -53 -22 45 0
43 -53 -11 25 33 52 0
39 14 40 53 0
0
4 10 17 37 3 -21 0
-6 1
-6 2
-6 3
53 -53 -19 23 55 51 -13 -48 0
42 -21 -32 51 60 0
35 -6 12 34 34 28 -25 0
27 -40 -29 1 10 12 12 18 9 22 34 35 55 45 52 0
26 -16 -15 17 -30 4 15 48 56 24 57 0
27 -54 -45 13 28 45 57 57 3 48 50 -4 0
31 -53 -29 0
15 -9 -59 40 57 0
15 33 34 58 2 -42 0
13 -30 8 -25 -4 49 -59 -54 0
51 -32 1 3 14 48 0
25 -43 -12 17 -55 15 -16 0
58 -23 -6 29 56 0
34 -39 -22 13 -51 2 26 -36 13 -49 -52 0
20 39 46 60 37 48 0
21 24 53 54 7 42 0
53 -44 -12 0
21 -43 -2 1 21 25 39 5 13 18 35 40 6 14 21 27 32 38 56 0
5 25 42 52 60 0
0
-7 2
-7 3
