54 -5 -26 0
23 -44 0
16 34 35 35 60 49 -12 52 60 41 -34 43 -6 -41 0
6 -2 0
4 -17 0
24 33 55 3 19 30 49 53 0
11 -27 13 57 58 12 -3 -49 0
10 -17 -53 49 29 38 40 38 50 0
37 -44 -47 32 -48 -58 16 46 56 0
0
1 -5 16 -42 0
24 36 37 48 -36 -27 5 11 13 38 0
20 -17 0
28 32 33 44 43 -52 31 34 55 32 -49 0
3 30 38 48 0
0
9 46 -33 1 8 8 10 45 39 -24 0
43 -56 -38 0
6 19 -38 0
39 -29 57 -53 -43 14 -59 24 -13 0
57 -16 -17 40 14 -3 -51 10 15 16 42 56 0
23 37 9 -29 -24 0
-2 1
-2 2
-2 3
26 -42 33 35 0
2 60 57 -43 -15 0
0
14 16 18 32 43 0
31 -29 -48 25 -36 42 -29 -30 15 52 20 -10 -33 0
0
15 -14 11 0
26 -48 -27 31 45 23 -10 14 23 42 -27 0
20 25 27 56 26 -31 36 -21 -15 0
13 13 22 44 45 7 9 19 60 21 -17 -41 47 -45 -28 0
5 -60 5 38 40 1 5 10 44 7 13 47 0
34 -52 0
8 59 4 6 7 22 57 49 -54 0
8 18 19 45 39 -21 -16 12 17 44 55 0
4 35 39 56 18 -43 40 -17 -51 18 -16 -47 3 0
6 24 51 6 15 31 35 45 0
60 -52 -51 26 34 58 45 -11 -18 0
44 -51 44 60 -40 -31 55 -51 -56 2 37 0
9 17 36 12 0
4 6 12 33 11 35 42 48 0
-51 2
-47 3
