22 -15 0
30 42 -54 -15 5 25 0
2 -19 11 -20 -52 48 9 28 41 43 48 22 -27 -39 0
13 -38 2 12 4 18 21 37 41 15 21 31 42 50 0
12 21 33 55 59 0
59 -60 24 43 0
17 -36 7 -7 -23 0
2 26 31 -34 -23 0
9 18 19 26 27 -11 -43 0
4 35 41 0
8 -31 -24 0
52 -41 -54 11 -42 -29 47 -33 -7 5 -30 0
60 57 -47 -57 13 52 9 -12 -44 22 0
10 21 30 16 0
32 46 56 26 -24 26 -30 52 -54 0
0
9 38 38 42 43 0
8 10 26 31 37 10 18 23 30 -31 -19 43 -8 42 -16 0
41 -20 0
8 19 57 26 -56 19 35 51 52 59 10 -13 0
26 -18 3 -15 -18 0
10 33 35 50 0
-2 1
-2 2
-2 3
34 57 6 33 43 0
1 9 18 19 38 4 6 24 54 10 -57 -22 21 0
0
36 -19 -58 0
3 0
7 15 34 35 19 43 50 3 13 15 18 21 0
1 28 36 11 14 31 42 53 0
32 -27 5 11 60 54 -13 -46 0
30 -2 12 14 23 0
7 7 16 26 57 48 4 13 40 12 31 40 38 -6 -22 0
40 -47 -14 14 24 36 43 58 53 -10 -39 32 -44 0
31 -6 -59 0
10 -24 -44 0
30 -33 16 41 43 43 59 0
16 -27 -49 5 6 15 19 50 0
22 -50 0
4 8 32 40 40 0
14 -33 -26 31 38 -17 -19 48 0
6 -30 -18 55 -46 1 3 13 31 40 0
52 0
-19 2
-19 3
