47 -21 -49 22 3 31 58 0
0
7 -25 0
8 15 59 17 -21 0
1 52 56 25 -15 6 8 10 13 48 7 -41 0
39 -58 0
43 -53 -19 17 -15 0
0
30 -17 5 -23 3 10 52 56 60 0
37 -55 30 -14 -1 8 35 47 50 6 35 0
36 -11 -39 24 -56 -48 6 31 44 55 0
7 -54 -19 32 37 46 36 -15 0
34 -35 3 11 12 58 59 0
20 -48 -20 11 37 26 -1 -13 0
56 60 12 -31 42 -46 13 20 25 51 -23 0
38 -2 44 -5 -10 2 3 14 24 0
35 -6 44 47 59 37 43 50 0
23 -6 -7 0
0
47 -19 28 31 57 0
45 -40 6 16 20 38 0
49 -12 1 34 55 0
-3 1
-3 2
-3 3
-69 2
41 -53 -19 21 -42 -42 27 -6 -49 0
35 -26 7 53 -5 0
4 8 21 29 60 30 12 -55 -44 0
3 36 40 42 56 -32 1 1 19 28 42 56 49 -41 -5 0
1 -11 -55 49 -38 -45 5 17 46 52 54 55 -19 0
2 -42 0
50 56 -42 -23 7 13 26 38 52 0
32 -52 -14 49 -21 -31 51 -45 -14 5 19 36 0
0
1 17 26 30 35 23 -2 14 -32 0
47 -46 31 33 41 -38 55 -32 -54 53 -33 -9 0
26 -42 11 35 39 4 -3 -47 0
7 -55 0
30 -53 -50 26 -30 46 -41 0
23 -38 -52 1 41 57 50 -54 -46 5 60 0
50 -9 0
25 32 58 3 31 41 55 31 -36 -15 0
23 31 37 39 54 41 -57 60 -56 -23 1 -42 0
49 27 -14 0
10 29 37 8 0
-8 2
-8 3
