3 10 -10 -56 52 0
41 -31 12 40 44 49 27 53 -17 -35 25 27 41 0
32 0
18 36 43 54 56 -11 -43 3 21 45 50 54 10 19 20 0
3 19 51 28 -53 0
10 28 45 3 -39 0
12 47 51 0
16 -14 26 51 0
4 -2 -55 4 -52 5 11 18 49 40 -1 2 23 25 26 29 0
40 -35 -14 47 0
19 -10 0
33 46 29 -18 -36 0
15 43 57 43 -7 -6 24 0
20 30 38 42 59 1 29 14 38 53 0
23 -16 -15 0
16 -3 6 14 40 48 2 14 41 42 17 37 7 8 13 42 59 0
29 40 50 55 14 -17 -28 0
54 -16 0
6 18 47 -5 -14 14 56 2 9 31 45 0
4 21 25 26 59 20 -48 -27 22 -59 0
37 -59 -37 43 -28 0
7 14 30 45 55 37 -28 -28 13 32 1 11 35 50 51 0
-50 1
-54 2
-56 3
16 37 39 51 -36 17 56 58 59 60 13 -37 -4 0
5 19 51 15 -57 -9 0
8 -35 -46 0
26 41 59 11 24 23 32 47 52 59 8 -5 -15 0
36 -24 40 -16 -45 33 -46 -17 0
0
49 -27 -22 1 11 24 35 44 0
10 13 18 40 42 19 48 52 -40 -20 1 27 0
27 5 17 17 34 47 0
54 -4 -57 3 20 32 0
32 -12 -34 0
9 -58 9 42 56 34 -20 4 5 18 30 56 -26 -1 0
10 41 -28 -14 23 -11 9 -14 0
21 -15 27 -12 -7 5 -34 0
59 0
34 -13 6 21 1 24 57 6 -32 0
18 49 56 0
15 49 53 0
38 0
15 16 24 32 33 0
-54 2
-54 3
