47 -19 22 23 47 51 54 5 49 0
15 21 39 58 0
36 -29 -54 13 25 39 60 21 23 44 60 42 -53 0
6 -23 -14 7 13 25 28 31 0
7 -36 -16 42 -27 -37 1 -34 38 -35 43 -26 -53 0
12 47 8 -24 -28 1 8 12 29 50 31 -30 0
23 -35 -41 4 -30 0
33 -10 31 -42 39 42 3 29 10 56 60 0
28 42 1 0
29 -39 19 -10 11 24 25 26 59 0
36 0
18 22 29 31 48 -22 60 -7 22 0
20 24 0
3 2 -40 5 9 16 24 60 4 10 49 0
26 -19 -10 15 33 37 39 50 0
59 -30 -33 8 -4 4 -30 -38 0
4 5 10 39 57 4 15 30 45 -22 -21 58 -51 4 26 34 45 0
7 9 14 36 35 -21 -49 3 9 27 0
11 -24 17 22 37 23 -24 -15 17 54 43 0
29 36 37 0
7 14 33 45 51 14 -6 -44 24 -21 1 5 32 57 1 36 52 55 60 0
51 -15 6 51 5 -36 -57 0
-45 1
-45 2
-45 3
24 35 4 -41 0
40 -31 32 -33 0
37 55 7 10 17 18 21 1 4 28 29 29 0
17 40 40 42 38 -42 -51 0
19 -41 49 -5 -26 0
3 9 13 20 14 -4 -12 25 -53 -51 12 -42 0
29 -21 -39 58 -51 57 -12 -28 28 0
10 22 28 49 45 -20 -38 43 -37 26 32 0
3 -60 -40 11 19 29 35 39 0
36 -31 20 -49 2 -38 20 -23 -54 0
1 19 41 44 53 0
0
5 -27 8 -1 0
34 38 5 22 26 0
44 -52 -29 19 -14 -13 2 12 14 35 55 0
4 16 17 44 58 0
14 0
18 22 52 1 -28 -41 0
17 21 52 -27 -4 0
51 -50 0
-50 2
-48 3
