7 -39 -6 7 -1 -43 30 7 21 27 41 0
19 44 26 -49 -60 0
9 -20 -46 53 -48 43 -15 -12 54 -25 -1 0
33 -15 0
56 13 -10 -55 59 0
7 -3 0
39 42 3 42 45 60 0
29 -38 -21 0
19 41 18 18 39 50 6 8 30 60 0
19 24 59 27 27 -44 -5 0
10 -30 19 -44 3 -17 0
27 -8 0
31 14 -52 0
14 26 38 43 19 29 42 48 58 0
5 -33 -5 0
19 29 41 5 0
27 -55 0
8 28 59 15 0
15 -26 28 -43 0
9 -49 46 59 0
11 -6 -23 18 22 23 27 56 0
15 27 47 48 52 13 56 -22 -32 7 24 29 48 0
-2 1
-2 2
-2 3
-67 2
28 -7 -25 4 11 20 42 0
10 27 31 49 -22 25 -44 -3 0
5 26 18 38 0
8 27 37 51 59 1 4 12 22 32 6 15 21 24 46 57 -35 -24 0
45 -55 -22 17 23 39 16 21 23 29 52 0
48 -45 -22 41 -11 3 9 16 39 0
3 10 20 27 34 20 36 42 44 48 6 -43 0
4 -43 0
33 -52 7 37 48 -22 -27 37 -29 37 -28 -45 0
17 25 37 50 0
57 -15 56 -26 9 0
25 34 12 21 29 35 51 0
14 -9 16 0
0
23 35 45 48 -26 0
60 -16 0
57 -57 46 -59 0
17 -15 -42 0
0
12 -1 40 -52 -29 0
-2 2
-2 3
