43 -30 -11 51 48 -5 0
49 -54 -39 58 -49 -38 0
17 -3 3 -45 0
1 5 33 60 41 56 44 -39 0
17 -48 -46 41 -55 5 -38 -46 0
0
19 -57 0
12 13 18 51 4 22 33 57 -3 29 41 50 51 0
50 -13 37 -31 32 44 10 60 0
6 -2 18 -15 -51 14 18 50 55 40 6 11 38 47 55 0
16 52 56 16 -29 -28 0
55 -9 0
2 25 42 48 9 18 30 4 23 25 30 43 20 34 41 52 0
0
16 39 40 52 2 5 36 38 46 47 -17 -42 46 -50 -45 0
9 -41 -39 48 -19 9 10 18 28 56 0
3 12 34 46 0
8 24 28 59 5 -52 31 40 43 0
8 33 41 50 57 8 -31 -29 34 -11 20 -21 0
40 -19 0
7 29 49 0
43 -59 -19 19 59 0
-14 1
-14 2
-14 3
-67 2
40 -31 -23 20 42 42 37 -44 0
9 -41 44 -20 -32 0
14 -23 53 0
6 16 45 47 48 0
60 -33 22 -38 -54 0
40 60 57 -32 -35 22 24 24 10 34 50 55 57 0
6 28 20 -37 -51 11 12 35 54 53 8 12 40 45 0
13 15 52 59 0
44 -42 3 -14 54 -39 29 -33 -58 11 -41 -1 0
57 -12 18 19 24 30 49 14 30 35 38 8 23 50 10 20 26 43 53 0
2 6 38 42 52 31 -20 -7 22 -28 -51 18 49 -42 -46 0
17 29 20 -9 0
0
6 -25 -5 56 -29 -14 19 -35 0
11 33 50 11 -8 0
20 45 51 52 58 7 12 29 31 50 0
4 5 53 0
2 -31 -58 15 34 49 60 6 35 39 46 56 0
26 37 43 15 28 30 33 1 -22 39 49 39 -53 0
41 -5 0
-20 2
-20 3
