6 14 26 26 29 42 -6 38 -28 -14 4 6 11 21 51 0
35 44 56 0
42 50 35 -30 -28 60 4 12 43 3 22 23 53 0
1 -35 -5 17 35 -15 -24 9 36 57 37 -53 0
24 27 0
36 -25 -30 20 21 -40 -45 27 -39 -53 5 -28 -40 0
34 35 36 0
20 26 40 47 57 16 22 41 44 51 0
12 -51 -11 46 -9 -3 6 16 46 15 35 46 0
41 52 -37 -40 39 -39 -3 28 44 47 47 58 0
30 -60 22 -31 0
8 -37 48 -29 4 -11 -47 0
7 47 51 2 -57 0
42 60 43 4 22 54 11 -3 -41 45 -5 0
5 29 34 38 0
1 36 52 53 57 35 0
1 30 35 47 51 21 41 54 0
1 -39 9 -60 17 25 10 17 52 0
0
5 -57 0
3 -17 11 -55 6 -37 -21 14 15 34 39 56 0
43 58 19 27 34 49 54 0
-12 1
-12 2
-12 3
-68 2
11 30 -19 -13 60 -40 3 22 45 13 -48 -1 0
12 -12 -43 14 17 0
26 53 39 -38 35 44 57 16 -22 0
3 18 31 35 41 27 41 44 -20 -13 37 49 0
7 36 46 50 26 -55 17 -28 0
0
0
6 18 39 56 -48 0
30 -18 54 -7 0
15 6 15 16 18 29 0
38 59 60 -26 1 -25 23 -51 -44 37 -36 -22 0
60 -24 -49 24 26 28 31 -6 0
44 -59 25 50 0
3 33 33 37 52 0
59 -31 23 -37 -57 49 60 7 0
33 -59 4 -30 55 -43 60 -55 0
3 -40 8 15 30 49 3 0
12 25 29 37 0
8 11 38 44 10 22 38 38 43 10 49 0
44 -5 -35 0
-12 2
-12 3
