41 26 7 -37 0
26 42 43 51 57 0
5 29 48 -59 -56 39 40 48 21 49 0
13 20 30 23 -2 32 -49 8 15 42 54 16 27 33 39 0
53 -59 -18 31 -48 21 -33 36 -54 -26 0
1 35 45 50 55 29 -49 -23 29 -15 0
34 -34 8 24 55 18 -21 30 45 53 0
6 15 24 37 56 50 -10 -39 0
41 -6 0
33 25 -9 -41 31 33 56 0
23 -3 23 27 0
12 -8 0
19 -25 -4 0
28 51 58 57 -11 -48 23 32 44 -22 -11 0
31 43 55 58 8 10 11 31 38 24 -28 -24 21 29 4 -56 -14 0
21 -57 29 46 24 -16 0
54 0
5 16 13 23 29 15 -49 0
0
14 45 0
19 19 34 47 -5 39 -58 -9 0
21 -3 -36 0
-2 1
-2 2
-2 3
-69 3
0
5 8 14 30 44 33 -53 0
56 -20 22 16 -17 -60 0
59 -40 12 -23 0
31 40 0
36 44 -46 0
11 37 48 20 -15 21 33 0
48 -57 34 9 29 36 36 39 0
28 41 53 41 46 46 54 18 -32 0
6 26 28 51 0
0
24 -23 0
56 -10 -35 0
7 13 25 52 2 -2 -15 57 -42 -15 0
0
15 51 1 19 23 29 0
39 -46 12 36 0
41 -27 48 -6 -17 11 26 26 40 56 0
20 -26 -52 38 -46 29 -15 3 23 31 56 57 13 -48 -30 0
35 -55 12 -57 -45 30 -23 0
-16 2
-16 3
