1 3 50 57 17 41 60 22 -25 7 12 23 23 23 26 35 51 0
28 12 21 30 59 31 -56 15 24 36 0
60 52 -3 0
10 22 43 48 -48 5 21 22 45 59 0
30 56 0
58 59 37 -51 37 56 0
11 -1 -28 17 27 49 52 25 44 45 48 54 0
26 43 47 55 16 -12 -23 59 1 37 44 55 56 0
25 -32 0
3 7 22 38 38 4 26 47 59 0
14 20 44 57 59 0
4 -39 40 -37 -57 12 -30 0
59 -44 -48 58 -29 -57 0
3 -12 57 -44 32 46 53 0
0
3 -48 -9 14 35 38 45 60 0
19 -1 59 -29 -43 0
32 -5 0
5 -18 10 34 44 41 -4 0
3 24 36 38 56 49 -45 -34 1 -25 -19 14 -47 -31 0
27 -11 -5 21 24 26 38 37 -22 34 -38 -54 39 56 0
20 -12 -31 0
-2 1
-2 2
-2 3
-68 3
12 26 30 51 0
3 49 10 -50 -38 0
20 25 35 47 49 0
21 17 -16 -3 21 -50 15 25 14 -36 0
18 -48 -12 21 -17 -55 0
1 7 8 47 55 0
58 -2 -13 55 -60 -24 53 -11 -28 7 17 19 47 59 54 -35 -13 0
23 -48 0
19 51 54 28 34 25 33 47 52 57 -39 0
1 2 2 12 5 26 40 59 45 53 56 -3 -43 0
42 -18 9 -32 -42 0
1 -11 10 -14 10 11 27 39 45 53 -25 -33 5 40 45 51 0
23 -56 20 36 51 55 55 -12 18 -56 59 -29 0
42 -45 54 -38 59 -35 -40 7 9 9 24 33 6 24 27 38 44 0
58 -29 4 14 19 27 21 -46 0
12 -42 -50 12 0
16 -35 -36 0
44 -7 -24 37 -30 -34 6 -30 55 0
22 23 38 57 25 -32 17 -15 -58 3 9 43 0
18 -11 4 38 47 2 29 31 31 23 34 39 49 24 -36 -44 0
-55 2
-47 3
