5 -50 22 -47 14 49 21 0
24 -23 2 17 20 34 58 -19 -56 5 48 53 0
39 -23 9 -19 13 19 32 4 19 51 0
20 10 -54 0
6 -19 0
37 17 42 0
35 -30 -23 17 35 37 51 35 -14 -35 43 -11 -30 10 15 20 44 0
0
3 39 40 41 42 23 -37 0
11 -1 24 -13 0
35 11 -13 6 37 0
0
12 19 22 23 33 48 -23 0
12 -27 18 -17 59 -35 35 0
59 -60 -39 52 -24 20 -40 60 -2 -29 0
26 -47 -54 25 -27 10 -18 0
16 26 37 39 39 19 25 28 17 -4 -15 32 -4 0
13 19 34 0
25 43 34 39 -55 0
33 -38 17 -21 -14 26 -56 12 12 37 42 51 0
0
1 10 26 49 54 9 26 28 31 50 60 -45 35 -14 -16 0
-6 1
-6 2
-6 3
35 49 56 21 -57 0
0
5 -27 52 53 1 41 47 6 14 40 60 0
37 -46 -5 10 -31 -50 18 26 43 53 58 37 -19 -54 10 0
14 -6 3 9 21 33 46 22 32 39 39 57 0
2 -40 23 -13 -58 0
56 -19 39 -59 0
18 -18 2 -22 -32 17 -32 -21 36 49 29 -12 -26 0
0
7 35 58 60 1 17 29 51 0
16 41 0
20 -38 -3 0
6 21 30 33 0
4 -38 -53 0
32 -3 -4 13 17 34 55 59 41 -35 8 14 34 49 59 0
0
24 -28 3 -30 -1 0
3 12 16 25 58 40 53 59 6 -59 30 -21 -27 0
42 -47 56 -31 28 37 -24 -12 0
28 -60 20 -58 -47 23 -43 0
-50 2
-56 3
