39 -40 59 2 40 43 53 16 26 28 51 60 0
21 30 43 54 56 14 -58 -32 17 -35 0
38 -41 -42 35 -49 46 -32 -52 0
44 -9 7 19 59 0
19 0
26 43 55 38 -59 0
13 -19 3 33 39 49 45 0
13 32 35 52 -1 -37 31 -13 -58 0
16 10 -18 55 -1 -27 0
37 38 53 55 35 -15 1 9 11 28 44 44 -21 21 -2 -10 0
16 34 60 26 33 33 35 47 1 3 36 43 56 53 -16 -34 25 -25 0
11 -33 11 28 60 -22 0
0
0
0
0
8 9 25 37 20 50 55 -32 43 -44 -60 0
50 -27 58 -38 -38 0
60 -26 4 -15 10 10 36 39 0
50 -16 -27 0
3 -30 50 -23 -27 0
10 -34 54 -55 -54 13 -44 -16 0
-4 1
-4 2
-4 3
-69 3
36 55 0
43 -27 -53 57 -51 10 11 13 45 28 -13 0
52 -3 -26 7 17 0
41 -6 4 -47 0
1 -14 -11 0
28 -6 12 15 17 28 0
2 45 0
10 19 20 34 15 19 31 40 36 0
4 15 29 33 45 0
16 23 25 35 50 47 -59 55 -32 -4 4 16 24 54 0
2 6 7 46 52 49 -12 0
13 15 55 59 -28 50 -42 -47 0
41 -8 -60 55 5 -56 -4 0
30 -36 -51 33 -49 35 -45 -26 0
20 34 57 0
11 43 0
17 -5 9 50 0
9 44 53 56 58 0
18 42 52 58 5 17 18 50 54 0
1 -17 -23 1 0
-47 2
-47 3
