59 -57 -23 52 -55 -32 9 -43 37 -34 -53 0
9 19 21 36 2 5 7 10 46 15 34 38 25 51 10 23 24 51 51 0
5 39 -13 0
33 49 41 -31 3 -23 56 -59 -51 0
26 27 31 46 57 14 27 35 44 44 54 12 -47 -1 0
45 -43 0
2 -30 -44 8 -53 0
0
0
12 44 13 17 27 17 18 27 33 47 0
2 5 29 33 39 47 -31 47 3 35 47 52 52 0
7 37 53 -51 2 2 40 40 53 15 23 41 42 0
44 -52 -50 13 35 37 43 14 45 0
27 -43 12 15 41 45 47 0
0
11 32 45 5 -38 -44 21 33 38 54 43 46 56 24 -8 -31 0
1 36 32 -30 49 -55 35 -52 -28 0
55 -15 -20 26 -55 0
16 -3 12 -3 44 0
56 -10 -18 0
11 21 0
49 -10 -31 8 14 58 -15 -23 0
-3 1
-3 2
-3 3
11 24 29 42 0
7 -52 47 -16 -58 0
14 -36 -46 17 6 14 16 46 55 0
11 39 43 53 19 -21 0
3 31 0
53 -60 0
7 55 -34 -1 0
24 -2 0
44 -55 38 -50 -50 2 -47 15 1 9 10 24 31 0
54 13 18 30 39 56 42 -1 0
24 -21 -37 7 -55 31 32 52 54 27 -4 -39 0
8 14 44 45 48 55 -46 48 -21 0
13 -15 -20 8 57 60 29 -5 -32 4 19 47 48 0
48 -18 -8 48 -36 -55 14 24 40 41 59 0
34 -53 0
51 -41 12 -28 -42 31 40 42 1 43 -8 0
12 -50 -25 0
1 -31 -46 41 47 49 37 42 -36 0
36 -21 0
50 -44 36 -55 22 -14 15 -30 0
-19 2
-19 3
