49 -22 36 -53 -29 0
17 -44 -18 39 -34 -35 10 -17 -48 0
14 25 51 0
7 20 55 55 26 -55 0
3 -33 -1 20 -50 -3 26 0
21 -21 -27 11 22 23 50 24 -26 45 -24 0
31 -2 13 -58 -45 0
26 41 51 54 58 37 -57 0
56 -46 -54 37 -49 40 -24 -30 0
26 -52 -12 58 -21 -30 57 -14 0
2 -13 -4 33 -30 11 -2 -4 8 35 35 49 54 8 21 34 44 0
22 32 36 36 58 0
10 19 -49 4 16 48 22 60 54 -17 -1 0
30 -53 -49 21 -48 12 28 42 48 4 42 46 13 -10 0
52 -41 -21 7 -17 -32 0
9 12 14 39 -43 6 24 39 46 50 3 -48 0
57 -36 -22 18 -14 -56 5 -36 -21 57 -57 0
25 33 45 50 -37 0
37 49 56 0
4 23 32 51 23 42 43 -55 -56 0
51 -15 -19 45 -33 0
9 16 18 51 9 -14 -39 0
-2 1
-2 2
-2 3
4 5 7 15 32 0
45 -22 34 54 36 -10 0
36 -30 35 -45 0
42 11 -30 -11 15 -54 -35 32 -8 0
0
24 -13 35 -24 -12 0
21 -52 -39 46 -14 -4 5 47 -44 -38 29 -12 -22 0
31 -1 -32 2 -3 3 4 27 55 60 0
57 -21 0
0
33 -16 -40 36 0
26 -36 -30 0
6 -41 0
43 54 6 15 20 40 44 49 -23 -30 0
54 -7 19 37 49 -5 -27 2 -52 -54 0
2 -13 0
10 36 49 50 34 -39 -23 29 -54 45 -28 0
13 28 33 47 52 55 -9 -38 3 -37 -27 1 18 19 32 37 0
17 18 30 31 45 36 -54 0
53 -50 5 35 36 47 9 0
-47 2
-50 3
