0
17 31 42 42 0
22 54 24 51 0
6 -29 39 -2 -48 32 -41 0
5 10 36 48 14 -20 -21 0
18 18 35 -49 -2 23 -57 -44 0
28 56 31 -10 59 -1 29 -37 0
5 -5 -41 35 -28 -27 27 -19 24 -20 -47 0
42 -49 -33 37 0
50 51 59 13 -3 1 3 10 36 1 48 58 9 41 43 0
6 22 19 -47 0
0
33 -5 53 -56 -26 0
52 -12 -28 9 -13 -10 0
50 -10 -2 22 -56 -13 24 -21 9 -4 -27 0
24 -29 -47 21 5 -5 0
38 -37 42 -2 19 47 40 45 35 36 46 55 0
16 -18 -1 4 4 16 44 5 -4 -44 0
2 23 0
11 43 48 57 0
9 -32 -28 58 -40 1 21 26 41 57 5 -36 34 -25 -48 0
9 -45 -35 2 -55 -33 4 19 28 32 51 60 57 -3 0
-6 1
-6 2
-6 3
-67 3
9 -27 9 22 33 43 0
32 -28 -2 17 0
10 37 47 51 59 28 38 -39 0
2 -48 -22 21 -8 4 -40 -1 3 11 30 36 59 0
29 -33 15 0
35 -4 43 -30 6 33 33 48 56 37 -46 0
51 -58 -23 57 -48 42 44 51 0
5 -27 -47 0
26 30 51 25 -42 0
1 15 28 52 56 23 -48 0
23 -17 -55 4 -27 28 30 39 41 51 10 19 0
32 -36 -4 7 38 45 25 36 52 56 49 -37 0
7 17 42 -29 -30 0
13 -60 -56 1 21 -30 58 -18 0
3 5 29 39 55 11 -57 -46 3 9 23 30 0
59 5 37 41 57 4 57 0
12 34 42 50 7 13 0
53 -14 32 -37 -30 25 37 41 41 56 0
58 -55 -59 0
46 -33 46 -48 1 47 51 0
-7 2
-7 3
