14 33 34 37 60 0
0
0
24 43 52 1 -28 0
9 34 40 60 14 -55 -34 0
0
2 55 17 22 30 52 59 21 31 39 0
46 -29 -25 23 36 48 50 54 7 19 25 48 0
3 17 29 53 37 54 57 37 -58 -45 0
17 -46 -29 0
19 -9 -25 40 -2 39 -25 41 -18 56 -57 0
3 -58 23 25 5 -15 -4 55 0
9 19 24 27 44 19 22 46 44 -22 12 34 47 58 24 -28 -48 0
8 -60 -60 0
11 -54 37 46 50 54 0
16 -41 43 -34 -9 1 13 39 44 0
31 -53 -2 47 49 6 -19 4 45 0
6 59 -19 15 50 5 -35 9 -51 0
21 -7 60 -18 20 -45 -16 6 15 26 36 35 41 42 43 57 0
19 -6 0
0
27 34 45 54 60 16 58 0
-9 1
-9 2
-9 3
-68 2
28 41 50 0
57 -14 -8 0
21 57 57 52 52 -14 0
2 -36 -26 43 -43 -6 18 47 12 -11 -46 14 39 47 0
4 47 50 56 60 0
3 -2 -38 10 22 60 29 39 40 49 59 4 51 53 0
50 48 -46 8 12 24 36 58 0
12 -25 -18 23 -26 5 -2 3 -60 -21 21 32 38 0
26 30 55 -34 0
0
36 -11 10 25 32 56 60 0
42 -33 22 -18 -30 0
38 -4 -50 54 57 -55 -55 1 -7 -21 2 44 56 0
5 -58 -28 28 -13 -39 29 -7 52 -7 -40 0
3 32 18 28 35 55 0
18 32 36 51 2 -38 0
10 -11 24 26 35 3 10 20 24 10 11 16 19 0
29 -4 -17 56 -41 10 -12 -55 9 50 0
2 -2 14 -12 6 23 26 40 44 10 23 26 38 0
11 41 0
-47 2
-52 3
