0
0
30 -25 15 24 26 39 2 -12 -40 40 -57 0
20 0
11 16 27 52 14 37 49 0
43 -46 18 24 51 4 9 20 41 43 45 51 0
15 -16 -45 0
19 -56 2 23 33 47 0
45 -3 -59 59 -33 -3 41 -34 -43 11 27 29 34 39 36 -54 0
32 -4 14 -1 6 -18 -58 0
9 39 14 38 46 58 48 -53 -7 0
31 -39 -20 11 33 -27 0
2 6 10 19 46 8 -25 -33 18 22 0
54 6 32 35 40 -59 28 5 36 39 51 53 0
39 -2 -16 0
17 18 33 42 25 30 50 53 54 0
17 23 28 30 38 -46 -59 2 -5 -5 0
9 -10 -16 24 58 24 -43 59 -42 -6 8 37 53 0
22 -31 -35 27 43 45 46 52 0
10 -28 -60 60 -12 13 37 44 47 59 42 42 46 0
1 -23 -3 54 -59 -55 39 -58 -19 54 -49 23 25 38 46 58 0
11 -18 -60 4 -21 10 -47 -39 0
-2 1
-2 2
-2 3
20 -36 0
22 54 58 60 8 9 15 33 52 -41 48 -46 0
0
15 -55 -14 0
21 29 29 37 38 14 16 29 29 49 0
33 -35 -8 3 8 10 40 6 -55 -5 5 -39 0
20 -21 23 -25 -15 38 -19 -49 0
22 28 30 32 24 -55 -49 0
49 -45 -58 27 -39 56 -56 2 17 25 35 10 36 0
19 30 53 59 0
7 -29 -9 5 8 18 51 0
6 8 10 14 39 27 -12 -8 28 -14 -10 0
53 -37 0
35 -31 -11 51 15 -26 11 -17 -9 32 -28 -52 0
35 -35 36 -36 0
9 15 0
41 -52 -3 10 26 29 42 18 -24 -22 18 0
0
15 -25 -5 11 -26 45 -49 -44 0
27 35 42 42 51 0
-11 2
-11 3
