0
10 -25 -54 6 23 31 54 0
41 51 26 -32 -59 9 19 39 44 49 0
52 38 -35 -11 23 51 -53 0
22 -2 16 -41 -52 4 19 37 45 50 7 31 31 32 49 -25 -56 0
7 -28 -31 0
1 -41 20 26 45 54 -15 -27 4 -2 0
12 -22 14 39 40 52 0
22 38 46 37 38 -20 18 21 8 -47 0
43 -60 0
0
42 -39 -50 60 -57 -15 19 26 48 0
7 40 57 59 34 36 39 44 45 2 -26 0
38 -41 35 -12 0
56 -4 17 50 39 -52 0
14 46 51 57 60 0
24 36 46 55 8 27 15 60 0
32 -38 -30 58 -45 -21 0
25 -31 -9 28 -48 -40 0
0
33 11 25 45 57 0
54 49 -52 0
-2 1
-2 2
-2 3
0
54 11 46 46 44 -5 0
15 42 49 60 49 -30 -43 40 -53 8 -4 -16 26 -50 0
41 -31 51 -36 -56 53 -27 0
11 34 37 48 54 1 21 49 57 32 -8 29 -21 0
37 -34 4 20 44 14 21 22 42 43 22 -19 -25 36 43 54 60 0
8 13 18 47 47 0
26 39 40 42 18 -35 18 29 51 54 0
14 -34 -41 49 -6 0
10 -60 41 11 -7 -46 57 13 46 58 0
34 -38 -57 1 6 41 49 51 5 -15 0
15 -55 0
36 -12 -40 0
8 -57 12 58 7 13 24 48 57 11 42 58 0
22 -19 -58 13 -55 37 -26 -3 23 25 47 38 -5 0
9 31 34 45 57 0
15 20 28 15 31 32 54 15 44 49 0
24 -4 4 -48 32 -7 0
20 -23 25 0
29 -37 -8 34 47 53 0
-2 2
-2 3
