26 40 42 14 23 28 41 45 8 53 -16 46 -47 0
1 3 45 0
8 32 48 51 59 15 -6 -11 0
32 34 0
56 -7 0
43 -18 2 -41 0
1 21 29 35 -25 -29 21 -23 -15 0
7 7 15 4 30 4 -38 0
1 5 15 26 34 38 -3 36 -54 -2 0
42 -55 39 -55 11 -14 -59 53 -31 -21 28 -44 -58 0
7 -21 -40 8 -47 -6 0
0
1 33 33 56 -34 22 27 34 49 52 7 45 0
16 -41 -28 8 37 0
43 -23 -46 0
7 12 17 43 44 0
23 23 31 60 0
38 36 8 -9 -54 58 -60 -17 0
21 -22 -1 2 10 14 20 32 7 7 12 0
30 -31 -43 27 -15 0
44 -1 0
47 -46 -33 3 9 8 23 36 50 60 0
-5 1
-5 2
-5 3
7 14 36 53 -49 -9 33 -45 -10 0
14 -21 -27 2 15 20 46 55 0
13 -29 39 -24 -7 0
20 -49 -2 6 -40 -2 49 -52 0
3 -26 -49 34 -12 0
24 -9 -59 4 29 33 44 0
13 -26 -26 15 18 19 38 8 0
33 38 47 39 -23 18 -26 1 28 35 45 58 0
2 44 60 -8 0
0
6 28 43 39 -1 0
20 -59 11 31 41 44 46 0
1 5 17 30 -57 0
38 31 37 38 19 42 49 38 -34 0
53 -39 15 -36 -53 47 -32 -45 2 16 29 33 16 -57 0
9 31 36 44 55 0
11 -49 -15 25 -26 -38 31 0
1 3 14 29 49 2 -28 9 -31 -50 0
19 -18 -60 1 5 51 17 47 54 7 -18 -37 3 31 38 0
10 21 39 -60 14 31 43 46 54 0
-48 2
-49 3
