0
5 -10 0
37 49 -46 12 -32 -15 25 36 41 54 0
9 37 56 23 48 0
14 -26 -60 56 -26 58 -33 -35 0
59 -52 0
1 34 35 48 6 -27 -57 31 -52 -34 0
7 2 -22 -42 36 -23 -27 6 29 37 52 56 0
45 -19 -14 0
0
7 41 52 -36 0
33 36 51 54 15 43 -43 50 53 60 0
39 56 7 17 40 57 15 -14 -56 0
10 25 28 45 14 35 8 10 33 33 0
16 36 -4 -50 30 -57 -8 0
55 -35 32 -37 0
14 -18 -19 18 -39 -24 17 -1 0
29 -9 -36 45 -30 -25 35 -33 16 26 35 40 11 15 40 0
12 13 14 51 22 26 31 45 0
51 -10 -18 41 -34 -19 6 -15 1 7 33 35 0
3 -41 18 -60 0
12 -21 4 57 -52 -29 19 -50 57 -25 -17 0
-52 1
-53 2
-51 3
3 46 54 55 -58 -7 0
9 22 32 33 41 53 -7 -23 55 -54 24 29 0
43 -56 41 0
51 25 -20 -53 35 -1 0
50 -9 -45 1 -4 -37 27 -38 -22 0
8 10 32 52 18 -28 44 53 16 32 42 46 49 20 43 0
30 -16 48 -25 18 -10 22 -21 0
34 -42 -3 26 -22 -46 0
51 -16 -3 17 23 21 -4 10 13 16 30 54 7 -34 -6 0
16 23 24 42 49 54 57 0
34 -28 11 16 42 0
44 -56 -22 12 41 3 20 43 0
1 8 35 43 57 36 -12 3 -54 -34 19 -2 -31 0
43 20 -24 -37 17 -53 -52 0
25 -18 0
13 24 29 59 0
28 59 14 -51 0
42 -4 -45 60 0
7 35 36 37 21 -2 0
17 -53 -5 22 32 49 59 0
-52 2
-53 3
