6 12 33 17 -18 0
24 -56 -48 23 60 32 -19 -48 34 -44 -60 43 -43 -11 0
38 -55 -38 0
0
55 -58 53 -49 -36 25 -41 9 -54 -28 0
12 39 47 14 17 47 52 57 15 30 42 52 57 8 26 52 -53 0
4 6 13 17 25 0
28 -41 2 7 12 20 52 0
18 27 29 29 44 15 26 43 48 2 7 21 50 57 0
39 -57 23 -10 19 -28 -53 0
30 57 -4 -27 2 23 38 39 40 27 -27 -48 0
12 -46 -7 9 17 41 59 43 -20 -11 6 -17 0
4 4 17 18 39 29 -11 -42 26 37 59 0
6 -30 15 45 54 0
37 -31 13 38 48 0
17 -3 1 -17 0
1 2 24 28 36 0
1 -41 -17 17 -36 -49 0
15 37 53 58 3 -11 0
12 49 52 60 0
23 -53 -13 0
35 -59 18 -29 29 -39 46 -14 -5 60 -13 0
-4 1
-4 2
-4 3
12 -11 7 9 15 23 2 -21 1 28 0
47 -23 0
30 40 21 -24 -4 0
5 -51 -3 31 -22 -20 7 -52 -52 37 1 8 0
12 27 34 34 51 6 14 18 0
58 7 23 40 25 31 31 35 44 6 -4 -58 0
8 -38 39 -13 41 0
52 17 38 1 33 33 36 58 56 -18 23 -2 0
56 -35 24 -37 -49 0
8 28 31 36 4 -28 26 60 0
42 -51 31 -38 1 -29 42 0
27 32 38 8 0
44 52 -50 0
4 25 26 60 0
11 12 42 54 47 -18 -16 19 -33 58 0
6 38 41 45 58 49 59 20 -36 -23 49 -48 -27 5 -16 0
9 -34 6 17 29 31 52 14 40 40 43 0
21 -42 -44 4 27 38 48 54 8 32 43 60 -11 -35 0
2 55 30 -19 -29 0
43 -28 -31 0
-15 2
-15 3
