15 -33 -30 0
30 46 42 -29 -12 0
46 -26 43 -50 13 15 19 22 25 -21 0
15 32 0
27 -12 27 -27 36 -16 17 0
10 44 48 52 13 -7 -50 29 -16 0
17 29 40 53 15 -10 -6 17 17 42 0
36 -48 0
35 -29 -57 24 -5 8 -60 -2 0
11 -17 1 5 43 49 12 22 42 46 54 3 39 48 58 15 -50 -32 0
37 -47 0
30 -49 -42 40 -8 1 5 23 42 0
36 -58 31 -55 20 38 60 0
2 -4 57 -60 56 0
31 -43 -48 0
33 -53 35 51 56 21 -25 21 -4 0
9 -31 54 -23 -51 18 23 25 0
2 24 48 16 23 30 47 55 0
37 0
38 48 2 19 29 0
53 -38 -13 24 0
4 11 27 0
-6 1
-6 2
-6 3
-67 2
3 -43 0
0
60 -35 38 -37 5 -4 13 -40 -21 0
53 -45 -51 0
17 22 24 28 50 13 42 43 49 57 22 -49 -57 0
0
58 -40 33 -9 -40 6 -32 -44 0
48 -15 -11 30 -38 48 -27 24 -42 0
55 32 -32 -60 31 -28 -7 0
23 -49 48 -46 0
46 -37 0
31 -27 -48 3 -55 -45 46 -24 -6 56 35 0
40 -30 11 -19 0
6 -13 30 41 0
2 33 7 -5 -22 2 6 14 40 52 33 -58 0
4 -18 1 13 48 52 8 -60 -6 34 0
3 -52 -48 1 10 21 51 42 -42 -7 0
40 -14 29 -60 0
25 14 26 34 36 40 0
4 21 24 59 14 52 6 42 47 48 59 50 -58 59 -25 0
-7 2
-7 3
