47 38 -49 0
7 -8 44 -18 -38 24 -18 0
35 1 7 -58 41 44 0
41 -53 -41 23 -52 0
7 21 52 28 -25 -39 50 0
24 -12 -18 2 25 28 20 33 36 43 47 5 -26 -10 0
1 -42 -48 4 23 33 36 42 0
52 -1 46 -4 0
17 -43 29 -22 17 52 0
35 39 0
46 58 0
20 -12 -18 3 40 50 52 54 42 -23 -50 0
52 -37 -52 31 -42 -58 0
53 -57 -15 0
5 -2 30 54 12 31 31 -37 -7 28 41 59 0
21 -8 -14 14 43 52 33 56 33 46 57 6 6 0
0
7 31 28 -46 -10 4 13 36 44 32 -55 -19 0
8 34 36 38 45 8 20 23 0
20 28 42 51 52 0
10 35 55 0
44 -22 0
-15 1
-15 2
-15 3
47 -41 21 28 34 58 4 -40 0
31 -1 -29 36 -56 58 -39 0
12 -37 -54 29 -14 42 0
49 -58 50 -19 29 -48 22 13 -48 0
18 -56 0
36 -29 1 -31 59 -21 -45 50 -6 42 0
28 -43 -33 59 -19 -9 0
22 0
15 -10 -39 38 -26 -20 4 12 39 48 0
16 -42 -14 0
14 33 54 58 0
7 11 41 43 44 0
45 -5 3 -20 -51 0
10 18 22 23 43 -59 0
13 15 23 47 48 23 -51 54 -31 -18 2 15 18 26 0
30 -33 59 -37 0
14 16 18 21 51 38 -29 -8 0
29 -22 0
59 -33 19 22 29 47 59 15 -17 -18 0
0
-49 2
-49 3
