14 51 -36 0
3 19 0
49 -8 5 6 32 41 16 -50 0
41 -19 -58 0
26 34 40 40 59 50 57 0
20 49 0
27 -35 -34 44 -44 26 27 33 55 0
29 35 39 44 6 -20 46 -32 0
29 -4 0
11 28 8 14 41 -1 -7 0
36 49 -8 6 -60 6 7 0
13 56 2 38 0
4 45 46 0
51 2 -2 -24 22 -41 50 -52 -8 0
3 -33 -48 57 -46 -32 27 -28 -48 0
0
8 -50 43 -51 0
51 -7 11 -31 -43 7 10 29 49 58 33 56 0
0
0
19 -9 18 29 32 58 0
34 27 -30 -54 17 47 -51 0
-2 1
-2 2
-2 3
50 59 58 -16 -41 0
3 23 25 32 38 32 32 39 43 45 2 4 4 11 25 -8 58 0
15 -42 -46 11 41 20 29 33 0
57 -3 -36 12 16 31 31 43 -46 0
45 0
32 -31 -4 15 -22 -18 4 41 46 9 37 0
38 -31 52 0
10 23 49 0
11 -19 52 -21 0
5 -37 0
37 -24 23 23 42 47 49 11 -32 34 0
2 33 9 23 42 54 42 -44 0
18 40 51 7 -18 -52 5 17 22 25 48 0
24 -49 -51 28 -37 -28 7 22 23 40 54 26 49 55 0
1 11 30 30 49 -31 9 -18 4 -9 -30 6 36 38 0
41 42 46 2 49 51 51 55 13 22 28 37 54 0
45 18 23 42 56 57 0
3 15 16 23 23 0
33 54 14 -43 -31 4 -12 23 46 46 48 55 0
34 -28 48 -36 -44 6 12 33 0
-20 2
-20 3
