25 58 18 34 50 54 57 29 40 42 -32 -6 39 -38 0
44 -49 -8 0
60 -1 -49 5 -41 -54 0
5 2 -43 15 32 44 0
7 15 39 40 59 0
2 -22 -59 27 36 43 47 51 40 -41 0
42 48 56 -10 -40 42 -33 0
49 -33 -48 25 46 58 35 -27 12 22 0
31 0
44 -40 -7 24 26 29 44 50 0
32 -3 3 7 47 0
55 -12 -7 59 -35 48 52 1 20 38 43 60 0
60 5 -25 -15 17 25 26 26 32 3 16 22 45 40 47 0
29 -34 -34 0
29 -44 27 -57 0
49 -35 26 -3 39 44 52 20 20 0
13 -59 -29 0
6 3 -22 -46 53 -32 0
1 21 23 22 -44 -5 34 59 60 11 -41 -7 3 9 47 0
18 35 47 2 3 39 51 51 21 -22 2 -58 -51 0
3 15 23 35 9 19 43 60 14 35 43 5 7 22 35 54 5 -5 -51 0
40 44 44 46 51 -3 -37 9 -58 -33 30 0
-3 1
-3 2
-3 3
-67 3
-68 2
51 54 0
5 30 5 -28 -2 10 -50 -25 0
7 12 44 35 -39 0
14 15 19 20 32 57 0
15 30 50 3 -19 0
16 -42 1 7 37 44 60 0
8 -31 12 13 14 36 59 55 0
16 19 24 46 57 0
19 44 10 10 19 47 57 5 -7 0
40 -21 0
55 -15 -27 0
22 23 29 40 12 21 59 32 -5 0
15 48 0
50 -34 8 -48 -10 5 41 41 24 0
9 13 27 50 52 0
57 -1 3 28 28 29 34 0
0
20 -17 -35 21 -21 0
56 -46 -60 56 -40 55 -24 -14 0
23 36 47 48 0
-3 2
-3 3
