5 7 12 43 54 35 36 43 54 59 8 32 -46 -28 18 26 29 31 38 0
3 21 39 46 -6 2 24 7 0
34 41 57 57 30 -53 -45 4 12 43 0
20 32 39 40 0
31 -5 -1 0
23 -14 -8 37 -20 -44 4 -45 -8 26 -2 -5 5 26 37 59 0
0
18 37 0
0
1 28 57 2 -41 8 -18 0
55 -54 -27 11 18 30 44 53 0
35 -34 -55 43 -35 11 -9 -52 11 45 0
16 49 0
22 28 33 45 59 14 -2 32 -10 9 -46 32 37 58 0
4 -36 0
10 15 21 35 -39 -53 41 14 -9 -3 0
10 32 42 42 45 46 -42 -49 0
10 -55 19 -27 -29 1 37 56 34 -25 0
41 -45 -23 11 -26 8 59 34 -13 -42 0
35 -58 -32 3 -18 -13 26 -8 -18 0
24 0
27 -23 0
-5 1
-5 2
-5 3
44 -44 -22 6 55 1 -45 -8 22 27 10 -15 0
50 -42 -44 22 -13 -19 0
42 43 51 53 0
27 -13 19 -30 0
43 -51 -18 30 -57 0
2 44 22 -22 -44 23 -60 -55 10 -38 -25 0
5 -36 41 -6 -32 33 58 -20 0
49 -44 19 23 48 57 59 26 -46 -6 0
21 -45 0
33 37 57 6 30 42 57 58 1 2 13 17 4 13 27 35 58 -1 -38 0
29 -25 -51 46 18 -41 29 51 0
20 -24 -14 21 38 58 38 -11 -9 22 -12 -13 0
33 -8 30 45 0
37 -4 -3 0
40 -12 10 32 16 32 0
21 27 52 -7 16 21 55 0
59 -6 -52 18 -6 -23 19 35 39 58 5 -30 -14 0
26 46 13 19 25 31 22 -20 -50 53 0
26 -44 -14 46 27 30 38 60 0
13 -33 -7 17 30 46 50 2 14 33 36 39 18 19 23 0
-50 2
-48 3
