41 -23 -59 46 -18 0
59 -43 9 -47 5 -37 0
17 45 16 -52 -22 28 -40 -46 0
1 0
33 -13 0
18 48 18 -18 0
10 21 30 3 0
8 59 26 -18 -14 0
23 24 57 35 -46 38 -4 -12 16 -33 3 32 0
28 45 17 13 55 -14 -3 0
54 -34 0
25 28 55 56 57 18 -24 -18 0
38 -18 0
12 40 58 0
13 22 -58 -47 1 8 -59 5 17 34 0
3 57 17 20 25 47 53 0
11 24 38 60 60 48 50 52 0
10 -39 -47 5 31 7 17 38 51 0
18 -41 -8 0
3 6 0
60 -53 -26 41 -17 49 -55 -32 35 -41 -7 0
5 22 26 41 53 1 24 30 42 56 0
-2 1
-2 2
-2 3
0
20 -25 1 -1 -23 0
54 -31 0
21 -57 18 -57 24 33 0
21 -49 52 -46 0
0
28 -15 -11 14 -21 15 53 0
49 -46 -58 0
6 7 16 28 33 18 -27 42 -39 0
5 21 42 4 23 38 45 16 25 50 0
48 -20 7 39 54 0
41 -42 5 6 10 38 54 10 -30 -41 41 -23 0
52 59 43 -45 16 -18 56 -14 -31 2 42 0
33 -34 -8 31 -53 -41 0
44 -56 -52 0
7 27 44 47 60 21 -2 13 22 32 32 37 0
21 -47 -30 4 11 28 39 47 43 -14 -41 20 -17 31 -19 0
31 46 0
21 0
30 31 34 57 0
-53 2
-48 3
