18 47 2 24 59 6 46 28 -50 0
55 -11 29 -26 -15 14 -32 0
0
33 2 15 22 34 40 44 -46 -8 9 9 18 39 39 0
0
1 4 32 51 54 50 -59 -30 10 -14 -53 23 -41 0
23 -40 -59 18 21 42 42 53 50 -59 0
50 -33 -15 13 -52 -1 23 -46 3 9 24 41 49 0
14 49 36 -53 -42 0
3 33 60 6 -49 -26 20 -39 0
1 14 33 44 0
26 46 52 54 4 6 11 50 0
48 -40 -59 10 -6 0
23 -25 -30 57 -30 -42 51 6 14 6 -57 -39 0
25 -34 -28 0
7 -54 -26 5 12 32 48 56 58 32 -30 -26 0
4 -16 -19 0
49 -1 2 -53 38 -55 -20 0
9 16 32 40 0
32 -56 8 -49 -46 17 25 51 8 18 1 19 0
19 -45 -55 38 39 3 7 9 11 18 13 -30 -57 0
23 55 -26 -2 11 36 37 53 56 0
-26 1
-26 2
-26 3
37 -34 0
2 7 9 36 37 3 11 46 36 52 55 55 59 0
41 27 -37 -55 0
35 -44 24 -31 57 -51 60 -16 -56 47 -53 -8 0
3 -45 14 28 34 46 50 56 30 44 44 0
44 8 8 9 10 58 23 -30 -6 0
43 -13 21 27 23 -28 0
7 29 -31 -15 51 -13 -11 49 -6 -38 0
0
25 34 38 55 5 -44 -2 42 -1 -5 0
31 -47 -9 17 -46 10 -32 -44 0
2 2 12 26 27 24 -43 -24 0
35 -16 -55 18 -9 29 58 60 0
59 -24 -30 10 19 20 40 43 15 -8 -26 1 -57 -11 3 -35 -15 0
18 24 32 36 35 -10 36 53 50 -58 -18 0
6 8 10 48 58 32 -57 30 49 0
38 -58 49 -25 53 -7 -45 0
46 -41 26 -46 -12 0
7 -58 -34 0
31 32 49 58 11 24 43 60 6 57 -14 7 15 24 46 0
-52 2
-54 3
