23 -53 12 24 49 16 37 0
42 -9 0
2 -9 -54 0
16 35 58 28 29 40 44 51 39 -36 4 20 47 57 0
41 -45 -47 0
3 -7 -22 8 -9 -58 47 -20 -10 25 -55 -9 5 45 52 59 0
56 -43 19 -13 -23 22 -22 -18 0
8 25 35 -50 39 -21 55 -7 4 12 16 57 0
25 47 -24 44 -47 48 -41 0
42 -12 -39 17 -37 1 26 26 7 -36 56 -2 0
10 -3 3 0
9 -20 -45 4 5 14 24 58 24 54 54 0
15 -42 -37 2 11 12 0
15 18 20 38 54 2 3 29 35 54 0
47 -42 -21 19 41 3 17 35 41 60 59 -5 -49 0
30 -9 -49 3 12 30 53 -44 6 -50 0
33 -43 12 -29 -56 41 -5 0
19 38 41 47 32 -12 -16 22 -20 -48 34 35 48 56 60 0
16 24 44 47 58 23 -2 -34 0
28 -50 37 -23 -17 43 -54 -47 0
41 -9 44 50 23 -12 16 29 33 38 0
38 40 6 11 53 45 -34 -51 0
-20 1
-20 2
-20 3
51 -11 -16 0
32 -8 0
57 -19 -8 53 5 14 23 58 58 0
14 20 54 8 36 45 48 -35 0
0
37 -60 -1 0
52 -9 4 -53 -51 2 11 24 0
5 20 22 32 -14 18 44 44 46 56 0
8 -33 -21 45 -49 -3 33 -2 -47 0
17 -51 0
29 -12 29 -24 37 49 5 9 14 28 0
9 23 28 53 58 55 -54 -3 0
45 -18 11 -32 -22 47 -39 0
45 -2 0
19 -27 0
44 -24 -22 17 19 20 27 31 41 -19 -12 0
29 -30 -55 6 17 59 23 51 0
60 -18 2 5 16 25 36 13 -5 -10 20 -58 0
39 -46 0
57 -18 23 39 55 56 56 2 3 35 43 0
-20 2
-20 3
