56 -13 -4 3 -53 16 -36 -44 0
55 -34 23 -16 -45 0
9 -58 -32 16 26 0
31 -21 0
6 20 33 58 13 23 49 4 12 22 51 52 60 29 -48 -33 0
25 -28 -38 5 54 57 60 36 -47 0
36 30 -21 -32 0
8 -32 0
3 -1 5 -7 -33 42 -5 -10 0
46 -53 -11 24 41 54 0
22 32 33 20 44 54 0
18 -44 0
18 25 39 52 56 43 -33 -17 3 0
26 -39 -28 0
43 -60 0
20 -17 -56 33 -27 0
4 27 35 38 47 23 11 20 43 52 0
4 24 52 -4 -7 39 -55 -43 0
7 7 37 41 58 1 25 53 0
16 25 9 -42 -19 3 17 -24 -36 0
12 58 30 -58 0
15 21 41 41 48 29 -36 -56 0
-2 1
-2 2
-2 3
-67 2
29 -16 21 -20 52 -8 -12 0
56 -38 8 9 39 60 30 7 31 0
60 -16 -16 0
44 -39 18 -42 -20 0
2 -13 37 -38 4 8 53 -21 -47 0
15 21 34 41 31 -44 5 -12 14 33 41 51 58 0
31 -3 -54 32 -50 -59 55 -16 0
53 -5 -21 8 9 15 16 39 9 20 30 33 46 58 0
11 -34 24 -44 -55 5 31 44 -38 0
37 -46 -12 37 42 52 0
11 -52 34 38 50 53 10 22 26 33 60 3 8 52 0
60 -51 0
15 21 33 2 22 47 55 58 52 -5 53 -11 0
0
1 -57 6 21 22 50 60 11 -59 25 -23 -57 0
17 -5 -29 0
52 -20 34 44 46 34 -38 0
45 -12 16 -21 1 12 -11 0
35 20 32 36 41 56 32 34 41 0
5 15 22 55 0
-49 2
-52 3
