2 -37 12 15 27 46 27 -46 0
29 -52 -8 31 -29 41 -21 -5 12 16 25 55 58 3 5 5 39 41 0
47 -39 10 -50 -54 0
56 -17 -46 16 21 19 -34 -30 0
50 -52 -33 28 -54 0
3 34 -9 20 25 46 -41 -26 0
19 23 27 35 5 -37 25 -11 0
3 25 31 53 54 31 -41 0
4 -36 11 21 31 60 22 -16 -59 12 13 31 0
26 46 14 -38 57 -20 -3 0
19 -10 -47 25 42 0
20 41 43 48 54 4 7 42 0
31 -57 9 16 28 39 0
7 14 48 19 51 0
7 -48 -57 16 33 55 54 -9 31 35 50 53 58 9 -4 -44 0
0
3 -51 49 -16 10 -39 -42 34 28 44 54 59 0
0
52 -24 15 28 33 35 40 44 57 -10 0
5 -48 45 -59 -24 59 -20 -13 0
0
24 -59 3 27 49 1 -9 -58 0
-5 1
-5 2
-5 3
30 -23 0
53 -43 -5 24 30 45 50 6 -27 -23 4 20 38 48 56 -36 -37 0
46 -8 -34 21 27 49 52 57 6 26 27 49 60 2 -54 0
40 34 -10 22 35 38 40 58 0
9 30 34 37 35 -54 8 34 56 0
1 -51 30 -35 -2 15 -58 1 5 14 56 6 -6 0
47 -47 -6 41 -51 36 -26 -57 0
21 -21 19 32 38 55 0
49 -37 23 25 -45 57 -47 38 -3 0
23 -9 -25 4 -8 -3 54 -59 -1 0
16 43 -21 50 -20 0
1 28 43 45 10 18 33 34 54 0
7 42 47 49 58 54 -44 42 -57 6 14 21 21 0
3 -60 -2 51 -58 45 -28 -46 0
43 -17 -6 10 -43 -39 8 16 29 55 38 -25 -56 11 -22 -19 0
26 57 60 11 -2 -16 0
6 -48 -16 15 -28 -60 0
16 -3 -12 0
3 19 29 -16 -18 38 22 -12 52 -56 0
56 32 -18 0
-48 2
-53 3
