0
0
27 -2 -51 0
53 -45 0
2 -12 2 38 51 48 -51 0
25 37 58 0
35 38 39 44 7 15 31 -15 0
37 -60 -20 3 20 43 18 22 26 -12 -5 0
15 -20 -28 46 -35 11 -60 -22 49 -21 -31 28 29 49 0
3 52 0
22 46 53 59 27 -49 21 -20 20 28 34 44 60 13 -11 -15 0
21 34 35 13 -25 0
9 -17 5 16 44 48 55 45 46 0
4 36 45 0
5 -51 13 17 20 44 33 -38 0
37 -48 26 60 0
2 16 27 48 0
6 23 40 42 8 20 39 39 45 40 59 53 0
11 -12 -25 6 16 32 7 43 54 26 31 41 58 59 0
12 20 24 25 44 59 -56 0
23 35 46 49 13 18 37 47 54 0
36 54 44 -12 -50 0
-2 1
-2 2
-2 3
15 24 25 38 45 -8 20 40 58 42 49 50 55 0
25 -35 45 -43 -49 47 -20 2 -40 0
50 -57 5 20 55 44 -13 -7 1 52 5 28 45 0
37 -38 -52 41 -14 -32 2 58 11 21 21 28 33 45 -59 -10 0
5 11 28 46 0
36 -5 0
28 -43 -28 41 46 54 58 -56 -8 18 11 45 0
31 -15 49 -1 0
18 -30 16 21 45 51 51 1 -13 -8 0
31 -12 19 -45 24 -55 -46 6 37 39 39 0
0
47 48 -52 18 -19 49 58 0
27 33 46 47 48 0
28 -35 -8 0
37 -58 0
5 -2 53 -17 0
17 24 28 42 41 -18 0
33 33 48 50 53 41 49 -10 11 -24 0
39 -45 -1 37 -16 25 -10 0
31 -21 -45 31 0
-9 2
-9 3
