34 -3 -60 4 -59 -15 34 -1 -1 33 -45 0
55 -60 0
10 -16 -50 16 -39 0
25 -10 -60 5 26 30 47 54 5 -24 0
35 44 40 48 60 2 52 26 -31 -54 0
0
2 28 44 4 -31 3 6 34 10 -17 -32 19 -59 -57 0
52 -36 -37 60 -32 1 12 34 35 40 0
0
2 27 15 -55 0
29 -11 -19 0
5 9 51 36 41 60 0
55 -3 47 -56 -57 0
58 -19 15 35 36 0
36 -54 -6 3 12 13 30 40 3 29 -11 1 -49 -45 0
23 41 56 60 0
2 29 53 33 -34 -37 50 -32 -59 0
0
43 -50 -59 6 -10 18 27 44 42 54 5 -36 -4 0
32 6 13 15 21 31 -58 11 -31 -33 0
39 -46 -28 25 49 0
25 -17 -48 11 -41 -36 7 -22 -8 2 -9 -35 18 -22 -55 0
-7 1
-7 2
-7 3
13 -59 -4 45 0
12 -30 0
56 -18 0
55 59 0
22 -18 14 24 29 55 0
28 -57 49 56 0
40 -30 -3 50 -15 -28 15 -32 -12 33 -29 0
5 34 46 0
51 -49 0
18 -57 0
22 -42 -36 59 -36 -15 41 -5 45 -40 0
32 0
54 -29 9 -32 -55 0
25 -6 17 -24 37 -35 -58 0
36 58 37 -60 -46 50 24 31 38 51 0
48 -16 -50 12 35 37 56 0
35 -13 -3 0
4 6 7 54 13 19 21 0
51 -20 30 -46 26 52 52 -35 -19 0
23 -41 -9 45 -10 8 16 32 57 58 48 -3 -16 0
-38 2
-38 3
