7 10 11 38 4 19 0
21 -46 41 -25 0
21 -53 49 0
1 3 50 -2 -22 36 0
23 28 12 15 0
7 -45 36 -16 -25 2 4 58 4 6 9 54 0
58 -13 -45 30 -60 -56 0
58 -13 -39 37 -1 52 -53 -36 0
55 14 -33 -9 2 22 27 35 50 0
4 21 31 32 52 15 45 -3 12 57 59 0
9 25 -57 -26 0
21 -50 8 39 41 50 42 -27 -54 14 52 -49 -2 0
40 -30 -6 0
11 17 31 42 0
21 33 13 11 -46 0
44 -57 0
24 41 45 18 -50 -41 10 16 21 23 53 12 -10 -56 37 40 42 54 59 0
3 -42 6 29 30 31 40 14 55 8 14 48 49 54 16 24 0
29 -45 -17 22 -44 -16 0
33 53 1 55 5 18 54 59 60 12 -32 41 -45 0
52 -27 19 -30 -41 26 -56 -60 5 19 28 60 0
17 -32 3 -58 1 9 0
-19 1
-19 2
-19 3
24 40 52 54 -5 5 23 53 18 -31 -42 0
35 38 0
5 -15 -47 0
6 33 37 37 45 44 55 56 56 0
4 21 23 43 49 0
3 0
14 23 36 44 0
2 22 -18 -10 6 7 43 60 0
1 -43 22 22 23 31 36 40 43 12 27 36 42 54 0
0
17 20 -23 -40 52 -32 32 -19 -2 0
17 24 46 9 -39 -35 4 13 60 0
51 -59 34 -40 -51 46 -2 -15 0
2 22 36 24 -36 -38 58 0
22 27 30 42 48 52 -39 0
60 -33 0
12 10 12 22 35 59 28 -19 14 -17 -45 0
23 56 -49 -27 57 -19 -20 0
37 -18 16 31 5 16 0
21 -42 0
-50 2
-49 3
