25 -18 40 53 -8 44 40 -25 0
14 45 46 -34 29 50 54 15 23 36 39 -37 -18 0
39 -51 0
29 -38 -7 41 -60 -34 16 -58 7 41 0
34 -17 0
9 -5 3 -32 2 -59 -54 0
55 -48 -45 9 9 48 51 52 -10 -24 3 23 35 53 59 0
40 -31 34 -43 0
58 -48 0
14 48 0
11 18 20 24 28 20 3 45 0
17 51 32 43 55 33 -26 25 -45 0
3 17 22 27 49 0
0
16 -52 0
39 51 52 33 -30 23 -17 -52 0
6 9 37 45 58 25 -3 44 47 52 3 51 0
28 -45 39 -17 9 20 31 0
38 -17 32 39 43 45 51 33 -51 -51 0
48 -28 -32 3 -27 -32 0
60 -46 -24 19 4 28 29 36 48 0
44 -5 -11 18 -9 -9 12 -52 0
-2 1
-2 2
-2 3
2 14 48 49 50 1 -40 -29 5 6 24 5 13 0
1 -47 54 -36 10 20 36 52 54 0
4 33 38 38 40 42 43 49 51 5 8 49 53 60 30 22 39 60 0
14 17 19 56 -57 -44 0
9 -41 28 -37 -40 51 -53 0
60 -32 -7 31 -29 6 -28 -13 14 29 0
42 -4 -16 1 -1 -29 36 -21 -47 49 -6 0
26 40 0
42 -24 -3 48 57 2 54 39 43 59 0
39 -17 -30 0
28 29 43 49 6 -40 -21 23 -52 -5 0
19 -60 -38 10 20 52 59 59 -14 -42 16 22 0
55 -5 30 -48 13 -14 -60 24 -23 -52 4 21 22 29 56 0
48 3 33 40 0
7 16 27 0
26 38 13 -39 -35 0
18 -2 0
8 -1 -34 0
9 -18 -7 7 33 55 -28 28 -32 -40 13 -46 -47 0
8 18 53 46 -8 -32 3 15 55 56 -9 -51 0
-49 2
-47 3
