40 -26 0
25 28 52 44 -21 -32 6 47 47 0
29 -21 56 -14 0
0
27 33 2 -52 15 -35 -5 45 46 0
27 37 45 57 17 -45 -20 17 -14 12 37 47 0
14 26 57 10 40 48 57 0
14 18 29 43 -16 -21 0
38 -37 29 -12 15 44 51 15 -31 -35 41 -19 0
15 -23 -34 8 0
26 31 0
5 38 50 55 37 -56 -17 51 0
1 6 8 39 58 0
54 -44 52 -50 -54 19 29 56 5 -31 -42 0
12 -20 4 22 25 37 53 59 -36 -16 10 17 18 20 0
18 -11 11 -43 -20 8 21 23 54 12 31 46 0
14 -39 1 30 43 59 0
56 10 26 46 55 37 -37 34 -18 -49 0
2 57 22 -12 44 -16 -29 44 -33 -24 35 -48 -8 0
25 -35 47 -24 0
17 19 23 55 59 0
48 -4 30 48 0
-2 1
-2 2
-2 3
5 -40 -21 7 34 -17 -40 2 7 27 55 59 0
15 -4 8 -52 14 -11 -1 0
36 -45 12 -22 -22 10 53 0
38 45 47 50 51 0
25 30 46 26 33 45 47 42 0
10 15 19 35 49 51 -11 58 -59 -13 0
50 0
35 36 60 34 40 54 13 37 -42 0
6 -12 14 37 38 42 59 18 28 33 50 0
12 -43 0
9 25 48 49 52 15 -43 0
0
23 38 47 50 -32 -42 9 -29 26 -13 56 0
0
48 -48 0
2 -28 -40 3 38 46 52 54 22 -13 10 11 24 46 0
51 -21 -2 13 36 0
4 23 33 36 50 28 36 0
12 -18 -23 1 45 16 -31 -47 0
52 -37 6 33 58 46 55 0
-55 2
-53 3
