33 -35 -18 39 -26 -21 0
0
52 -54 27 37 54 55 9 28 59 0
3 0
9 50 20 29 55 58 0
17 43 45 -54 0
13 -56 -2 33 -8 1 -18 0
57 -46 0
18 -38 41 3 30 59 4 11 32 44 52 0
53 -24 -7 37 -22 -52 31 -41 -12 21 -48 0
54 -51 -30 6 -14 -31 12 -54 -29 14 59 0
22 29 32 56 19 34 42 45 59 23 29 0
1 -45 -40 0
53 -10 -5 0
4 37 39 13 51 57 9 20 24 5 14 35 35 0
11 -43 2 51 28 -16 40 -39 -37 46 -58 0
8 -19 6 7 60 0
16 23 37 49 7 13 16 27 57 40 -41 0
17 -20 -13 0
27 -54 9 43 54 26 -49 -17 3 -7 41 54 0
28 -38 7 -41 -5 0
50 -12 6 41 15 -42 -26 13 -13 22 55 0
-24 1
-24 2
-24 3
20 -58 -21 14 30 0
37 -18 -54 37 14 -21 -47 0
51 -9 23 2 5 23 52 58 6 10 45 0
23 24 42 58 34 0
43 -20 22 44 51 0
2 -13 -8 31 42 36 -50 -5 20 59 0
17 24 32 47 52 0
11 31 48 0
44 -30 -23 16 36 36 48 0
3 39 55 -56 19 -25 0
24 31 45 59 0
43 -59 44 50 15 36 45 57 46 -20 0
54 -21 12 -50 58 -11 34 -20 -60 0
20 -9 0
30 37 46 58 -57 0
44 -40 -15 9 -33 0
5 -46 0
37 13 -33 -47 0
22 -17 0
26 26 37 39 0
-24 2
-24 3
