10 -51 21 -5 -55 3 -35 5 26 34 0
24 -35 54 -53 28 52 20 -45 -22 0
3 -37 -37 1 31 0
0
48 -16 46 -47 -30 0
32 -7 16 -34 27 -34 41 -10 -60 35 56 0
31 41 46 28 32 43 59 28 -53 -55 39 -39 -17 0
9 15 49 54 34 -51 55 -5 28 -16 0
57 -38 -41 47 -39 0
16 20 38 0
52 -8 -37 16 -48 -16 27 -21 -56 0
9 12 -50 -38 14 -51 0
17 42 51 58 52 -58 -15 28 -9 0
31 -18 -30 0
52 -34 0
29 55 0
7 50 3 -41 9 -59 -1 0
11 38 11 -36 0
0
14 23 24 50 0
5 -44 -41 26 -8 50 -52 -9 0
4 -48 -25 15 22 50 0
-2 1
-2 2
-2 3
50 -42 58 0
43 -24 28 -4 -14 14 18 28 42 44 0
29 -6 24 55 56 57 0
5 31 31 33 0
41 -47 -30 0
29 -31 -2 38 -17 -54 18 3 18 58 0
60 -32 4 8 -53 42 37 -30 -39 0
18 31 46 53 55 33 55 0
3 -60 -43 0
37 -18 -16 4 -26 0
9 -60 9 43 -58 0
5 -38 40 -56 -59 0
22 -50 -39 1 -4 -52 5 18 22 56 43 -2 0
40 -26 9 19 36 56 1 -12 0
55 -33 -16 3 -2 0
41 43 46 55 0
0
46 -48 -13 0
36 0
59 -59 43 -40 41 -1 -56 0
-2 2
-2 3
