25 -41 -32 1 10 45 0
17 -17 59 -35 50 -32 -52 17 -17 -60 0
4 46 47 50 36 -35 11 15 35 0
2 -59 53 -32 3 15 24 31 0
1 -19 0
48 -26 -11 34 -60 -35 58 0
1 25 26 29 40 44 -56 5 -14 -16 37 41 58 0
8 18 19 34 43 35 -14 -48 16 -48 -3 51 0
7 35 -57 32 -8 -19 0
47 -44 -17 41 -47 24 -20 -27 7 10 21 56 0
17 29 54 53 0
36 -39 -10 19 23 7 -37 0
46 -18 13 14 55 60 11 26 35 5 -10 14 27 29 35 60 0
29 36 37 45 0
27 28 -44 -26 0
0
14 19 24 28 0
41 53 57 0
24 -8 0
40 -25 -27 10 60 2 -54 -51 6 -48 -6 0
46 0
4 24 29 52 25 -14 42 -48 16 39 44 49 13 -58 -19 0
-5 1
-5 2
-5 3
-69 2
4 11 48 49 50 36 54 22 -30 0
20 -2 50 35 -35 -10 11 29 36 51 57 0
44 -3 -35 35 -14 32 -25 0
6 -43 -45 60 -21 0
20 23 28 50 0
19 -30 -42 0
17 37 57 57 46 -58 -15 45 -30 -27 0
7 -48 -16 0
16 -5 0
0
9 -32 12 -25 -6 5 -55 16 -10 45 57 0
2 29 53 5 -56 -56 0
21 -36 -23 18 -14 -57 50 -47 -33 3 20 23 0
13 -23 58 -51 -36 6 32 33 36 41 46 58 58 0
0
19 36 56 0
33 33 60 -6 11 28 32 0
8 -8 0
19 -20 29 59 3 20 -36 0
14 -56 -19 58 -35 7 55 0
-11 2
-11 3
