34 52 54 50 -51 0
26 0
29 40 55 -34 -1 0
22 -47 -8 8 46 56 57 25 40 44 0
44 53 2 -8 21 -19 -32 14 14 50 51 55 8 27 47 0
36 38 40 0
37 41 51 45 -38 -18 34 -21 0
25 37 53 57 57 15 55 22 -44 -10 8 -59 0
2 -44 -50 14 29 57 28 -32 0
45 50 -56 38 -35 0
50 -43 -41 6 6 15 18 37 1 7 15 23 40 0
23 42 41 -32 -7 0
13 26 18 37 19 -17 -20 0
16 19 20 53 25 -48 -55 34 -25 -14 0
43 -17 -1 28 -38 49 60 60 40 -44 -12 0
7 17 -2 47 -41 0
8 -6 -45 56 -21 4 10 60 36 -54 23 -36 -6 0
56 -4 -8 41 -24 -20 6 31 51 0
28 55 0
10 -14 -47 58 -41 0
31 -32 -22 21 48 2 12 11 19 35 46 51 0
38 50 59 -13 58 -41 -16 0
-2 1
-2 2
-2 3
20 0
20 41 47 56 50 -20 8 -7 -2 0
14 16 18 37 39 0
36 -23 -28 35 0
31 0
44 -50 -36 0
41 60 -20 0
2 -26 -28 6 32 25 29 31 49 46 -5 -46 0
12 -58 -1 0
52 -19 1 3 13 54 8 0
51 -46 -9 10 12 18 39 4 12 15 15 -18 0
35 39 40 -48 10 -17 0
10 12 27 29 55 48 0
51 -57 0
16 27 32 51 26 -9 52 22 -34 -6 46 -40 0
15 -4 -48 0
41 -17 -40 0
4 12 45 59 36 -55 4 -17 -7 4 -11 -18 57 -28 0
39 -24 -24 46 -37 -37 32 -45 -34 6 26 26 50 58 0
12 38 51 57 0
-4 2
-4 3
