11 -3 26 -12 -17 29 -21 0
34 9 -2 46 -32 23 -10 -28 0
22 -20 20 26 28 29 40 47 53 56 11 24 35 52 0
3 7 14 15 0
50 -46 43 42 -12 14 31 59 0
5 10 21 35 14 -30 0
24 -43 21 -42 0
5 8 45 45 28 39 -6 0
35 -25 -44 0
20 -28 -20 27 34 43 49 58 12 21 47 50 0
11 22 41 0
12 35 36 59 0
27 30 38 21 -10 43 -15 0
24 31 56 59 46 -7 1 3 0
1 34 37 41 -15 -56 6 23 58 0
1 38 44 56 58 39 42 43 60 0
29 -56 13 -47 2 11 13 39 0
5 -5 38 -10 49 -59 11 -59 0
1 -28 0
0
21 13 21 21 27 59 3 -34 -22 0
60 -17 -14 5 -1 0
-3 1
-3 2
-3 3
-68 2
6 37 30 47 -30 -60 42 -60 0
19 -35 14 -24 -50 21 -38 0
4 19 34 46 59 42 -30 0
31 -30 -39 16 -1 -31 50 -42 -47 0
24 44 45 59 51 -57 0
0
0
3 -46 -33 30 -32 0
2 11 18 27 29 50 -26 -9 6 23 44 51 33 45 54 0
20 42 10 27 29 33 58 17 20 21 39 0
41 -57 -27 8 15 18 34 40 0
15 -60 15 -35 -2 31 33 48 57 14 -55 -23 0
3 41 0
30 34 3 12 44 55 2 -15 -30 0
13 -29 -10 43 -20 -43 60 -40 -58 0
35 -39 37 -43 -3 15 -5 -32 0
16 -5 -37 31 -1 0
8 23 46 54 57 38 -49 33 -6 10 -48 0
36 -10 -50 39 -24 -48 0
14 54 55 44 -4 -57 20 -25 22 23 37 40 0
-49 2
-47 3
