18 36 20 26 28 28 40 56 0
0
2 7 23 36 37 57 -52 -25 0
54 -30 -59 0
6 8 45 0
7 -9 -30 32 0
1 3 7 7 44 60 0
10 58 22 23 25 30 39 0
12 -29 -39 0
18 -29 -31 0
29 -47 0
3 27 54 54 0
23 26 58 23 31 32 45 21 -45 0
56 -56 0
27 44 7 28 0
4 37 40 54 21 -27 36 -8 32 -44 -57 7 -26 -44 0
16 30 35 47 38 -32 17 24 -3 -6 47 -50 -31 0
33 -7 -23 26 -9 10 -10 10 14 28 55 58 21 -36 -21 0
13 25 41 43 50 0
43 -6 -27 5 7 32 54 7 48 2 52 50 59 0
41 -12 20 -35 -5 4 24 37 43 60 27 46 53 51 -2 0
15 45 23 36 46 47 -58 -11 20 -29 37 -38 -54 0
-8 1
-8 2
-8 3
13 44 52 57 -37 0
3 25 16 -46 19 35 54 0
23 -41 -38 48 -3 -6 12 -48 -18 0
16 45 52 57 27 30 44 39 -8 -39 50 -18 -28 0
9 11 23 43 59 59 0
7 10 25 42 0
16 -49 -8 43 -28 40 -22 -58 28 -46 51 -57 -41 0
2 -38 8 -15 24 -54 -58 25 54 0
10 -36 -13 19 20 20 -36 35 -21 -44 0
45 -48 -2 10 24 0
19 -38 -35 4 24 41 -13 -15 0
12 -13 16 -2 -32 32 -53 -12 0
60 -5 -31 0
33 -31 29 -35 0
26 -11 -43 4 20 26 7 -57 3 0
18 36 31 -45 37 -3 -56 0
11 -44 -25 33 -22 -19 13 22 37 60 49 0
30 -19 1 3 5 12 26 33 0
48 -16 -3 0
13 -48 0
-33 2
-33 3
