16 17 38 43 -20 0
31 -28 -19 26 -5 -23 51 -53 23 27 32 33 0
27 -30 -49 40 0
38 -47 49 52 -41 15 18 27 27 42 0
34 -20 -36 1 17 19 43 60 0
47 -21 34 -37 0
43 -12 -46 0
27 -54 6 -36 -21 14 27 32 36 2 4 11 18 20 11 -19 -49 0
36 -24 -56 9 13 6 26 28 30 58 17 0
42 -21 4 -37 13 35 0
28 -36 -48 0
25 -34 4 17 19 45 47 56 -13 0
16 9 18 31 0
20 24 34 -18 21 -4 0
31 -52 15 36 41 23 25 55 0
20 -49 -6 9 -20 -36 29 -14 0
6 -38 -55 0
29 33 45 53 3 20 21 54 3 -2 -29 0
20 25 35 42 0
39 -30 -44 12 -28 -23 0
13 17 36 45 52 0
33 35 35 49 50 32 -37 -42 38 0
-7 1
-7 2
-7 3
12 8 42 27 -4 5 12 44 57 -19 -48 0
0
49 -13 -53 8 23 39 51 0
8 -26 -1 18 -8 -11 10 37 56 -29 -22 0
55 -20 -28 39 -12 -22 46 -51 -54 0
55 -7 14 -6 0
13 22 35 48 2 32 -45 23 -37 -39 18 42 0
4 15 1 5 16 20 38 30 57 0
13 -17 28 -52 -53 0
0
50 -53 -3 7 13 32 38 53 0
6 8 11 36 53 9 -41 -18 0
9 -60 -15 28 -50 46 -25 -22 0
35 -30 -43 0
45 -21 -31 46 -56 0
28 32 37 38 38 23 -37 0
33 -56 59 -44 20 -21 -8 4 24 45 45 50 18 19 51 0
44 -28 51 -22 -36 17 33 37 39 53 19 21 30 47 0
17 41 2 12 -33 0
40 -55 33 -12 -54 4 -52 11 31 34 42 44 7 23 36 40 60 0
-49 2
-53 3
