28 29 32 33 43 55 -58 27 0
7 -9 -8 24 -5 18 -59 -22 0
27 -60 -52 43 -50 1 19 56 0
17 -37 10 22 25 44 -51 0
5 12 21 33 34 14 45 3 3 6 53 0
11 -41 -7 0
42 -56 -2 2 11 41 58 28 -31 0
56 -9 48 -37 2 17 22 43 0
20 -31 18 -38 57 0
18 42 57 1 4 12 46 0
28 -5 -23 21 -39 21 -10 0
17 32 37 5 8 11 25 40 0
0
17 22 36 50 23 23 26 27 48 14 -52 -56 0
25 -33 54 -56 5 0
37 52 4 46 7 -20 -52 29 41 45 56 60 43 -25 0
12 29 50 12 -16 -2 0
31 -47 -45 0
1 -4 -35 0
57 1 5 40 40 46 0
46 -55 -53 18 -59 -41 30 -27 -9 1 10 22 34 0
7 -29 7 33 32 -39 12 15 37 48 56 0
-15 1
-15 2
-15 3
-67 2
16 0
9 22 27 48 55 0
23 -26 7 14 41 0
38 -16 15 40 46 22 42 0
36 -16 21 27 42 50 55 8 0
23 -31 -36 8 12 58 45 -9 6 24 30 40 60 33 38 57 0
11 -40 0
12 28 36 49 6 14 21 38 0
30 -11 -25 0
9 26 56 56 0
37 -24 42 43 32 -34 -47 0
33 0
20 27 47 27 0
20 -24 0
43 27 -54 -39 27 39 57 36 36 57 0
20 -34 1 -2 0
39 -58 -9 36 -55 -9 50 -55 -18 0
36 -50 26 56 27 -14 60 -58 0
27 35 37 44 58 59 -55 33 -46 -39 0
59 -1 0
-49 2
-48 3
