13 -14 -20 32 -4 -31 0
18 -41 -11 0
58 -17 6 8 22 50 -27 0
22 52 7 15 27 41 9 16 23 51 54 9 -26 0
57 -20 -32 4 48 42 -19 -28 36 -48 -57 0
57 -60 3 -26 -8 15 20 46 58 41 -56 -14 0
15 -24 -44 57 -25 52 -12 -50 4 8 13 15 54 0
51 -33 14 42 48 14 28 37 0
17 -42 43 47 58 39 0
8 40 55 0
46 0
19 19 27 35 51 0
10 13 -15 0
38 -59 -24 0
22 38 0
28 38 0
10 -22 -5 23 -47 49 -44 -39 0
58 -19 -54 10 19 21 31 0
29 -52 -18 0
10 57 58 58 -9 8 22 17 44 59 52 -12 0
46 -27 39 -13 16 -57 -10 0
5 0
-2 1
-2 2
-2 3
-67 2
35 -17 -39 11 0
6 -33 1 24 51 54 59 1 -41 29 -16 0
57 -53 -43 58 30 -41 -34 4 27 36 0
25 -59 -31 18 0
39 -26 -23 9 44 46 48 8 50 27 -12 -28 0
30 58 25 -46 59 -48 0
42 -14 -23 1 35 -56 0
50 0
43 -26 -47 26 -43 -9 4 24 41 48 15 -33 -48 0
3 42 54 10 25 20 -5 0
46 -46 7 8 13 32 53 23 -12 45 0
0
49 -33 -14 0
8 44 58 55 0
1 -24 -59 6 32 32 33 -52 -19 52 -56 -2 0
17 25 31 53 38 40 51 57 24 39 45 39 48 0
10 17 25 37 50 30 -19 -48 0
33 -47 -22 8 9 45 28 33 35 10 -46 0
1 2 20 47 29 -29 3 -60 39 -19 0
3 5 9 17 46 17 -20 -48 0
-11 2
-11 3
