3 15 42 3 14 29 33 42 25 43 34 35 0
1 4 4 20 56 7 18 39 53 0
37 46 -25 -60 0
3 -2 29 32 -47 -24 9 16 17 30 47 0
7 13 32 41 45 7 24 5 0
42 -27 59 -12 0
40 -8 0
26 31 48 18 -25 9 20 53 0
28 -4 21 2 19 20 45 0
53 -48 5 -20 6 -37 -3 7 44 45 58 0
15 -50 -37 14 -46 0
24 36 59 10 -47 0
28 -29 -15 16 47 48 -44 0
14 -56 58 -17 -35 0
11 -6 10 17 -37 25 -12 12 -19 -47 0
52 -29 -58 0
26 45 54 0
16 -22 47 -25 -10 15 -46 -10 0
6 -7 -47 6 14 17 26 43 0
34 -37 40 0
0
32 2 11 22 22 0
-7 1
-7 2
-7 3
-66 2
36 48 56 39 0
45 -41 -5 26 52 37 -20 -36 44 -23 8 20 39 50 60 0
0
16 -47 15 32 39 59 13 17 7 11 23 37 0
26 -52 0
1 40 58 -28 21 22 38 46 47 40 -49 0
48 5 -53 -24 14 25 25 0
15 22 34 45 48 0
49 23 -48 -1 50 0
51 -52 -43 0
11 -50 36 -30 -59 0
9 -55 0
43 -19 2 15 49 53 36 40 46 50 58 0
18 28 47 27 -25 -24 0
9 18 33 45 58 0
37 -34 26 -38 -15 44 -47 -41 13 -12 0
18 0
20 -38 10 19 32 0
11 18 48 56 51 -9 0
10 11 52 59 -25 -60 20 -9 32 -29 29 -59 0
-48 2
-49 3
