7 -31 -29 59 -39 13 33 58 13 18 44 45 9 -21 -59 0
7 13 13 27 56 3 11 18 5 -31 -24 11 19 0
28 40 53 12 -51 7 -32 0
59 18 -46 -7 42 -32 -44 15 29 39 56 0
29 -3 7 26 59 0
10 -28 0
52 -36 -42 0
13 -6 -6 42 -36 32 43 33 0
16 30 39 60 0
2 20 26 36 51 0
6 16 22 35 57 37 -8 0
18 49 57 60 10 -28 0
60 -35 0
30 -17 48 0
35 -39 33 -32 -32 0
8 -54 -38 53 -24 0
56 -47 47 -54 0
49 58 0
22 0
45 -52 -39 17 48 49 52 59 0
27 38 45 19 24 30 35 60 60 -60 -24 29 -1 -54 37 -57 0
2 14 19 26 36 -20 -38 2 0
-2 1
-2 2
-2 3
-66 3
41 -9 -42 10 -31 -58 21 0
60 -46 29 -51 -14 0
14 -12 8 29 39 42 25 31 3 -14 -3 0
19 -13 25 32 38 43 57 -19 -43 3 16 18 0
31 -27 -50 9 -14 25 -29 0
39 -53 48 -38 -39 26 31 19 -19 -44 0
36 45 49 52 -13 -11 0
17 23 28 19 -8 0
10 13 25 40 1 1 17 21 59 9 18 20 36 41 0
59 -6 -42 18 -30 19 0
3 3 16 6 17 41 52 55 16 55 0
54 0
53 -23 22 26 26 42 47 58 60 29 -21 19 24 32 0
14 -39 30 -34 -54 10 20 30 50 56 0
5 32 54 57 35 -19 -25 7 12 30 48 58 54 -41 -22 0
5 15 25 26 3 22 31 45 53 0
2 12 -49 -42 9 22 26 27 45 27 35 43 4 24 26 36 49 0
24 -38 -38 0
20 -10 10 -18 2 6 13 19 46 54 -7 0
0
-48 2
-51 3
