33 -6 -33 11 -15 10 0
22 27 34 35 57 9 16 36 37 57 34 -21 0
58 -44 -16 0
3 47 54 -29 41 -40 -15 0
30 51 57 15 18 35 36 50 1 -20 3 -5 -31 0
38 -28 -20 13 -47 25 -6 -46 33 -15 0
55 -29 -54 12 -29 6 14 36 51 0
44 -48 11 49 5 14 42 49 52 38 34 -18 -11 0
53 40 -59 -6 45 -24 -27 0
7 -45 -10 25 0
3 46 25 -39 -8 27 -50 -10 55 -38 -14 43 49 50 0
22 47 58 3 30 35 43 48 14 54 60 -31 41 0
12 -53 3 -46 -39 0
33 36 30 47 54 -1 -42 9 11 0
24 48 47 -24 -39 34 -18 23 38 46 53 25 46 60 0
28 -19 -4 2 2 16 32 43 60 -3 -18 17 25 44 46 0
8 8 12 31 4 14 48 50 0
6 16 38 -29 -60 16 -35 -12 51 0
4 15 35 46 54 45 -10 -55 0
1 0
0
37 -20 29 -35 -2 23 -2 -20 0
-18 1
-18 2
-18 3
-68 3
6 25 48 55 60 0
21 -27 -8 0
7 14 34 50 16 -40 -60 6 -46 -44 0
11 -6 -40 45 -60 -5 9 0
0
35 -59 17 -15 8 33 40 7 28 30 0
16 8 19 39 4 28 30 52 39 -30 0
32 36 39 39 0
22 -43 -35 0
19 -1 -12 4 31 48 49 28 53 25 0
17 29 0
29 -3 25 50 0
0
28 -14 -40 20 22 33 55 39 0
9 17 33 40 43 2 50 11 28 5 25 46 0
5 9 38 52 3 17 38 41 25 0
7 14 24 33 51 30 -21 -1 24 -36 -21 41 0
36 -32 -32 2 12 22 42 42 44 -39 -48 53 -2 6 -40 0
53 -33 -3 0
13 25 29 52 58 0
-51 2
-56 3
