0
34 -27 -33 0
7 26 30 58 1 22 56 15 25 50 52 12 -60 -1 0
22 40 -5 -60 43 46 42 53 20 -15 0
4 -27 -28 44 21 -23 -58 5 18 0
31 -10 -1 7 15 33 0
9 51 30 35 44 5 -23 21 -29 -3 0
13 20 55 -49 8 24 27 35 42 0
18 -8 -50 0
31 -47 0
20 -48 -52 27 49 47 -25 -25 0
16 -58 13 -6 0
6 13 15 25 37 46 -58 0
0
0
6 -54 -49 5 12 56 0
26 -7 -19 26 -21 -10 0
34 -16 -9 11 21 32 -15 -16 58 -44 -2 0
8 -21 -56 60 -42 -25 43 -20 -34 1 25 31 35 49 7 -32 -16 0
5 21 32 46 23 -42 13 16 36 12 47 0
54 -59 0
3 30 42 54 16 25 29 44 58 53 -19 -16 14 0
-2 1
-2 2
-2 3
7 22 37 46 53 0
44 -37 52 -13 -17 22 -29 -9 0
30 0
0
31 20 -50 0
3 -19 33 59 8 -52 -23 1 8 36 51 23 -40 0
2 30 39 59 0
36 -19 -14 2 6 31 50 0
11 46 11 -24 -33 14 20 47 57 58 0
5 26 0
33 -45 53 13 32 26 -28 -59 0
27 -59 -37 5 34 49 50 30 -48 -15 57 -47 -12 0
21 0
35 12 -48 -15 16 35 36 9 -21 0
11 -23 0
2 22 49 59 59 10 -21 1 2 17 43 50 0
39 -4 -5 0
31 40 43 49 53 12 33 36 43 45 0
3 -10 24 38 45 0
47 54 6 11 20 55 0
-47 2
-47 3
