42 -38 -6 9 11 54 29 -23 -38 3 57 0
10 11 11 19 55 0
0
19 34 36 44 57 2 12 55 0
13 54 60 10 13 15 26 49 11 13 22 33 0
29 -7 0
18 19 34 39 45 45 -52 0
25 -3 52 -19 0
43 -40 31 -29 -26 1 -37 5 -58 -23 0
25 -38 1 29 31 0
33 -57 0
43 -46 0
35 -49 11 20 36 49 -1 -53 0
12 -60 39 40 -41 0
5 -11 0
7 18 20 44 4 -26 7 17 41 55 25 29 46 51 52 45 49 0
46 -15 0
5 -44 10 -13 -10 0
37 41 6 11 25 32 37 0
0
11 -26 0
1 12 13 36 19 -42 -13 0
-7 1
-7 2
-7 3
58 -45 -25 45 -53 14 43 46 54 27 -26 -40 0
16 -22 -11 9 -37 -6 43 0
51 -20 -14 9 30 47 0
26 59 0
5 30 32 32 50 59 34 -13 -49 0
39 39 47 0
0
29 -60 12 51 51 56 14 19 20 41 60 0
18 53 55 11 33 0
38 -11 29 -23 -49 0
5 16 18 50 35 50 55 58 -53 25 -17 -57 0
30 45 2 16 26 52 54 14 21 29 9 45 59 0
15 22 21 -42 3 4 21 23 47 0
37 -15 -15 6 -58 -7 8 -50 -21 0
59 -47 7 6 -12 -40 27 32 44 0
41 -26 -27 22 -54 8 10 21 0
3 38 48 -50 -15 13 -38 -26 7 27 29 50 0
8 -3 57 -51 0
17 -41 23 43 46 53 1 6 9 38 55 13 35 0
2 23 52 0
-23 2
-23 3
