57 -17 -55 30 -48 -8 40 42 46 46 51 -6 -10 47 -31 0
0
19 25 38 26 51 -40 0
14 41 1 8 -5 -10 0
48 -4 -48 25 4 19 22 42 45 32 6 29 33 58 0
41 0
12 32 39 59 16 -53 -8 0
46 -6 12 -47 0
45 -2 -21 4 -58 25 47 51 56 0
20 38 36 -60 60 -4 8 -55 -24 0
58 -21 -7 17 -19 -31 0
7 37 51 52 51 21 0
0
9 0
30 -34 18 39 44 46 60 0
9 0
0
48 -31 -37 43 -24 -38 17 29 51 60 0
21 -49 -17 44 49 55 30 -55 -44 0
56 -23 -51 9 35 38 39 44 8 15 37 38 1 -46 -6 39 -24 0
7 46 -50 0
3 19 28 0
-2 1
-2 2
-2 3
20 30 32 42 7 -3 42 -59 -6 0
0
37 53 -22 0
27 -8 -47 5 14 38 46 14 19 25 33 55 5 43 51 56 57 0
39 55 27 31 51 52 -60 -46 3 -42 -24 0
14 29 2 6 34 54 57 58 -43 -27 0
38 -52 17 -1 0
51 -56 -7 3 30 39 31 41 53 22 47 53 0
3 9 27 45 23 48 44 46 57 18 0
30 38 48 49 52 0
12 -10 35 -19 19 58 0
52 -56 0
21 22 33 36 54 0
30 10 -10 -59 18 26 0
56 1 20 38 0
38 -45 -38 31 -4 -36 27 0
47 -1 -1 8 24 32 48 56 49 -38 -8 35 -14 0
1 4 30 47 57 -5 18 40 42 14 52 0
23 -47 -45 29 53 -49 34 42 43 55 19 26 30 58 0
0
-10 2
-10 3
