11 23 41 46 49 35 -23 57 45 -12 0
7 8 51 14 -14 6 59 0
29 54 39 -56 -42 1 -33 47 -4 -25 0
16 -30 -25 39 -54 -24 0
18 33 46 51 55 60 -32 14 19 20 22 32 -44 0
59 9 21 22 29 31 58 -11 16 -50 -55 2 -49 -38 0
22 29 44 0
2 13 35 50 53 48 -31 0
18 19 -28 -14 0
55 -48 41 -11 5 22 0
34 -32 -9 0
9 47 -7 -22 16 15 25 0
40 -9 5 -53 21 -2 0
43 -58 0
4 12 21 29 50 0
2 -33 -9 9 -5 -33 0
21 27 43 0
4 -45 -21 16 12 26 36 50 12 18 0
15 26 31 44 59 38 -41 -24 0
1 -41 -26 50 -41 31 -15 41 0
2 3 23 36 51 22 -12 3 -18 56 -38 17 -20 0
47 -43 0
-9 1
-9 2
-9 3
23 -48 -20 17 53 53 56 0
6 -40 4 -48 -6 28 -5 -53 18 -54 0
14 -12 28 -52 53 -41 49 -29 0
56 30 48 -59 -27 0
59 41 -11 -52 28 49 53 0
14 -18 60 -5 0
34 24 47 49 53 23 -55 0
13 22 53 57 2 26 37 42 42 17 -56 -33 3 -4 -13 0
53 -1 -58 14 -13 -29 56 -28 -33 21 -45 0
49 28 -47 0
6 -7 0
29 49 51 59 0
25 10 22 28 45 0
5 -32 0
7 -17 -35 28 -45 -5 3 5 33 58 32 -39 -32 0
58 -51 43 -59 0
35 7 -30 -1 0
31 -26 24 50 17 -59 45 48 59 0
5 -21 -15 50 -24 -26 11 39 45 29 -17 0
23 -8 -53 45 -1 -14 9 14 33 49 10 49 58 0
-48 2
-47 3
