4 -57 -40 22 -24 8 29 29 28 -20 35 -5 -59 0
12 17 36 60 1 9 12 35 39 31 -45 0
34 -43 -38 0
15 -27 -56 0
33 -1 9 9 17 30 53 0
34 -41 42 -48 18 31 0
8 13 16 40 53 0
31 -40 31 -46 -47 15 -41 -14 43 -28 14 -18 -43 0
51 -43 51 -45 -1 9 -34 0
14 43 0
44 -42 -24 47 17 -8 -46 0
43 -2 -51 28 -8 -52 0
12 -50 0
32 11 12 40 12 14 31 33 38 48 -37 0
22 25 27 57 0
50 -35 17 -30 -23 0
32 -51 -13 58 -26 0
18 -47 -23 6 -44 -8 10 -57 0
40 -25 -13 0
47 59 1 -42 -45 13 -58 0
11 -3 22 -45 44 -24 -55 0
57 -32 6 59 55 -1 -41 0
-2 1
-2 2
-2 3
-69 3
7 7 27 36 53 9 -46 -43 23 30 37 43 12 13 0
27 39 5 5 23 46 5 -10 9 -47 0
51 -38 15 0
12 18 25 41 12 26 30 38 55 0
8 21 25 42 59 44 -52 -2 0
14 0
21 44 55 30 41 52 0
60 -54 -44 20 47 47 17 -11 0
22 -29 3 14 17 25 37 9 -36 43 -33 0
11 56 32 52 60 18 -19 -32 25 -56 -41 0
0
21 37 43 4 10 38 46 36 -58 -23 0
10 -7 30 -8 13 32 37 49 -37 -2 0
54 -5 9 21 0
0
16 11 -51 -33 0
26 27 22 0
25 26 -40 0
12 60 53 11 -35 56 -11 47 -44 -13 0
2 15 23 46 31 -18 -43 37 -42 31 -49 -59 25 48 0
-18 2
-18 3
