11 -39 59 5 25 41 48 0
19 54 19 37 43 53 56 50 -26 -2 0
60 -19 0
23 -40 1 -35 12 13 22 24 0
2 20 33 29 -25 0
24 -59 -45 0
34 -27 0
58 -55 -26 1 -5 42 -6 -4 3 -45 0
27 43 43 44 56 1 -58 -58 50 58 0
6 -56 -2 0
21 -40 -19 39 -51 13 15 26 56 59 0
5 -46 0
3 47 46 6 31 48 57 0
30 -19 0
35 46 59 0
39 -32 -32 5 -39 0
3 -57 -56 0
0
0
17 -47 5 22 45 55 60 29 -28 -24 28 -1 34 -37 0
7 35 40 43 17 -7 4 13 19 52 43 -27 0
14 55 49 -30 -60 0
-7 1
-7 2
-7 3
31 47 0
36 44 59 0
8 -34 22 30 54 57 0
1 6 23 49 26 38 56 56 28 0
29 -43 -46 40 -56 -50 36 -17 -1 0
54 -26 -42 0
19 -59 -28 36 0
52 -44 -49 0
16 -38 -10 0
0
17 -22 0
1 9 10 41 58 2 8 14 24 55 0
24 55 47 -47 0
16 60 -54 -46 7 -28 -13 3 9 15 37 38 1 -24 0
6 16 24 56 58 11 19 25 46 59 49 -1 -59 17 59 0
57 -58 42 -13 10 -54 -27 53 0
15 -58 46 -42 -48 0
3 10 42 0
16 -30 0
24 -36 21 -54 0
-17 2
-17 3
