52 14 -41 -45 13 20 34 38 38 52 0
45 -20 -7 45 56 -6 0
13 -26 -38 18 -13 36 -29 0
8 29 26 38 41 57 26 46 0
50 -12 -7 3 5 11 48 0
29 -9 50 -19 -15 4 39 43 44 31 38 0
0
0
22 13 21 53 0
2 29 43 0
5 18 32 36 45 8 9 15 22 31 28 2 -34 0
19 55 0
37 -18 9 15 36 43 26 27 33 52 52 0
19 20 22 32 0
51 -37 -16 19 42 11 26 38 51 60 41 -32 21 -7 -1 0
4 -20 13 -29 12 -3 31 0
1 2 18 11 -32 -44 14 -33 -37 42 -25 0
13 28 40 58 0
33 -2 0
27 -22 7 23 25 38 54 0
9 13 20 51 0
34 49 51 53 41 -15 -23 0
-5 1
-5 2
-5 3
-67 3
-69 2
6 29 59 0
5 7 29 31 41 51 -6 34 -1 0
5 9 28 55 32 50 -34 -40 9 20 57 0
17 -54 13 23 26 56 8 22 42 0
7 31 55 26 28 36 36 55 14 16 0
0
0
9 -45 -24 14 -54 -23 38 -50 -22 18 -5 0
4 23 25 48 53 -44 0
56 -3 11 -32 -41 14 -52 53 -5 -33 0
59 -21 -15 21 24 25 53 0
4 23 24 32 52 31 -25 0
33 37 41 43 43 1 55 16 -6 -23 29 34 35 45 0
2 3 12 21 56 18 -55 0
18 19 26 35 48 3 -4 14 -55 0
28 30 34 40 54 0
57 -9 35 1 9 29 35 0
13 15 0
36 -3 -48 0
50 -38 14 36 55 0
-9 2
-9 3
