32 -21 19 0
2 -46 -36 15 60 8 11 52 53 59 14 -29 -34 0
33 -22 39 51 60 -36 -28 0
6 6 30 38 46 0
24 -25 0
9 21 56 57 1 32 57 2 7 38 16 -24 0
1 4 35 40 48 28 49 23 0
14 -29 34 -54 -8 0
0
30 55 28 -60 -45 0
57 4 35 48 57 41 57 18 -48 0
35 -60 7 19 27 38 42 6 34 55 60 0
50 17 -49 -45 16 -23 10 0
18 -31 -12 0
22 37 37 37 52 -13 -14 0
37 -23 -42 3 -7 19 22 4 34 39 0
45 -17 0
2 21 31 42 54 20 -8 60 5 38 54 0
34 -59 56 -52 -37 5 -18 -54 0
13 -44 56 -38 -46 0
3 -11 -2 0
1 -12 12 -7 -16 45 49 -8 44 -37 -40 0
-25 1
-25 2
-25 3
50 -43 -3 16 -51 -50 16 -48 24 -15 6 -32 0
49 50 21 26 40 46 55 2 8 14 32 39 0
31 -38 -37 5 36 52 -9 4 53 26 38 0
2 -21 30 -30 -22 4 12 22 43 48 0
58 -22 7 16 26 35 60 0
21 38 -46 -25 0
52 -41 -55 0
50 -16 -54 21 -53 -31 0
6 6 -9 -23 24 -16 0
3 -32 13 20 25 25 31 46 31 0
4 20 42 45 0
47 -59 -30 0
55 -25 -47 1 6 26 58 49 15 -19 0
18 23 29 51 23 28 29 57 0
54 59 11 33 44 46 55 0
12 -11 -42 2 -26 2 6 17 19 30 0
18 19 31 44 54 0
12 22 52 56 -48 12 39 0
0
1 -51 -59 41 0
-46 2
-46 3
