11 -6 -25 0
43 0
0
10 13 29 54 56 7 -12 0
13 -30 42 58 60 33 -23 -9 49 -20 14 -35 0
11 -36 32 32 42 51 -4 -32 30 36 -7 -35 0
10 33 47 55 6 26 45 3 10 11 25 54 -31 -32 0
40 -19 -30 38 -23 10 34 60 0
55 -42 4 30 40 40 45 0
3 14 20 43 59 32 -27 28 -22 -6 49 -58 -27 0
0
3 59 30 -20 -21 0
25 -13 -49 1 23 25 43 57 34 10 35 0
50 -49 56 -3 59 -35 -24 45 -8 20 -20 0
32 -45 8 -49 -59 40 -22 50 -23 -40 7 -48 0
41 -38 -21 0
5 27 33 38 48 16 27 49 51 57 41 -24 -50 37 -55 35 -19 -10 0
38 -40 0
3 -59 -14 0
12 -31 13 -14 -52 16 22 26 31 34 0
18 -37 -15 18 36 42 28 -34 47 -20 0
27 -38 56 -17 -25 30 -47 -46 49 -50 -25 28 0
-2 1
-2 2
-2 3
12 -48 -48 29 0
6 9 9 34 15 -14 -27 48 -8 8 16 22 25 31 15 47 0
0
30 -3 -48 38 48 59 4 39 46 47 57 0
21 52 32 50 58 0
53 -33 -54 16 -28 -3 7 29 0
1 4 17 47 52 2 13 14 29 60 1 -36 -35 0
1 18 25 29 51 5 -19 -38 12 -6 -59 55 -9 -36 0
4 -49 -1 21 32 0
10 13 42 -1 29 -41 0
26 -36 -59 0
40 -51 0
52 -4 -42 29 47 59 5 -53 -27 32 -24 0
4 0
8 -35 -54 17 -6 -4 49 -2 16 19 23 41 53 0
59 0
15 -58 -27 24 -25 -21 15 0
46 -16 31 37 37 47 59 3 6 48 48 -59 0
10 -18 4 25 31 37 11 -33 5 13 25 34 44 0
8 25 35 42 0
-55 2
-56 3
