4 12 16 6 16 34 44 0
1 50 51 1 27 41 57 9 10 49 12 -22 0
23 -24 -8 0
51 -14 11 34 6 18 1 -51 0
36 42 45 40 49 -3 -53 0
28 -8 31 -31 -32 18 -54 0
17 -23 -40 9 12 19 23 35 -15 -30 20 40 57 0
0
53 -16 -3 6 6 54 0
56 -25 -56 55 -29 -50 0
14 -10 10 -18 14 41 50 -16 31 -29 0
3 35 36 48 0
5 22 31 47 3 20 37 43 0
58 -59 15 -53 -33 42 -13 4 6 18 36 48 -49 -5 0
55 -24 -49 0
47 51 8 14 19 29 26 -1 0
12 -27 -30 12 8 -55 -23 0
49 -46 -41 5 55 55 27 30 51 25 -29 16 21 33 43 49 0
2 -44 -18 36 -32 30 -56 34 -12 44 -18 -59 0
41 -48 -37 0
0
29 34 45 49 52 54 31 -16 -9 0
-6 1
-6 2
-6 3
-67 2
20 -27 -22 36 -5 -8 18 18 10 39 41 54 8 15 38 40 0
27 -47 2 16 25 54 -55 0
44 -58 0
13 -58 0
16 -45 -20 56 -14 45 -8 0
37 1 -22 -16 37 -17 -9 0
47 -31 14 14 25 0
44 -6 18 23 35 48 52 19 -1 -45 0
56 -45 30 38 41 48 55 13 24 45 24 -38 -13 1 21 46 0
7 -2 9 -6 -21 3 0
1 0
9 -39 9 52 0
47 58 28 -29 43 2 52 59 36 -18 -13 0
2 3 50 56 2 30 0
47 4 22 41 47 33 41 48 28 29 49 0
58 -8 -46 3 3 30 34 43 3 -4 -1 0
5 53 0
13 29 1 11 24 43 56 4 9 37 40 47 -47 0
51 0
10 12 24 45 9 -19 29 -57 -4 39 -39 -11 0
-53 2
-56 3
