53 16 19 25 27 49 0
22 -9 41 -10 35 39 0
30 -48 -51 10 28 60 0
27 33 42 58 20 -21 -5 0
28 36 43 49 43 -22 1 -53 -28 11 -25 -40 4 9 30 31 0
29 -49 0
9 13 19 52 3 -5 8 -48 58 -23 -54 51 -17 0
33 -23 -51 6 -29 -54 55 -23 33 44 13 -57 -3 0
9 18 42 42 55 -8 -4 13 26 39 0
3 10 46 50 -42 45 -43 0
51 -24 0
29 40 19 36 49 58 59 55 -41 -2 7 -26 -18 0
28 -44 5 -60 -51 24 -31 41 -53 0
16 17 2 -22 15 32 36 38 33 46 48 23 28 0
22 -18 33 57 1 0
1 -51 0
14 27 29 32 47 0
28 -41 0
50 -43 -9 23 53 60 19 -25 -6 0
24 31 -1 0
22 -6 47 -54 -45 9 -49 -19 0
58 17 -46 -9 14 24 30 33 52 17 -23 0
-11 1
-11 2
-11 3
-66 3
41 0
46 17 37 51 0
3 -49 0
4 9 10 23 55 1 18 54 21 -54 27 38 49 0
33 36 0
1 35 31 40 17 -59 23 36 55 -38 0
1 1 11 44 -18 59 -20 -12 0
49 57 51 -30 -41 45 -10 -44 31 -7 0
48 3 21 26 26 16 -47 11 -12 0
22 30 37 45 49 6 14 28 40 51 0
52 -6 -53 8 38 45 -54 23 40 46 48 58 2 -55 -40 0
37 32 -23 0
17 -49 -46 22 -29 -18 17 -9 0
18 30 53 30 -6 -24 8 33 41 47 0
7 -30 43 48 0
4 -27 -32 54 -19 14 18 19 38 54 57 24 27 27 33 0
28 33 23 -60 14 -35 -37 13 -1 0
26 -26 19 -50 13 -1 31 57 0
7 -9 -25 0
2 2 7 15 22 19 -9 -49 10 35 58 0
-11 2
-11 3
