0
53 -56 -11 0
30 43 46 7 28 39 42 52 49 -38 11 -29 0
18 21 28 38 47 8 53 -20 30 -32 -2 51 -11 -17 0
24 7 12 36 37 44 1 -41 0
10 -43 56 -22 44 -25 -39 0
0
22 28 57 -57 6 -28 30 46 46 55 57 0
27 -2 -47 0
9 -17 -57 13 19 24 56 0
31 35 51 7 -48 29 60 0
13 -32 8 -13 0
40 -45 -48 0
12 -15 -38 13 0
57 60 0
17 29 33 45 59 3 -13 22 26 45 6 36 -34 0
44 -12 -1 54 -24 -18 0
27 41 43 50 57 0
14 31 33 55 0
25 -53 0
1 46 51 59 44 60 0
28 4 36 50 0
-2 1
-2 2
-2 3
-68 3
-66 2
2 33 33 39 -53 -47 14 30 55 57 0
20 -26 0
29 -19 0
9 -53 25 -24 -9 25 -8 0
28 -11 37 58 39 -55 53 5 -45 -45 0
11 -52 -42 40 -22 -57 25 23 -7 0
42 -3 -5 7 29 0
34 38 0
11 11 15 19 50 14 34 39 -4 55 -39 -25 0
27 -45 8 14 15 44 33 -20 0
7 10 28 48 33 -18 -22 0
41 -14 -38 7 -10 -8 0
1 40 51 0
15 28 35 42 60 13 -29 0
1 -48 -3 0
21 -25 13 36 50 31 29 34 0
2 13 34 37 43 -39 -58 9 23 48 0
9 17 43 31 35 39 45 49 -31 -50 0
13 37 43 53 15 17 28 34 41 12 -49 52 -57 -4 0
38 -47 -19 3 18 27 41 52 0
-31 2
-31 3
