11 25 30 0
20 40 12 25 43 53 38 -44 -33 29 0
40 -52 -56 0
21 -30 -10 5 44 8 0
39 -26 1 -41 60 -27 -29 0
21 -38 -5 0
13 55 58 5 -16 -54 47 -40 -43 0
52 -21 3 30 41 47 -46 17 0
4 19 47 38 54 -9 27 0
24 45 52 11 -50 46 -54 -51 14 -60 0
50 -36 -9 24 -41 53 -57 -55 28 -37 0
35 -36 0
25 47 8 -9 -35 7 -22 0
29 -37 -11 5 34 38 46 50 17 25 56 0
1 11 51 53 57 1 -34 -15 49 -23 -32 4 18 51 0
20 23 30 44 26 -59 45 -2 -39 0
1 -38 36 -31 -38 0
35 -11 13 -18 -32 6 37 45 55 0
0
13 49 2 9 24 26 27 0
51 -17 -26 0
48 -55 21 -20 -9 3 0
-9 1
-9 2
-9 3
3 7 13 43 0
11 -43 -18 51 -16 -9 7 15 17 21 40 52 0
0
26 -18 -28 46 -19 -58 9 -36 -3 3 8 28 35 55 20 0
19 -7 45 -19 -30 39 -43 53 53 0
41 0
43 51 52 49 -53 -59 11 18 35 48 -35 11 54 0
39 -53 40 -50 -22 53 -14 6 48 60 6 0
34 40 46 47 49 17 21 34 42 57 30 -49 -25 0
6 16 16 16 0
6 26 44 19 34 60 0
1 39 48 37 -39 -11 0
0
0
11 19 22 0
12 15 43 60 56 -56 -44 0
5 20 32 46 10 10 10 47 60 38 -39 0
19 48 23 -35 0
21 -8 -10 0
10 -9 -60 27 -47 11 -48 10 13 15 47 0
-53 2
-50 3
