14 22 57 2 13 56 42 -21 -34 44 0
29 42 13 16 17 53 59 32 -41 -16 0
8 1 -11 -37 22 34 57 47 -14 -53 36 0
54 -43 13 24 3 4 25 7 18 56 10 -15 0
0
24 -23 -29 16 -34 -41 0
5 13 40 43 -14 -16 0
35 -7 -28 54 -31 45 -23 29 51 16 -41 -32 0
40 0
0
39 -39 29 -49 -28 3 19 44 50 50 -41 0
8 31 39 0
2 21 38 26 -17 0
45 -48 0
46 51 1 3 48 51 9 12 20 39 42 59 -5 -20 0
12 57 13 40 45 56 59 0
18 -11 -34 53 -40 7 39 49 41 54 -49 0
16 17 25 2 9 26 39 39 0
28 43 -16 23 59 0
56 -53 -43 49 -56 -26 4 60 -28 -51 0
33 -16 -25 8 14 36 59 0
5 50 0
-5 1
-5 2
-5 3
6 18 20 34 52 5 30 58 0
16 -23 -48 33 -9 16 -2 45 -55 0
56 50 -8 -51 0
39 45 0
8 18 21 43 33 -12 -48 47 54 0
35 50 53 9 55 1 13 28 54 0
15 20 37 15 -46 -59 0
3 14 30 58 11 -23 4 -46 -26 6 14 28 53 0
27 34 40 0
23 -43 -32 29 -57 -1 36 0
0
15 21 23 38 53 11 25 31 49 53 28 -11 -58 8 13 24 45 50 0
9 -46 0
35 -23 -46 39 -47 53 17 -30 -44 19 0
18 -11 14 -12 0
50 -5 -10 0
42 -7 -14 15 52 -23 -57 24 -32 0
32 -6 16 20 30 33 40 20 -1 -54 55 -9 -35 33 0
13 -44 -38 0
40 -16 32 -24 -31 0
-56 2
-56 3
