44 50 -1 0
17 18 43 44 51 0
34 -39 -56 45 -33 46 -34 -25 52 -46 0
5 8 11 18 27 19 33 38 48 41 -19 -41 10 -2 -1 2 -56 0
9 24 50 2 16 -35 -58 0
4 39 41 56 1 18 45 11 18 0
14 14 0
56 14 15 35 45 17 -10 -56 7 -35 27 28 43 0
20 22 51 17 -51 -25 0
13 39 50 54 59 16 38 22 -20 -60 0
37 -1 -7 0
46 -46 7 36 44 60 0
29 29 37 42 1 16 28 29 -33 10 13 36 0
0
8 20 38 57 57 18 42 0
0
0
39 52 54 58 59 60 -31 50 -38 0
27 44 47 49 8 22 44 0
46 -54 18 -51 -5 3 -10 -20 32 -3 33 -19 -40 0
35 42 49 60 60 16 56 -1 -48 5 9 19 19 36 -7 0
29 -41 -29 0
-5 1
-5 2
-5 3
-67 2
54 -13 -55 29 7 15 28 30 3 -31 -2 0
19 35 44 60 38 -27 0
0
54 -1 -35 21 -1 -10 0
6 59 57 -59 31 0
37 -3 47 -43 -41 4 21 9 -4 0
32 -45 -8 17 -58 59 -33 -28 0
4 23 55 11 -56 -22 10 11 14 56 0
46 -32 -27 7 23 53 59 19 -25 32 44 43 -60 0
58 -6 41 -53 -4 11 22 28 41 11 -49 0
25 -60 -18 1 11 36 0
20 47 0
45 -34 -50 20 -21 -43 24 33 47 55 0
3 -51 -54 2 -27 19 -22 51 -22 6 -48 0
12 13 17 54 54 1 -44 0
31 -51 6 30 39 56 0
34 -21 -12 0
57 1 32 0
54 -47 -9 0
18 0
-25 2
-25 3
