5 -18 10 15 24 30 53 0
45 -15 0
25 -7 -35 0
3 6 37 57 -40 10 47 54 60 4 9 38 39 0
11 55 8 -34 0
27 -29 -2 0
8 13 46 15 16 45 48 53 6 18 1 -53 0
6 -18 0
29 -42 3 10 31 40 0
59 -17 -21 7 0
22 25 27 47 52 0
39 -11 0
41 -53 -41 28 -57 25 0
47 -21 -22 55 -20 17 0
44 -50 -43 54 -29 16 -40 -13 0
60 -49 -34 0
0
52 60 -41 -18 22 43 43 48 1 12 18 26 0
29 -44 -30 55 -58 20 -16 0
20 28 0
8 -14 44 46 0
48 -51 0
-2 1
-2 2
-2 3
-67 2
15 32 50 4 6 20 60 14 -7 9 21 0
28 -42 31 -60 -28 0
7 8 15 27 38 30 55 60 0
2 30 42 48 49 42 -21 -55 36 -52 13 -11 37 0
21 23 23 25 35 23 -6 -4 12 15 19 23 59 0
14 34 49 37 -40 -49 11 54 58 36 -53 -4 10 -11 0
43 -55 1 5 31 52 57 5 6 6 26 33 2 -57 -7 11 15 26 46 50 0
47 0
14 -3 0
48 -57 47 -57 54 -46 9 -50 -45 8 52 0
18 39 -38 0
14 18 30 36 39 7 8 35 40 46 56 -46 5 -19 31 38 47 50 60 0
0
21 -48 27 -18 -24 28 -11 0
12 14 22 30 49 22 -22 -6 10 -35 -3 18 -15 -1 0
27 -11 34 -24 39 47 48 53 57 0
9 41 53 4 23 42 0
9 35 1 32 41 52 0
0
37 22 36 36 -3 -30 0
-48 2
-48 3
