8 21 29 38 45 0
29 43 13 -41 0
0
16 19 -39 -58 42 0
22 28 31 36 40 11 -19 -17 2 15 -39 0
2 11 35 6 -59 -3 0
0
2 -36 1 8 41 6 23 28 0
23 -32 -4 9 10 11 15 19 58 -24 -30 0
11 -13 -13 11 -10 -30 0
1 -34 -42 24 -37 -21 56 -2 0
1 12 47 55 49 0
0
2 25 44 48 2 -4 0
35 -31 -12 7 15 18 30 50 -26 40 -24 -14 0
8 52 3 -59 -20 32 -45 -52 0
39 -27 11 -14 0
9 35 -24 0
3 8 18 29 0
57 -4 -16 4 6 38 0
52 -4 0
21 30 33 60 4 36 39 52 60 0
-4 1
-4 2
-4 3
13 -23 4 6 13 33 46 48 42 0
3 12 19 43 57 15 0
51 -13 -59 0
41 -47 46 -44 39 -4 57 0
24 30 34 36 59 0
59 20 -6 24 0
10 0
34 -38 -55 0
19 -50 44 -26 -47 0
1 -53 8 14 22 33 49 39 -48 -15 8 -14 -56 4 0
24 57 -16 1 -18 49 -48 0
9 -45 56 -46 4 -54 -34 2 3 0
29 45 -40 4 8 55 0
40 -10 -52 52 -18 0
2 -32 14 -27 35 51 -26 0
4 12 28 6 8 39 49 48 0
12 42 44 54 58 39 52 0
45 54 29 -14 13 -49 -6 4 -25 0
25 32 46 50 58 50 -17 -36 22 23 42 51 59 58 -11 -9 0
0
-4 2
-4 3
