9 -43 -58 0
42 -55 -52 0
27 -35 -59 10 19 34 38 58 43 46 50 9 -49 38 -31 0
36 -3 18 -4 4 -12 57 -42 6 19 25 32 0
5 20 -16 -56 5 22 39 59 47 -54 12 -23 -23 0
17 56 13 19 48 36 -5 0
16 27 41 47 55 0
7 -33 0
48 -6 1 18 58 0
24 50 60 0
21 -37 29 -7 -39 0
1 14 16 20 27 60 -16 43 54 23 -55 0
19 37 52 58 27 -44 -2 0
14 16 28 38 48 52 -14 9 20 50 54 28 45 49 52 54 0
45 -30 0
0
1 -33 -11 4 13 15 20 27 55 -21 8 -49 -29 47 -2 -41 0
50 -22 -39 0
17 46 48 53 59 0
0
13 59 -42 -20 32 -44 0
22 -37 -18 0
-2 1
-2 2
-2 3
-69 2
25 -29 -3 4 -7 4 5 8 38 52 0
32 -17 46 -47 -51 43 -34 7 -14 -21 46 -54 0
20 -5 0
10 36 37 51 0
50 56 -58 0
3 18 22 17 -44 -31 0
48 -35 0
8 42 4 -16 -30 0
1 5 14 31 -19 -50 9 13 51 -37 0
49 -36 -19 22 -30 -46 24 26 39 41 15 -31 0
10 -13 59 -31 -44 28 -52 55 -21 -50 0
13 -9 -41 3 26 34 37 42 14 26 48 56 30 35 37 56 0
4 9 0
36 50 -26 6 -4 0
17 22 24 26 49 13 15 -5 36 48 55 43 -45 0
24 -58 3 24 33 34 49 10 12 18 26 56 4 32 43 45 0
38 -7 8 -15 44 -10 40 -24 -13 27 -39 -13 0
55 -40 43 -12 -13 38 -48 0
6 31 45 47 54 27 0
32 -44 0
-2 2
-2 3
