60 -5 -34 7 -26 0
34 -59 13 27 47 47 59 11 -11 21 39 42 58 0
51 -36 -43 13 -60 11 12 36 39 0
3 31 -25 -52 0
60 -28 -4 3 0
38 -12 -15 4 0
29 -59 35 -59 9 -44 51 -10 -29 36 -33 0
23 25 0
41 -12 0
24 -43 4 -60 -38 39 -46 19 20 24 16 27 49 0
56 -49 0
29 55 -60 -42 13 -41 -19 37 53 7 25 41 54 56 0
11 26 37 41 0
0
20 22 8 1 -47 53 1 48 51 0
10 15 22 59 52 -52 21 22 25 32 37 20 -59 -18 0
21 31 41 0
38 -38 -51 0
0
48 -47 48 -6 9 40 0
16 26 48 53 56 34 -48 26 -60 -41 0
0
-2 1
-2 2
-2 3
-66 2
44 19 -38 -18 58 -33 -21 58 -8 -16 1 4 31 0
3 13 41 57 26 -5 49 0
0
43 -1 -2 28 0
0
0
14 -40 31 32 36 43 29 35 40 40 0
41 54 14 37 49 51 0
40 58 57 -7 41 -3 -15 24 -56 -39 52 -39 0
20 32 -4 0
11 29 38 46 54 52 -22 -22 59 -2 -34 0
0
26 -37 -41 0
50 -43 -25 1 22 30 55 -59 0
50 -48 18 -14 -20 43 51 56 0
50 58 50 21 -30 0
12 -49 -59 16 26 53 4 8 28 35 50 0
13 -59 27 -41 53 -50 -43 4 -45 -36 9 28 48 53 60 0
21 -54 -24 19 24 40 0
54 -55 -28 3 30 31 44 45 27 36 37 41 42 4 10 0
-2 2
-2 3
