0
21 -59 0
8 34 42 44 0
16 -44 -9 29 -38 -43 46 -25 0
34 -1 -15 6 14 30 52 55 35 -9 -6 0
13 0
29 -14 51 54 57 0
46 -54 -38 5 31 40 0
43 43 53 0
30 -41 44 -25 60 8 -51 -35 0
21 -27 -12 26 16 -47 11 -17 -31 16 25 0
36 -13 -42 6 42 45 56 1 18 30 -58 -13 0
18 52 31 -5 17 -55 -28 0
48 -55 9 29 40 28 37 40 49 53 0
0
58 0
52 57 49 13 32 41 54 60 0
20 -35 -10 50 -57 3 6 0
34 -24 -19 5 27 32 40 43 -13 0
51 -34 -46 0
41 -50 -15 18 -42 0
5 29 35 29 -30 -43 0
-2 1
-2 2
-2 3
-66 2
42 -42 -4 49 0
10 -17 20 -56 23 -27 -43 0
0
23 -8 0
2 51 35 -38 -60 48 -1 -23 28 43 51 58 59 13 -35 -44 0
30 41 52 -39 33 -8 5 12 48 52 55 0
32 -58 23 -49 -38 59 -20 -2 0
10 34 53 33 -27 56 -17 -17 0
28 49 0
28 -51 19 -14 39 -32 0
4 8 19 58 40 57 17 -8 0
18 -45 15 -23 -11 5 29 30 36 41 21 26 19 51 0
13 -39 -6 60 -55 54 -18 52 -35 29 -9 -59 0
26 -18 -35 6 -52 32 -6 0
13 -51 1 29 32 37 59 19 21 26 36 37 0
5 35 44 52 54 20 31 52 8 -57 -23 0
52 -11 -16 54 -11 54 -6 0
32 54 10 26 -24 -39 11 43 50 60 4 -45 0
1 -43 -44 16 39 0
32 -48 0
-6 2
-6 3
