24 55 55 23 26 30 58 60 14 24 51 55 -5 0
21 27 55 17 19 30 38 45 -14 0
13 19 28 39 39 -44 31 -28 -15 22 0
14 -58 -31 14 -47 -34 7 -56 -59 0
31 -43 26 -30 9 13 18 44 47 56 -56 -32 42 -26 -51 0
38 -22 18 -21 54 -18 0
18 -30 0
15 43 50 58 59 40 -6 -5 10 12 19 21 45 0
9 0
23 0
57 -11 8 8 25 -52 0
16 32 36 50 19 5 24 6 19 23 23 13 -30 0
20 -59 9 13 40 52 7 -17 15 16 25 33 37 0
10 36 43 53 59 1 23 59 23 -10 1 24 0
14 21 22 24 1 4 12 52 53 21 -22 -52 48 0
0
6 11 17 49 40 -26 -16 28 -4 -2 47 -50 0
9 -44 -8 43 -56 -46 0
43 5 -13 23 33 36 51 51 0
19 27 30 33 37 36 40 41 43 56 0
44 -43 2 -52 -58 25 46 0
2 6 21 32 32 -23 -52 44 -3 -11 0
-2 1
-2 2
-2 3
49 -23 23 34 0
45 -8 -35 17 27 51 57 0
53 -40 52 -40 29 0
23 -27 32 -21 21 -10 -53 0
44 -60 -17 3 15 21 31 60 0
47 -53 1 4 21 41 0
8 10 60 40 -22 -37 0
7 51 6 9 34 45 46 35 -26 -30 57 -36 0
32 -36 0
34 5 -25 -28 6 32 50 57 13 31 41 51 0
52 23 -24 -41 47 -33 0
5 -8 44 -47 0
26 -21 -1 0
29 0
4 7 31 41 56 48 7 8 19 20 26 11 60 18 -47 0
13 13 51 52 5 11 17 31 55 33 -39 47 -13 -24 0
1 26 26 51 0
0
18 41 6 25 35 59 0
37 -3 -19 59 -30 49 -3 0
-56 2
-54 3
