14 -52 -57 0
9 -60 -42 59 -36 9 30 47 55 58 0
23 54 50 -35 -40 14 -31 -51 34 -15 0
0
13 -49 21 36 40 51 0
1 31 49 0
25 -46 -20 11 -50 23 34 -45 0
45 -41 44 52 47 0
17 -37 21 -6 0
57 -12 -49 0
19 -6 -30 0
15 -11 -41 1 10 22 51 5 -43 -33 54 -17 0
23 -23 0
32 -12 9 13 21 25 0
45 -46 -53 35 -52 -52 3 37 54 57 0
27 -11 -10 4 -55 40 -54 6 -32 -40 26 -33 -33 0
30 -46 28 -26 -33 37 40 43 54 57 0
12 -28 53 -41 -24 50 -46 -28 54 -58 -34 0
51 -34 0
4 46 48 56 30 31 55 34 -40 0
25 36 14 19 27 49 0
16 17 42 0
-2 1
-2 2
-2 3
-68 3
18 -2 32 -29 8 37 40 46 50 55 -57 14 -24 -6 0
15 22 26 26 38 -34 24 -43 -48 42 -31 -1 6 24 40 0
26 0
17 -16 -60 0
2 3 11 30 54 22 -57 0
0
3 7 21 45 51 1 -43 29 0
21 22 34 38 51 24 -35 -24 54 -16 0
8 46 47 57 14 16 0
18 -36 -27 29 34 57 0
24 -20 -51 32 -35 0
14 2 -55 -27 3 -8 -59 9 -4 -13 33 0
24 -6 6 50 55 -55 0
12 16 36 39 44 46 0
54 55 3 17 43 25 -27 37 39 41 50 0
1 -51 -28 13 -35 11 -17 0
7 47 51 52 55 0
29 -35 10 13 0
14 -15 -2 36 9 13 9 22 26 31 49 22 -31 0
39 -29 -19 46 -5 0
-50 2
-50 3
