60 -6 5 -38 -28 41 -28 -4 0
29 43 49 -51 11 -53 0
18 36 59 28 -42 -10 0
31 33 5 51 57 0
5 20 44 60 34 -12 23 -38 0
7 12 41 50 3 1 -57 26 -9 -30 24 27 35 51 55 0
12 55 0
11 23 28 29 57 1 14 19 34 -7 -5 1 -9 -46 44 -44 0
54 -9 -59 17 32 0
35 -37 43 -2 -26 47 -58 17 -57 -52 7 -49 -23 0
50 -17 -11 55 -56 9 -5 0
36 39 55 -18 -53 59 -15 33 -2 19 -23 0
27 -13 15 32 39 44 0
30 58 33 -45 -44 31 -42 3 33 38 56 59 0
43 -14 -17 60 -16 0
37 -29 -20 11 23 28 45 50 19 28 58 0
20 30 41 44 50 54 0
60 -57 -34 0
18 16 43 52 0
36 45 32 42 6 -6 -24 0
0
14 21 23 39 51 53 -33 -35 0
-2 1
-2 2
-2 3
32 -4 -22 0
26 49 -36 45 -57 -41 0
38 -53 -59 3 21 35 37 42 0
59 -37 -23 54 -27 -24 10 -60 -8 28 0
14 44 38 0
40 -42 20 -9 0
51 -17 34 -48 0
18 -56 10 21 52 0
53 0
28 60 5 -39 4 15 58 24 -1 -49 23 -39 -49 0
5 -38 57 -31 -12 13 16 18 32 59 12 47 56 1 16 33 47 50 0
58 -11 -44 31 -45 -22 13 36 42 46 49 0
46 -32 -41 44 45 3 -40 0
36 41 50 0
9 -47 -48 40 -30 -14 16 -51 0
52 -9 -22 0
27 8 -6 40 54 0
12 14 26 0
27 -28 -33 31 -48 22 -23 -9 0
1 -30 -50 0
-2 2
-2 3
