7 0
25 47 -56 0
45 -53 10 -53 38 -28 59 -46 -12 0
25 -54 12 37 57 0
4 -8 -34 0
50 -37 17 20 48 9 18 47 50 54 19 -10 -52 45 -49 0
45 -49 -58 30 47 1 39 0
15 20 21 30 26 -34 0
6 -40 0
57 -34 -18 9 18 50 58 2 29 31 0
9 -48 14 17 29 25 51 37 -11 -57 37 -55 -36 0
2 -3 -56 11 -1 -36 11 15 42 45 47 0
55 -53 11 -25 -19 0
59 -25 49 -48 13 -45 0
0
38 -22 -35 0
9 -30 -59 43 -16 -35 19 -1 60 -13 -42 1 -25 -30 0
15 52 -54 -9 40 -41 29 31 34 -48 0
59 1 38 51 58 44 -10 -47 0
16 -43 3 -20 6 25 37 13 -57 0
18 -5 -22 0
11 -54 1 4 51 51 58 -17 59 -59 24 -43 -21 0
-49 1
-48 2
-50 3
-66 3
1 -11 -23 3 -57 0
23 -32 -5 0
15 -45 0
33 -51 -10 30 0
22 -32 21 -11 48 -8 -40 32 -47 0
17 -52 25 -6 -49 0
3 -55 0
42 -24 -36 43 50 34 -3 20 -29 8 0
38 -44 29 47 -36 1 60 0
3 -53 -47 12 -13 0
8 -5 -43 0
5 17 50 51 17 17 39 13 -25 -3 3 7 49 0
13 27 54 4 27 34 42 24 -27 -26 39 -45 0
0
31 -8 48 58 0
7 -57 -51 33 -34 0
57 43 -31 10 32 34 38 3 35 44 54 27 38 56 0
0
34 -18 5 -29 40 -6 -20 0
51 -3 -25 7 -11 0
-51 2
-47 3
