17 58 52 -46 0
29 -45 12 -47 23 -17 -16 0
18 -47 -4 38 -59 -20 17 -40 0
30 4 10 33 25 32 41 0
44 -60 21 -30 -5 5 13 44 0
48 -4 1 1 8 1 21 21 21 33 51 43 -6 -20 0
2 -52 -25 20 27 46 49 0
22 -39 13 -43 44 0
17 48 -59 5 19 42 59 21 59 0
6 12 34 35 54 2 -32 0
5 -19 -34 59 -21 -54 43 -41 57 -42 -8 20 31 37 0
25 -27 34 -34 34 -10 -48 54 -50 0
35 17 18 26 31 52 27 52 53 54 -55 0
9 -26 10 0
22 0
7 -17 -20 43 -44 0
22 -2 -24 0
9 25 39 49 0
30 0
17 29 50 60 9 11 0
36 -48 35 -16 39 -4 -53 28 -30 -37 0
34 -7 -13 2 10 20 0
-2 1
-2 2
-2 3
-67 2
0
8 8 43 22 42 49 56 -35 -12 29 -4 40 -50 0
2 53 8 -38 -40 1 8 13 12 49 0
58 -30 0
21 -2 -51 0
6 15 12 17 57 60 39 43 45 54 56 0
7 -27 14 -36 -20 39 -42 59 -20 0
12 40 41 7 34 36 39 0
21 -1 -57 56 -32 -55 1 4 30 31 0
17 -39 -23 30 -17 14 -8 0
47 -55 0
36 -28 -58 16 17 20 48 0
2 -11 59 -12 38 47 16 -60 -26 34 -23 0
8 27 31 52 31 -7 -30 23 30 30 52 0
55 -5 -29 0
46 -40 18 -58 -39 24 -18 -32 7 44 45 0
50 -53 -55 14 9 -22 -18 0
37 -10 45 -38 -4 0
7 15 42 57 40 -37 7 16 41 52 0
19 -32 0
-2 2
-2 3
