41 -47 23 -7 -34 23 -58 -47 0
7 28 29 45 46 34 -37 42 -40 -4 0
54 0
16 31 0
51 -38 45 -13 0
21 30 49 35 -5 -52 16 31 43 45 58 43 -56 -45 0
36 -42 4 -9 -52 7 14 24 18 -35 0
15 -37 60 -39 0
17 -6 -40 2 20 48 23 -58 -38 25 -11 6 40 41 46 0
39 41 13 21 27 3 37 59 0
11 56 -58 0
8 12 17 18 33 8 -9 41 42 53 1 22 26 35 50 0
35 -33 3 31 38 0
0
50 -42 23 0
33 -13 -1 0
1 44 53 46 -41 -40 0
4 19 35 57 58 4 23 45 -7 -5 0
11 0
0
6 -59 0
17 -56 3 -55 -59 50 -39 4 -59 -29 0
-4 1
-4 2
-4 3
39 -20 6 23 0
6 35 53 59 1 18 20 47 0
35 -3 -39 22 -23 0
19 -41 -46 0
19 -8 -42 39 -53 26 0
4 -41 -37 26 30 59 0
0
27 -59 50 -37 0
13 -15 9 28 29 50 58 3 -19 -18 0
41 -10 -18 23 -47 12 28 47 57 0
30 -26 -32 0
22 -54 -55 39 -3 -51 18 -40 -43 55 -57 17 0
0
38 -33 25 -10 -17 32 -8 -15 0
3 23 39 56 22 28 33 0
29 -52 19 -31 -2 6 18 29 42 0
6 2 5 34 0
2 6 11 19 43 0
20 42 43 60 15 17 34 53 58 32 -29 -3 19 50 32 -56 -49 0
50 -48 0
-9 2
-9 3
