22 24 40 48 60 4 -21 32 -52 6 -35 -21 0
2 23 32 10 -43 24 -18 33 -14 0
2 14 28 57 0
2 -42 0
36 -51 -20 24 -8 6 30 -51 0
26 -29 55 -18 14 14 0
0
32 -3 -31 46 -22 -59 28 -21 -58 49 -35 -57 0
48 24 -46 -38 6 6 29 37 43 0
38 -25 35 4 -51 31 43 43 0
5 6 7 29 51 32 -47 56 -33 5 22 22 56 38 -26 0
15 32 50 60 0
30 43 9 -5 -55 51 -57 -17 11 20 21 25 0
53 -10 0
0
9 44 0
3 19 33 54 14 29 42 43 58 30 36 37 0
1 3 34 -46 12 -14 -48 2 53 7 11 24 30 50 0
20 29 50 52 0
29 -27 0
0
5 44 16 -28 -52 3 -2 -60 7 7 21 41 49 0
-7 1
-7 2
-7 3
41 -8 0
24 -12 0
0
31 52 38 -37 24 44 -59 -54 55 -56 -18 0
21 24 57 58 3 -31 5 6 7 58 59 0
23 -26 -43 33 -2 47 55 58 -48 -58 16 38 47 55 0
19 23 24 30 0
51 59 0
20 43 46 48 49 51 -6 5 33 0
38 -52 -2 0
52 55 0
9 21 10 -22 21 -20 4 6 19 21 53 15 -44 -40 0
49 50 29 -26 36 -59 0
42 -49 -25 58 -21 26 -50 0
11 -48 -42 2 2 44 19 -46 -60 38 -14 -44 0
8 11 13 31 57 4 31 42 47 48 1 16 17 24 54 14 15 32 0
57 -9 -51 0
17 24 35 37 41 22 -42 -13 0
17 -51 5 26 32 59 0
55 -9 29 47 0
-17 2
-17 3
