36 -49 3 21 52 30 -5 53 -55 0
13 -20 33 -60 -50 0
16 -17 -40 13 -5 -3 15 15 19 37 0
7 11 15 54 58 18 18 28 30 48 0
12 36 54 1 7 60 0
36 -46 8 16 22 54 59 55 -5 -5 0
0
56 -48 -39 2 3 4 21 22 37 39 55 1 21 40 58 0
9 37 0
59 -53 50 -50 -52 0
40 20 -39 -58 0
3 18 20 36 -46 -41 0
36 -28 44 -27 8 -32 15 -10 0
20 -38 -15 17 27 16 39 55 60 0
4 13 54 0
48 5 -58 25 26 0
2 17 22 27 59 0
29 -57 3 13 13 31 38 5 20 22 45 0
2 -4 -56 27 54 -51 34 -45 -25 27 38 0
21 35 38 6 47 29 -35 -57 8 9 16 28 54 0
6 22 44 47 56 18 -39 -20 0
23 -60 9 -38 0
-23 1
-23 2
-23 3
-68 3
-68 2
29 -39 56 20 -44 18 -25 41 -5 -40 0
57 -8 -16 0
24 -17 -57 35 50 0
26 -57 -29 5 22 32 44 49 10 -57 0
50 33 44 47 39 -23 -4 29 -46 -58 2 4 30 0
46 -3 -12 0
51 -48 10 -45 -15 1 -9 -19 0
42 -44 8 10 14 40 40 51 -60 23 11 -27 0
25 4 36 46 57 -46 9 20 23 32 34 0
30 -40 -27 23 -10 17 -59 0
40 47 -4 -51 27 54 55 51 -10 0
23 -16 -31 32 -12 -44 42 6 8 0
4 17 25 40 50 57 -52 -38 0
31 -18 0
20 21 22 34 40 59 2 8 19 51 59 0
13 43 43 51 54 38 -28 51 -4 -51 3 24 16 35 40 49 0
23 36 37 41 59 0
3 8 54 7 13 18 19 35 36 -32 14 56 -13 0
26 -12 -7 32 -22 -20 46 47 0
7 -6 0
-47 2
-47 3
