4 25 30 33 33 -55 0
20 15 -7 -28 56 -49 -45 0
55 -7 0
59 -36 35 36 35 42 52 36 0
59 -8 29 -2 51 -47 -39 0
25 -48 6 10 27 47 0
22 -9 -49 50 -19 0
27 -50 -31 0
39 45 0
5 11 49 11 20 53 57 6 8 12 13 25 56 -6 -2 4 22 30 44 47 0
39 58 40 35 38 48 -8 9 24 26 36 45 0
6 10 13 32 1 25 37 45 60 3 -1 -53 44 -9 0
34 -38 -13 34 1 11 26 32 49 38 -21 -50 0
19 -52 -19 45 -54 19 -58 39 -33 0
53 -19 -1 18 2 22 25 28 52 0
20 -42 -30 16 30 40 4 29 32 36 52 0
40 37 53 53 -42 -15 40 -12 -51 0
5 -52 16 -40 -49 0
6 -6 -24 22 0
2 27 59 12 -14 49 -45 -8 0
22 33 38 45 55 0
6 -26 0
-49 1
-50 2
-51 3
-69 3
21 28 35 37 56 49 0
29 36 36 -18 0
8 17 42 46 59 11 -48 48 -56 -17 0
50 -2 -36 14 -47 -31 0
6 8 10 13 51 0
23 23 37 53 0
2 4 8 43 54 3 12 15 48 31 -40 -34 7 -13 -52 36 -11 -23 0
2 14 31 52 1 -46 8 27 44 52 13 46 52 53 9 -39 -27 0
60 -45 60 -56 15 -39 -55 0
7 52 58 24 -30 0
55 0
19 24 25 38 46 10 23 59 -22 4 41 18 23 28 0
4 18 35 35 49 45 -4 -56 1 -42 -11 0
57 49 -24 -15 11 12 44 46 3 11 31 51 56 53 -26 -18 0
3 -50 5 -58 31 -27 -24 0
8 -43 -26 37 -39 -23 28 -26 -2 14 -6 -14 0
20 -49 0
17 20 51 54 54 5 6 18 0
2 -56 -57 0
32 0
-49 2
-48 3
