37 -24 -20 38 34 -14 -6 0
14 20 31 51 3 48 49 58 55 0
50 -36 4 13 29 46 20 -27 -37 0
10 37 0
44 -54 -14 57 0
16 -15 -26 0
50 -28 3 22 26 38 43 40 56 0
2 0
49 -31 10 12 20 50 54 0
26 -29 29 -55 -46 39 55 4 -27 -39 0
19 -48 24 0
10 -44 43 -26 36 -21 0
8 -60 -51 0
0
8 -23 0
2 -15 22 45 47 54 57 0
39 -41 -48 9 -36 -48 7 -11 34 36 0
44 -48 -55 0
41 -4 -46 0
9 27 50 52 0
33 50 51 52 60 0
42 -37 11 36 6 22 34 41 41 0
-2 1
-2 2
-2 3
37 -27 23 -27 -16 0
41 -49 0
24 23 24 56 0
10 18 26 28 33 41 -39 4 -33 -3 14 0
5 13 20 36 10 10 50 51 1 9 21 55 0
53 21 32 0
31 57 0
33 -15 17 -39 -36 7 0
36 -2 -9 0
3 14 19 20 28 44 7 -15 19 48 0
43 -5 -18 10 14 46 54 39 -8 -38 49 -6 28 36 39 50 0
40 -26 -23 33 44 49 56 60 57 -9 7 34 54 0
17 -3 -14 29 29 42 31 -32 0
11 15 24 27 31 57 0
16 26 50 59 59 18 37 11 27 35 54 0
16 18 26 39 3 -19 -9 0
32 49 0
56 -26 52 -51 8 -57 -15 2 -14 -41 0
58 -60 -52 3 -52 -9 35 -11 -7 19 -28 0
55 -21 31 0
-24 2
-24 3
