40 -40 -19 15 -51 -14 49 -60 11 -37 -54 34 0
11 55 42 -54 -34 0
59 -11 -20 28 -41 -51 49 -44 -6 42 46 52 5 -54 -20 0
49 -14 -1 21 25 50 42 -10 14 15 0
33 -45 -9 0
9 37 5 57 31 -45 12 13 36 41 49 7 21 0
45 -2 8 56 59 55 -7 -53 0
3 8 49 52 53 1 39 60 7 16 19 28 60 59 -42 59 -35 -41 0
8 8 22 26 39 16 33 40 46 51 0
26 -32 -49 28 -4 -30 9 -51 4 -4 -43 0
7 -27 -40 54 -28 -49 10 34 36 40 19 32 42 59 25 -9 -60 0
38 -56 -30 41 -11 -4 22 57 19 -47 -11 14 -51 -55 0
32 34 46 56 1 1 30 35 12 31 47 55 58 42 -55 -15 15 -21 -50 0
33 36 37 29 57 -53 36 -20 31 -45 -55 0
34 -15 -16 35 47 49 49 24 -60 -58 24 -30 0
0
3 -5 56 -20 -27 7 -47 0
56 -60 25 0
9 -57 -58 0
8 0
50 -15 0
24 -4 13 14 15 15 42 8 15 17 32 55 10 42 0
-2 1
-2 2
-2 3
-66 2
45 -1 -54 18 21 20 42 48 0
12 -58 -4 23 43 54 -48 -41 0
19 58 0
15 -56 24 -20 -17 24 31 48 7 12 23 0
45 -44 7 -33 -10 24 -45 0
2 16 39 49 55 0
20 -47 -16 5 -25 -1 45 51 33 -48 -24 0
31 37 50 55 -35 -43 0
14 -43 -56 19 41 57 9 40 56 36 -30 -6 5 -43 -51 0
10 52 -54 37 -14 -48 6 -17 0
10 -49 -49 20 29 29 58 0
29 0
7 -41 -41 53 -35 0
31 32 42 -9 0
3 -35 -27 2 6 21 42 58 20 31 42 56 0
55 -59 33 -24 -31 0
37 -30 11 -39 13 13 18 20 19 41 0
1 54 60 -55 48 -1 0
58 -2 29 41 49 53 0
6 -51 -21 33 -31 -23 16 20 35 45 49 0
-26 2
-26 3
