15 25 40 44 49 56 11 0
28 -3 -19 27 0
16 -32 -5 0
10 16 45 5 -19 0
19 -7 50 0
15 35 44 58 17 0
44 -38 -26 0
22 -22 -60 45 55 5 0
16 -2 -18 50 -58 -45 0
0
4 -8 9 46 15 -22 -26 53 -30 0
6 10 19 36 0
22 25 29 39 52 26 30 21 -2 0
9 48 30 51 12 -2 -59 33 16 24 36 55 0
19 13 48 60 8 17 32 60 60 0
0
6 -48 0
48 -26 -11 14 0
40 -20 0
14 -49 -7 0
5 16 46 6 24 42 57 59 0
56 -30 3 22 51 54 0
-2 1
-2 2
-2 3
6 -16 7 40 59 0
50 -7 0
3 10 33 40 37 -41 -37 29 58 0
1 12 15 38 51 1 0
55 -52 -46 0
6 9 22 29 34 45 -20 55 -1 -29 0
60 -41 5 -8 6 7 32 40 60 52 -15 0
11 -15 6 35 41 0
51 -50 31 -21 37 -56 15 36 42 44 0
33 -31 7 -32 21 51 57 12 26 37 41 42 16 -26 -4 0
22 43 27 -38 29 33 38 43 0
37 -34 0
2 -4 -59 41 53 0
3 16 0
28 -32 -3 56 -30 11 16 19 29 33 10 -37 -49 0
41 -1 -12 10 -31 6 -20 -38 0
10 -53 13 23 47 26 -24 0
20 -33 -18 50 -40 53 2 -44 0
29 -44 -41 24 26 52 52 54 4 14 0
2 -1 -48 0
-51 2
-48 3
