36 -13 -24 0
18 -7 -38 0
6 -1 0
18 -31 -52 24 -21 -49 8 23 41 59 60 16 23 57 59 60 33 -50 0
24 39 -8 10 -10 0
38 -38 -55 7 -52 36 0
11 42 -15 -12 39 -45 50 -20 0
0
2 5 28 34 38 -3 3 8 19 49 58 57 -44 0
28 -8 -56 0
47 -39 -40 6 7 14 37 59 3 -3 -24 0
42 -19 15 54 -22 -31 0
26 39 0
16 21 -35 -60 0
7 17 25 28 54 5 9 28 40 41 33 -14 0
8 24 28 29 55 0
31 -36 -29 43 -54 -19 0
31 -53 -55 23 -40 -8 52 -10 -48 0
0
21 -41 -50 33 -30 9 18 19 46 53 26 42 48 51 0
3 46 52 19 -1 8 0
57 -49 -23 36 -3 -40 3 43 19 -46 0
-2 1
-2 2
-2 3
24 -13 48 -21 35 -11 -45 26 -38 0
5 -10 0
0
10 12 17 32 38 35 -12 0
3 9 54 13 -39 52 0
41 37 -50 -33 2 28 50 60 -34 0
19 30 0
4 -10 -3 46 -2 -35 18 37 42 14 -13 0
27 -21 20 -10 0
2 4 51 5 18 24 54 60 2 50 60 1 55 58 14 24 42 51 52 0
10 31 12 -19 26 0
23 -9 -28 15 -51 -22 10 -59 -50 4 -21 29 0
20 43 52 4 38 56 0
25 -14 -41 0
33 -2 46 -19 6 8 15 41 58 12 -23 -59 28 -33 0
10 -13 -10 13 -23 24 34 44 54 2 -19 -14 0
48 -42 -53 0
12 -35 0
6 18 19 23 55 20 -30 0
52 -53 4 48 32 -53 5 39 41 53 0
-50 2
-55 3
