23 -45 -23 53 -21 9 -45 -44 0
44 57 2 -51 -10 2 3 0
48 -7 -53 29 0
1 13 16 25 48 44 -13 0
60 0
6 35 50 43 -31 -7 19 44 55 60 0
6 20 37 47 40 -14 0
18 -13 14 56 14 19 21 22 43 50 -48 -9 11 25 40 51 55 0
11 25 49 7 18 -36 9 19 27 43 0
9 -21 -26 0
55 2 7 49 0
39 49 50 -42 -25 0
3 -7 0
19 -41 -21 10 -13 -44 11 48 -5 49 58 0
59 -27 -49 16 -15 33 27 56 0
5 22 44 49 43 -27 -15 4 -9 57 -10 0
4 27 38 24 -28 42 0
18 -29 4 7 27 31 59 1 60 0
44 -19 -10 30 0
27 0
51 -48 7 50 50 51 10 17 49 57 0
19 23 36 49 30 -4 -39 14 -58 59 -56 43 0
-7 1
-7 2
-7 3
10 -42 -5 0
20 44 44 49 0
60 -17 -46 40 0
51 -59 -6 3 31 46 0
41 -25 27 -45 -42 7 -25 26 -25 0
11 5 14 18 33 0
20 38 42 0
28 -17 -49 26 9 -44 -23 14 40 54 0
17 26 44 3 9 6 -13 0
7 -3 -54 21 -1 15 35 40 50 55 15 30 40 0
6 -13 0
26 -17 -25 45 57 0
1 -55 11 -7 7 17 50 0
36 -35 46 -50 0
54 -29 8 -23 -31 50 53 48 -58 0
15 20 51 0
25 -49 1 -28 0
8 -18 -40 38 -24 23 32 38 43 48 20 24 29 31 36 0
39 59 47 -41 0
58 -52 -10 44 -23 -9 21 -5 -28 0
-11 2
-11 3
