59 -48 -28 0
12 46 57 32 -35 0
51 -24 -23 0
12 -56 50 -39 -6 0
1 6 32 38 0
20 -25 30 0
16 34 53 31 38 57 10 -36 0
55 -50 -11 32 -57 -26 0
44 -4 37 39 50 44 -17 0
21 0
22 -9 -59 11 38 56 56 25 26 28 53 38 -47 -17 0
1 30 33 59 60 8 27 40 0
45 -4 50 -32 42 -34 -55 0
0
1 -23 0
7 16 48 0
9 33 39 43 44 29 -44 0
17 20 45 48 54 0
26 43 0
29 -21 -32 0
17 -36 18 33 35 40 0
10 40 0
-2 1
-2 2
-2 3
35 38 55 41 54 58 5 0
3 33 45 45 56 32 -32 2 -48 0
9 -54 29 32 16 -35 -16 14 57 0
52 -32 2 30 52 0
43 -37 -18 29 -32 -11 0
33 -17 -32 0
9 51 12 -17 -6 35 52 -26 -46 0
39 -32 55 -33 -47 0
26 -34 -36 10 11 23 58 49 -36 28 -34 0
15 24 42 59 -34 26 35 44 29 -45 0
8 -5 -21 41 -26 -14 29 -1 -60 40 0
17 21 37 43 36 44 60 0
2 25 29 43 53 4 39 55 0
20 45 34 -60 -21 2 0
57 -56 29 30 57 0
34 -37 -13 0
1 4 15 31 54 18 41 15 -42 41 -59 -13 0
23 -60 8 -46 0
5 13 32 34 7 29 31 37 46 46 -10 0
4 17 30 31 49 35 -41 0
-18 2
-18 3
