32 0
27 -53 -41 25 -59 0
11 37 50 0
23 25 43 46 50 4 28 31 59 34 -7 0
31 -28 13 0
27 32 47 17 23 40 59 45 -24 0
4 -9 -14 4 17 21 30 36 0
0
45 -57 -9 43 0
22 49 57 8 -39 29 36 48 2 9 14 48 54 15 35 0
53 60 5 31 47 59 18 28 55 0
60 -37 -53 55 -39 -11 3 10 25 40 59 27 -15 -25 0
7 47 58 22 38 19 41 42 54 55 60 0
46 -25 8 10 34 34 52 0
6 28 37 42 0
39 -54 0
18 -54 0
17 27 29 35 37 9 -17 0
6 18 45 9 14 34 1 -21 13 -40 -41 0
4 -28 -55 6 37 41 0
14 26 54 11 -32 23 40 50 6 12 19 46 14 23 28 39 57 0
24 48 41 -52 21 34 0
-15 1
-15 2
-15 3
-68 2
17 22 59 54 -51 -30 38 -60 2 19 22 24 24 0
38 -49 17 42 46 15 36 46 38 -22 0
17 19 25 46 3 -39 58 -44 -6 2 15 24 46 0
20 -59 -16 11 -27 26 -41 -23 35 0
7 -20 -41 26 -59 -21 11 29 -34 -45 10 50 57 59 0
20 -30 28 -37 49 -36 0
29 -34 -21 3 -53 -48 20 -3 -39 43 44 56 9 -29 -22 0
2 4 8 11 0
2 25 47 56 58 17 -37 15 -44 0
28 16 32 43 50 53 47 -49 -14 12 14 25 38 27 -5 0
7 15 42 33 -12 0
28 43 17 -28 0
10 12 32 41 0
23 53 55 -7 -16 16 -2 0
2 4 39 47 49 3 43 45 46 21 26 46 54 0
4 -32 43 19 35 49 49 -49 0
26 38 15 14 16 25 0
49 -39 -31 0
33 -24 0
0
-48 2
-47 3
