54 3 -37 0
41 -26 0
16 29 41 60 0
12 -36 -41 0
25 27 55 53 -29 -51 0
2 19 36 42 56 48 -46 -29 21 28 50 51 32 -60 -48 5 26 38 60 0
27 54 29 29 41 45 0
49 -3 48 -22 0
19 -48 -29 58 -57 0
25 -39 -55 54 -24 50 -59 0
52 -36 44 -9 -23 11 13 53 0
37 -2 0
46 -9 -8 14 -8 45 -34 -21 26 -11 0
46 -8 11 30 45 52 59 1 32 60 0
15 27 38 44 46 -52 29 -19 50 -32 -43 0
1 2 53 27 -18 38 -6 54 55 56 4 -30 -3 0
47 -46 -7 58 -57 -23 0
55 6 -31 44 -17 -7 0
10 29 52 0
19 -8 -52 0
8 -44 -6 18 31 0
52 0
-3 1
-3 2
-3 3
-66 3
19 -23 8 17 37 59 15 6 17 29 40 55 0
15 51 16 35 48 59 7 -47 -5 2 -4 -46 0
34 0
4 -6 18 48 49 60 38 -54 -43 21 -44 0
4 -49 -36 9 58 -23 2 -48 -25 0
29 -34 -53 0
0
47 -54 -36 4 16 19 50 0
20 26 42 58 -59 -48 0
1 7 8 30 32 -59 -48 3 35 -20 -34 0
14 -48 -55 4 -9 -38 60 -26 10 -20 -48 0
5 7 9 55 0
53 -55 28 -52 -21 16 31 -17 -17 34 -9 -29 0
18 52 31 45 45 0
54 -33 0
4 -57 51 -16 20 33 51 56 58 32 35 -7 0
51 -18 6 -25 0
11 -31 -37 0
51 -32 -31 55 -27 -15 32 -1 57 -40 0
8 8 44 53 56 16 42 47 13 -44 32 -5 0
-22 2
-22 3
