41 37 -35 18 48 13 31 57 0
16 -45 54 -26 -15 2 23 29 8 -58 0
15 18 18 28 56 56 32 -59 -32 4 0
43 30 37 55 0
13 15 18 49 58 27 30 43 54 4 6 0
0
14 7 12 14 40 -48 10 -43 10 -38 0
58 -45 9 -48 -37 46 -57 -36 0
7 -5 0
22 -20 24 -52 -44 0
31 -27 0
0
30 42 -28 19 -48 0
47 -55 -29 14 -56 -32 46 -60 -40 0
18 -31 -50 9 25 27 0
40 -44 14 -46 -48 32 -46 14 55 0
4 -59 59 -36 -2 0
27 -12 20 -30 -12 39 -16 -26 41 -49 0
38 -21 -41 44 -33 1 15 20 37 56 0
15 -53 0
5 -37 -24 0
39 -8 6 -54 0
-2 1
-2 2
-2 3
58 -58 0
60 -36 -33 28 -39 -39 9 29 30 0
21 42 14 18 21 46 0
1 26 38 42 22 -27 28 -29 14 0
14 21 34 50 -51 -46 0
8 -37 -5 15 -34 -53 0
14 23 37 45 47 0
7 -2 0
4 53 59 33 -9 -52 0
3 13 14 38 52 34 -8 -43 26 -15 3 24 52 42 -20 -58 0
3 23 1 9 36 50 35 37 48 51 37 42 49 39 0
6 6 15 36 36 38 0
4 -55 -27 2 -35 -13 15 -35 9 19 55 0
10 19 21 22 24 0
48 -13 11 32 43 52 26 49 0
6 7 34 40 30 -10 0
60 -18 -44 33 -34 -15 20 51 51 53 55 0
49 -26 55 0
24 0
0
-50 2
-55 3
