35 44 54 6 -46 0
3 52 -41 56 -57 -34 0
7 -25 10 -37 -16 17 0
31 28 -49 -14 36 -57 -23 17 25 55 0
41 47 19 23 0
1 -13 0
38 46 53 55 58 0
60 -51 -4 29 34 37 43 0
15 40 51 57 0
28 -1 -59 36 -58 7 24 36 37 9 21 36 36 48 14 0
6 22 37 44 49 31 -36 -52 0
31 4 43 39 -54 -6 0
1 1 3 45 -55 53 37 -42 19 0
54 -50 3 10 14 38 44 0
5 22 -22 0
2 16 0
0
7 22 28 35 37 0
55 -41 37 -59 -37 29 -14 0
46 -5 24 0
8 -44 10 16 41 59 1 6 9 13 20 42 0
50 -13 -54 0
-10 1
-10 2
-10 3
-68 2
0
9 -26 -49 12 -13 26 -31 49 -58 -4 32 -8 0
38 17 18 37 0
34 0
12 2 30 52 55 35 35 11 16 38 0
0
25 -13 22 -2 0
15 51 0
10 21 46 50 17 23 35 46 51 0
25 -27 -23 40 -22 -18 49 -32 0
13 17 44 31 -28 -50 43 -35 -12 20 -29 -24 0
25 -19 -24 8 9 17 19 42 45 -11 48 -2 0
0
0
8 9 37 55 39 42 7 10 57 0
3 -41 -32 3 13 0
16 20 42 47 48 -60 -42 0
39 16 -48 -47 0
30 -14 -11 17 29 48 18 41 51 46 -7 -49 0
35 -47 0
-49 2
-56 3
