28 -34 13 -23 0
25 41 58 53 -36 -59 30 -41 0
44 -40 0
15 -60 55 -19 34 -22 11 11 27 51 58 0
15 18 27 -43 -47 0
30 35 49 39 42 50 54 57 5 19 31 45 48 24 26 44 0
12 -55 -48 31 32 49 57 0
7 20 37 49 58 1 15 35 56 24 -16 60 -2 11 -25 -57 0
19 28 41 0
35 -7 -34 0
52 -57 -18 58 -48 -57 5 -2 2 5 24 50 53 5 46 0
51 -55 44 -18 23 -37 13 17 36 47 51 0
44 -43 24 -50 0
4 13 60 52 -8 36 38 44 47 50 0
50 -2 -57 4 13 35 37 1 20 32 34 46 8 24 27 0
32 -3 0
44 -49 0
0
23 -32 3 4 13 34 18 0
60 -23 37 -46 21 26 53 0
34 40 58 7 9 50 44 -2 -56 11 12 29 50 59 0
56 -41 32 -57 -13 25 -60 -48 6 20 32 33 11 -51 0
-9 1
-9 2
-9 3
-68 3
0
22 59 22 -39 0
4 33 40 0
43 -3 -18 33 -20 -23 32 -27 0
23 -42 46 -57 -55 16 -14 -27 46 0
32 36 6 8 35 48 58 15 -15 -41 36 -4 15 -26 -59 0
4 -24 -51 20 -14 -55 28 -44 -31 0
3 54 3 10 41 45 20 -30 6 -42 -41 0
8 31 48 59 35 43 29 -22 16 -24 -55 0
9 11 23 0
34 -17 -20 60 4 -2 8 -42 -33 21 0
6 31 34 25 -20 -35 12 23 36 58 60 19 44 6 20 24 46 0
9 41 41 14 -52 -18 0
9 -59 -26 33 -28 3 -31 -17 7 25 34 48 23 -46 -49 0
13 27 47 18 -5 -11 45 -54 0
3 23 25 30 32 45 59 30 54 20 -4 -8 2 35 39 42 60 0
33 -17 -41 30 -36 -52 12 20 37 50 51 0
11 45 41 -11 -23 11 -33 -33 0
35 -52 4 -60 -19 0
53 -34 0
-50 2
-49 3
