59 -1 -2 12 50 53 51 -35 -31 15 -54 17 -9 -39 0
56 -1 42 -2 -15 0
12 27 28 43 54 13 -36 -26 36 -19 -56 30 -60 -55 0
46 -43 -29 56 -41 -31 0
34 3 -55 -58 12 36 0
29 47 1 28 29 46 32 5 7 7 0
8 10 36 47 29 40 57 50 -37 0
24 -7 12 -17 -11 5 24 35 -23 8 15 57 0
4 17 29 0
3 3 15 41 44 18 30 4 -1 -42 0
8 25 37 0
9 14 0
14 -6 -51 41 38 -53 -43 12 -8 -40 4 25 27 36 46 0
28 -14 0
0
57 -46 31 44 4 -58 -9 35 -16 -21 0
30 39 51 33 -51 30 44 58 60 35 -20 0
59 -6 30 38 58 58 0
3 3 18 53 7 -47 -60 40 -35 -59 23 29 9 15 0
22 -51 -50 49 57 9 31 47 51 59 15 45 45 53 55 0
29 -40 32 -46 -8 0
16 30 47 1 10 18 32 51 48 -35 -45 36 -14 -30 0
-2 1
-2 2
-2 3
15 -58 -60 13 15 50 53 -55 -3 0
17 36 38 58 60 54 -39 -22 21 23 30 41 5 19 37 39 0
31 -47 14 -48 0
38 -49 0
51 53 0
9 23 32 9 44 18 -3 7 25 47 48 49 -14 -49 0
3 -34 26 46 -39 0
2 5 21 33 47 14 57 20 -50 -4 44 0
5 8 11 34 44 17 -49 -11 36 -11 32 -54 0
6 11 28 38 33 41 0
0
48 -25 -50 0
18 -5 -31 19 36 40 56 59 52 -15 0
2 -50 0
33 -20 31 -12 -43 0
45 -29 57 -7 -33 33 -41 0
0
10 -52 7 43 0
9 -8 6 -25 -26 15 36 49 51 -57 -4 56 -8 0
15 33 34 43 47 7 -24 10 -18 -53 0
-51 2
-48 3
