18 29 50 22 51 -14 6 20 0
0
41 -1 -1 9 17 51 0
17 -45 59 -14 0
22 -36 25 -11 0
44 51 55 23 33 43 52 58 60 -25 0
36 -16 41 52 13 -16 -21 55 0
21 6 6 35 56 0
47 -50 43 54 0
60 -15 -41 0
32 58 57 -35 0
45 -52 37 -46 -25 17 50 5 8 9 29 51 0
9 -8 -23 25 -24 -49 14 57 60 26 -44 25 -57 -57 0
5 -45 -42 0
9 35 43 46 58 2 -58 14 33 0
13 20 23 58 39 -15 40 -15 -18 29 -38 -5 0
31 -32 29 -27 26 -3 -34 25 -16 0
28 38 49 52 0
56 -41 11 -43 0
23 33 4 11 25 26 41 -15 -18 0
37 -28 -20 1 28 45 28 -27 0
28 9 -52 36 -42 -1 49 -53 -41 4 -13 0
-2 1
-2 2
-2 3
14 30 52 58 55 -54 0
36 -32 -17 8 37 39 56 59 10 -47 -18 0
40 60 3 -46 -30 0
43 -55 -43 0
46 -30 -32 0
9 -45 2 -59 -28 10 18 20 53 -47 -5 0
18 30 58 46 1 -18 0
19 -6 44 -58 19 53 59 0
60 37 -49 -53 15 -37 -32 55 -42 0
47 -50 -3 1 6 33 36 24 -60 24 33 34 50 59 0
31 46 48 58 -16 -51 9 57 20 29 54 0
10 31 3 -18 -42 2 7 12 60 -9 -49 0
30 -35 23 57 -24 41 0
1 41 12 14 16 41 46 10 24 30 34 40 14 28 42 54 0
0
9 43 -41 -1 16 -4 -43 33 6 9 24 0
30 -29 -26 0
8 24 43 52 -35 -7 17 35 47 0
4 17 29 45 0
42 -35 -18 3 58 16 32 48 0
-26 2
-26 3
