34 47 10 34 37 37 0
54 -28 -4 0
25 30 35 -59 -6 25 37 58 3 -36 -29 0
24 32 34 30 -50 -52 18 -53 -56 5 18 33 43 0
18 33 33 40 0
6 31 33 58 -42 -23 0
11 -19 -21 17 7 28 35 0
27 47 51 9 -30 -33 22 40 46 53 56 0
44 -27 -11 22 51 53 -37 29 -45 -6 3 -19 0
29 -54 6 9 9 20 53 55 11 -33 0
17 30 37 50 -12 39 -15 -51 0
17 -20 -53 0
30 30 30 55 41 6 28 47 0
36 55 -42 7 17 24 55 0
49 -58 31 40 0
50 -25 -14 0
20 -55 0
41 -38 12 -38 -59 44 -20 -1 29 -7 0
0
12 -42 -40 15 -49 21 36 48 55 60 7 9 30 35 54 6 -58 0
47 -6 0
37 56 39 -59 0
-2 1
-2 2
-2 3
34 41 48 6 41 50 31 -37 0
13 28 41 9 20 47 54 0
22 -37 13 -6 0
35 16 17 0
26 31 35 54 34 -6 6 24 38 60 -2 -53 0
17 -45 -31 43 -32 -32 17 -15 -58 40 -21 -24 0
38 -51 29 44 53 56 33 48 35 0
19 -42 -40 0
42 33 -48 0
33 38 43 50 55 0
17 42 10 48 0
7 -3 -31 23 -3 -24 36 -58 -10 31 54 -10 0
53 -25 14 -2 -37 0
29 0
7 19 52 54 -25 -27 2 19 22 40 0
11 30 35 43 54 -43 11 38 54 0
24 -12 13 -25 0
21 -17 -57 7 -9 0
24 50 50 53 54 32 40 53 4 -57 -31 46 -59 -28 0
36 -34 -20 39 0
-2 2
-2 3
