33 -27 0
27 -12 13 -58 -21 0
14 -7 -30 3 34 56 3 -29 54 -41 -9 0
14 18 55 0
36 -10 56 0
40 -7 27 -5 58 -58 56 -50 -6 0
30 -14 -9 6 -30 -23 2 12 22 26 46 0
19 24 50 53 0
2 8 32 38 59 -24 -52 0
17 -42 -5 15 21 24 26 2 28 34 41 48 0
0
8 30 20 48 60 10 24 39 41 15 22 34 42 45 18 -35 -44 0
32 -1 -13 0
36 -3 16 16 25 55 45 -7 0
43 -47 -32 40 -2 14 37 55 49 -26 -16 0
50 -51 0
1 -5 24 -48 -47 3 12 16 26 60 0
23 -59 18 -13 -32 33 43 0
2 3 31 56 9 53 0
50 -28 5 13 9 20 26 49 52 6 38 -20 0
32 28 -6 -39 10 18 28 33 53 0
18 -18 54 -5 -54 0
-3 1
-3 2
-3 3
-67 3
14 -13 21 -58 -54 0
1 17 22 22 41 -36 -4 19 30 34 -55 -21 14 -12 -22 0
1 -17 1 -37 17 36 -45 -25 0
6 19 23 25 46 0
35 40 43 58 0
43 -55 19 40 -57 59 60 0
7 58 21 -23 0
24 -29 5 -55 48 -51 -23 0
26 31 32 54 3 10 29 31 42 21 37 37 60 43 -57 0
2 31 34 46 60 0
10 36 37 39 49 54 16 -40 -21 0
15 -50 -46 0
29 6 -31 -48 0
19 20 20 -4 0
14 -27 -45 0
46 -4 -46 14 36 38 54 0
48 -27 11 37 41 50 0
14 14 21 29 60 42 -25 16 -29 -39 27 31 39 0
18 30 41 43 7 56 6 21 25 37 45 0
13 19 23 37 5 -41 -37 16 -40 0
-3 2
-3 3
