15 -47 -39 57 -45 -60 56 2 4 11 11 19 33 0
0
31 -3 -22 18 29 44 33 -26 -2 0
33 -50 23 -60 13 37 24 -54 -50 0
53 -21 -55 48 -13 35 -4 4 57 60 7 8 27 38 49 0
57 -57 -15 0
23 0
3 -24 23 -9 -17 54 -32 -23 0
16 -43 21 25 -11 48 -4 0
9 19 38 54 59 -55 5 32 35 46 2 -41 0
2 -58 -40 43 -15 12 21 36 54 0
8 -12 47 -12 -24 0
19 -24 -23 50 -32 31 -41 -14 0
0
26 49 42 -44 -45 1 25 3 -53 -15 0
8 -60 -14 0
35 -57 34 38 47 53 58 0
5 35 55 1 36 39 60 0
0
34 16 -1 53 -41 -9 11 14 22 36 29 -48 0
0
38 -3 19 -9 37 -43 -53 0
-5 1
-5 2
-5 3
-69 3
15 -33 -32 0
24 28 39 56 55 -46 -47 11 -54 -60 27 -12 -49 0
55 -24 -5 12 14 25 49 12 19 29 32 53 0
22 -42 -12 0
0
19 -25 -43 8 21 28 43 0
30 -22 30 36 42 18 -42 11 55 0
12 26 40 48 0
17 22 31 33 36 0
8 33 38 45 17 -41 -56 18 32 53 22 40 56 -7 -1 0
44 -60 -44 37 56 22 -20 -9 13 23 38 -10 -5 0
3 26 58 0
18 -12 -54 41 -33 45 -5 0
48 -58 -15 5 12 27 51 2 -19 28 30 37 46 59 0
6 -30 8 -38 3 44 49 11 46 0
35 48 49 6 11 57 -26 20 21 38 41 60 23 -4 -11 0
2 18 45 46 54 2 15 26 42 48 11 -8 -37 0
5 47 48 57 59 21 -11 0
32 -36 -34 24 -55 0
22 27 14 26 46 -29 7 11 59 0
-9 2
-9 3
