13 -4 42 -52 27 -30 -43 22 53 1 -9 0
19 47 54 -59 -20 0
33 -5 -22 1 4 57 0
46 54 0
14 -48 -36 44 8 58 34 -59 -33 0
9 -28 0
48 50 0
3 -38 -55 27 -18 59 -8 -55 0
17 -39 18 -3 0
6 11 0
58 -8 4 17 37 44 6 12 24 36 35 -11 -46 0
42 -58 -47 0
53 -28 50 -13 -8 39 -51 -6 0
20 27 30 55 41 -6 -49 38 -27 31 -3 34 54 0
3 9 41 58 21 -25 24 -45 -60 39 -7 0
6 46 56 8 -19 13 -27 -29 0
2 7 0
24 -3 -5 27 32 49 10 0
34 -31 -36 0
41 47 55 28 -9 -48 33 -42 10 24 35 38 0
29 -56 -40 48 9 -11 57 -46 -30 0
32 -42 49 -56 -18 0
-4 1
-4 2
-4 3
44 -8 38 -19 42 -22 -43 0
8 -27 -21 20 26 37 39 0
40 12 52 59 8 13 0
16 -60 0
9 16 22 42 35 -19 29 -21 9 13 -3 -40 0
38 -4 -29 50 -40 1 14 17 43 0
9 11 19 25 54 24 -38 0
0
33 47 7 -49 -57 4 20 31 49 52 6 -13 0
25 -34 -50 35 1 -3 0
30 -42 34 -30 -30 24 -4 -46 0
20 31 38 51 53 15 17 17 40 56 0
14 30 54 53 -37 -26 46 -23 -57 13 31 44 57 45 59 0
22 -1 -14 45 56 58 0
48 -9 -7 11 20 24 28 33 51 0
4 -43 24 21 43 49 3 20 34 45 7 29 33 45 54 0
47 -30 0
1 6 40 40 52 58 -2 -20 0
40 -54 3 3 42 45 14 44 33 -47 0
8 12 17 26 43 -53 -10 2 -27 8 20 55 0
-4 2
-4 3
