18 -14 -2 3 -36 10 21 32 36 35 -56 0
43 -22 0
52 57 -5 -9 7 -24 9 16 29 39 57 0
29 23 50 3 -42 -43 4 -39 -10 0
12 -3 3 5 6 18 36 21 24 53 55 60 43 -30 45 0
2 57 -10 -10 23 55 58 59 2 -9 0
0
23 36 49 58 31 -11 0
0
4 4 17 28 45 35 59 36 -22 -36 36 -32 -21 17 -50 -41 0
45 0
51 -10 -7 23 -55 3 25 0
26 26 34 55 0
47 55 46 -31 -9 23 26 38 0
22 27 53 -38 -16 0
3 -23 -57 49 -55 -13 16 -44 56 -25 17 41 43 0
32 57 -48 22 22 31 50 0
10 29 -47 -5 0
52 -56 6 31 52 1 15 15 15 44 38 43 0
8 10 23 25 33 35 -56 -16 53 -33 5 11 24 58 59 0
27 34 41 43 22 46 46 56 0
23 -50 -8 37 60 39 40 45 0
-12 1
-12 2
-12 3
-67 3
48 -55 -31 49 -37 -14 0
4 9 15 29 18 30 3 26 29 30 31 55 0
36 -60 -56 58 -22 -12 9 -36 -3 0
21 55 60 60 34 41 23 27 32 52 53 0
24 38 45 2 5 5 19 31 0
10 -21 -16 9 12 28 48 56 44 -42 0
13 30 56 6 24 0
50 55 0
28 -1 -30 21 -12 -39 0
57 -20 0
11 -23 -38 0
3 11 23 33 50 33 -30 0
42 -29 8 9 22 41 45 52 0
10 31 25 50 11 -23 53 -32 -26 33 -6 -9 0
0
21 -18 25 31 36 -25 0
0
5 50 10 34 46 56 27 -60 31 53 27 -43 -27 0
15 0
47 -23 -26 3 25 48 54 5 31 56 10 -10 -11 0
-13 2
-13 3
