0
47 -5 -24 0
17 27 16 -14 0
40 43 58 23 0
38 48 0
3 31 12 26 48 57 21 38 45 59 0
0
4 18 40 44 44 0
0
3 16 47 50 40 -41 -27 0
58 -32 -43 52 -40 -29 21 -14 44 58 3 -15 0
2 -45 -35 4 17 23 46 47 19 -51 0
29 0
2 21 25 36 -56 -23 5 6 19 20 48 5 -56 0
2 11 50 0
51 22 41 59 0
6 19 23 46 0
19 33 35 35 0
1 -12 -34 0
42 -55 -55 7 -46 -56 0
1 35 47 9 -40 -5 40 -17 27 27 -11 0
52 -42 11 -59 -21 2 12 19 58 59 4 12 40 54 4 -24 -41 0
-7 1
-7 2
-7 3
1 4 21 25 0
38 -57 -48 42 -3 22 12 18 38 43 0
11 16 0
2 6 26 30 0
9 -18 -58 18 29 59 -34 27 53 -10 0
2 -2 -58 22 -52 -1 47 -40 -55 56 -29 -26 0
24 45 7 -25 14 -55 0
6 -42 -17 4 9 56 0
13 -2 14 14 14 29 44 -28 -11 0
7 25 27 50 53 20 -23 3 4 23 27 59 9 -46 55 -39 -34 0
6 -3 -23 0
31 -27 16 20 24 37 46 0
18 41 1 10 55 31 -28 0
55 -55 21 -7 -24 0
12 13 36 57 57 49 -19 9 36 60 45 -59 0
38 -3 15 24 2 -7 0
56 38 -7 -28 8 -52 -22 8 0
37 43 47 0
10 -13 -23 12 21 44 44 51 56 -18 -36 0
20 24 32 46 53 53 -19 0
-52 2
-52 3
