52 -39 -53 39 -36 -17 0
21 -21 36 37 52 31 -32 -45 34 -47 -54 0
19 51 57 45 -59 1 15 25 43 44 0
18 25 29 55 8 -15 32 39 1 -27 34 40 42 51 0
19 -23 -4 4 8 29 14 0
51 52 0
11 15 28 23 -7 26 -8 0
29 -16 -58 0
33 -26 33 -4 -50 48 -56 -57 0
25 31 33 51 6 18 20 43 49 48 -54 -45 5 11 14 26 52 55 -60 0
10 -49 3 26 37 0
3 5 26 40 43 32 38 43 51 59 32 59 60 0
29 27 -10 40 -16 -49 0
30 -52 0
13 46 60 12 26 34 0
35 -14 -45 47 -6 -43 51 -1 0
2 -50 -8 0
22 -24 18 56 42 -18 38 -59 -31 3 10 25 27 37 0
36 -11 -54 3 44 50 60 0
24 34 60 0
52 -3 -49 45 -20 0
0
-6 1
-6 2
-6 3
4 9 11 25 46 47 9 -18 -58 28 -58 -50 30 -16 0
25 38 42 44 5 -16 -2 28 35 46 0
35 60 12 -58 4 21 0
22 -47 3 6 14 29 47 29 -36 -56 43 -4 27 51 0
48 -28 4 7 24 26 1 50 60 0
35 -23 -45 5 24 28 56 58 55 -8 -56 21 -11 -17 9 48 0
38 -54 -28 33 -33 2 53 53 54 57 3 8 57 0
25 31 2 -27 -34 47 -40 -26 0
14 32 36 45 56 8 -31 0
28 -46 -32 0
23 0
16 0
5 8 32 53 54 31 -24 -37 0
40 -34 0
56 -20 -53 44 -2 -48 0
8 33 60 37 -2 -59 34 44 0
12 -29 9 -54 58 -39 0
5 -34 -43 56 -21 0
9 27 28 29 23 -16 -32 26 35 46 54 0
43 -18 0
-16 2
-16 3
