17 -41 7 -38 27 -21 -60 0
5 -54 0
26 -16 40 -24 25 -21 -27 15 23 38 39 0
14 15 38 52 0
3 27 33 19 22 13 18 47 54 13 -14 0
30 44 59 11 -28 -40 0
9 -56 57 -21 -33 60 -21 -54 0
41 -8 7 10 33 34 53 3 -1 -38 25 0
13 -16 -34 26 -1 -39 17 -27 -28 0
7 -21 -10 0
12 14 39 8 -20 -53 13 14 24 27 56 28 53 60 8 50 0
13 -54 -35 13 -45 -46 0
47 0
6 -14 0
32 -11 31 -46 -34 0
27 51 -56 -16 0
16 27 1 18 32 36 47 -24 19 -3 4 47 56 0
1 16 36 52 55 1 3 4 11 12 0
14 -59 28 37 31 -33 -7 56 -27 -39 32 40 52 53 0
1 2 31 49 58 -51 -18 0
52 -14 10 -22 38 -38 -49 0
7 -13 0
-50 1
-47 2
-48 3
-66 3
8 45 48 50 52 0
12 -8 15 28 -53 42 -17 0
0
36 -56 -16 0
0
23 0
2 14 29 41 0
33 -54 -20 6 36 60 -29 -52 0
4 28 48 -4 51 -57 1 3 26 45 50 0
29 -29 41 -22 -11 14 24 40 41 52 49 -3 0
42 -26 52 -2 -23 18 7 14 44 48 31 -4 -20 0
0
45 -55 0
50 -50 -52 43 -27 0
52 -25 42 -56 0
6 0
28 -42 25 -1 -57 8 13 17 25 48 0
47 -52 -1 9 21 32 55 26 39 42 51 27 -42 0
2 6 13 34 39 34 -52 -57 7 13 18 52 56 0
38 58 -17 -52 0
-47 2
-53 3
