13 29 56 19 -7 -18 41 -52 0
8 12 43 55 -25 0
45 -54 -45 0
13 -2 52 -47 -23 49 -44 0
11 -30 0
0
53 17 33 38 56 50 -14 2 3 5 21 25 0
2 -45 -33 59 -37 0
21 50 29 41 55 38 -9 -37 38 -59 0
6 -41 32 35 38 44 -16 0
24 37 38 45 -56 12 40 54 0
58 -57 49 -54 43 -45 -2 0
3 -29 -32 6 18 29 51 59 14 27 39 54 0
8 23 32 41 47 8 24 49 52 59 1 0
11 21 4 12 18 46 54 20 -27 -19 0
33 -38 57 -42 -21 1 37 3 22 33 50 57 0
27 -55 39 -4 22 -18 0
4 16 35 50 59 10 -22 8 37 49 55 0
53 52 9 -27 4 7 29 32 0
37 -18 -37 0
31 -22 -34 0
27 35 39 47 47 17 -37 35 -11 14 24 25 31 52 9 -53 -38 0
-19 1
-19 2
-19 3
-68 3
1 41 56 35 -43 -43 16 34 56 57 0
20 -55 -50 33 -8 -16 0
5 -18 -50 18 -37 0
45 8 0
59 -20 0
2 33 41 54 58 60 -27 -43 0
25 -49 -39 44 50 -24 -8 0
44 -48 -7 40 -52 -23 0
20 23 0
3 -13 50 -31 15 -45 -39 3 0
36 -41 33 -60 32 60 60 50 -15 0
13 -30 54 -55 38 -40 -56 51 -49 0
16 -24 -48 10 -53 14 16 34 37 0
0
27 -41 57 50 33 0
2 9 17 47 48 39 -1 -13 0
11 43 50 22 -15 -57 4 -11 -6 0
20 -51 0
40 42 52 55 39 -48 37 -19 -58 29 43 44 8 8 29 33 37 0
45 -22 -3 23 -9 0
-25 2
-25 3
