2 -39 51 53 0
41 -38 38 -48 0
19 32 46 50 20 32 40 37 -21 -30 0
14 60 12 13 23 0
10 26 37 47 51 11 25 28 43 51 0
1 29 42 43 54 35 0
0
7 18 21 -18 0
19 -8 8 24 44 56 56 13 20 36 58 7 19 44 50 59 0
19 54 60 45 -41 44 3 5 40 18 -21 -23 0
29 -41 -19 60 -39 -55 26 31 0
3 7 4 -12 0
6 33 42 3 6 16 5 -32 0
50 -3 -30 24 45 48 0
9 26 37 0
56 -42 -42 43 44 45 50 5 -44 -53 0
3 10 27 13 43 47 55 60 0
13 43 57 0
20 29 56 15 20 44 45 57 0
23 -42 4 17 41 42 43 9 26 47 0
4 14 14 -23 -43 19 -35 16 18 0
43 -15 19 28 40 59 0
-21 1
-21 2
-21 3
-66 3
22 39 50 -25 0
28 -37 0
20 40 45 0
20 -48 27 -10 0
40 -22 0
8 -32 -27 28 47 55 58 60 44 52 -57 0
34 51 0
56 -17 -6 52 -20 -3 0
20 36 28 -30 44 44 25 -51 0
39 -36 -24 1 6 56 2 11 23 41 47 0
24 -26 0
15 44 7 27 32 49 53 0
29 38 46 2 -17 -17 5 -33 -46 0
22 -3 34 -22 -1 25 -56 -4 0
44 34 21 23 49 7 47 48 -24 -28 0
0
31 -52 18 30 38 -42 -14 3 6 20 56 60 0
51 -21 36 -28 -58 56 32 37 0
23 -36 -60 11 19 52 54 59 11 -17 0
23 28 -19 -45 39 -42 8 16 34 51 58 0
-53 2
-54 3
