9 51 55 58 12 23 30 39 4 -8 -39 0
21 27 27 37 38 3 24 25 45 46 33 -43 -51 20 -46 -28 2 -18 -53 0
9 -18 46 2 0
0
52 -49 -15 12 22 29 30 -11 47 3 -20 -8 0
39 -17 6 18 23 25 -48 23 38 42 43 0
1 -20 -27 0
31 -7 -49 2 -30 0
2 15 43 47 53 0
44 47 3 34 49 56 26 -19 0
58 -29 -58 3 19 29 29 42 55 -3 18 26 44 60 12 -26 -11 0
26 31 49 0
8 13 47 56 0
8 -13 -10 7 -11 0
0
43 3 10 11 13 42 27 60 28 40 44 12 16 32 34 46 0
0
23 34 39 59 29 -1 -59 44 -6 0
1 14 30 0
47 49 0
4 26 51 6 16 21 0
0
-4 1
-4 2
-4 3
-69 3
-66 2
1 14 20 36 59 34 50 55 58 1 4 16 30 30 20 52 -55 0
30 33 42 42 21 -8 -31 13 3 6 12 25 60 57 -10 -55 0
19 34 -35 -11 0
1 29 25 37 33 -12 0
21 26 33 -11 3 5 17 20 39 20 -49 -40 0
52 0
39 -44 -49 0
35 -50 -52 0
45 -60 -35 48 -59 55 -27 -53 43 -50 -57 34 -43 0
9 16 28 55 57 19 -56 -2 52 -14 -12 49 -48 -47 0
17 -10 -50 16 -17 41 -8 -56 0
31 -38 29 52 56 56 30 -32 2 30 56 30 -50 -45 0
17 35 41 -19 -8 3 4 9 35 54 8 -6 0
9 -5 18 47 47 53 57 12 -24 2 -48 0
10 21 29 -19 -27 18 43 45 59 38 52 13 0
3 41 18 20 20 41 0
12 39 58 0
20 53 56 0
24 42 59 5 19 56 58 60 0
19 -19 -30 31 -34 -56 0
-55 2
-48 3
