3 34 50 2 54 2 5 23 41 22 -45 0
53 -51 -48 11 -23 -55 0
3 3 27 34 7 -49 13 -25 0
58 -57 -2 1 -5 15 -48 -7 0
17 36 57 2 35 46 54 7 0
40 15 -60 28 -47 42 -58 -28 0
4 -21 -26 45 -31 -2 18 44 22 -42 0
50 -11 -27 9 -36 43 -22 -46 18 -57 0
4 -38 -29 38 46 51 10 -6 -8 0
16 20 45 55 8 -13 0
55 -28 -53 2 36 53 54 35 16 -13 -21 0
46 -51 -48 0
13 19 19 39 41 30 -13 -28 36 44 46 55 59 4 14 27 41 3 19 25 34 0
10 17 0
3 -2 3 6 22 38 47 42 -7 38 -8 -48 24 -10 0
59 -36 0
33 -28 -1 10 -3 -22 4 17 26 35 40 0
11 15 37 41 60 8 26 29 38 44 0
16 19 24 59 28 -3 -52 30 -49 0
36 0
47 -27 -12 0
11 50 56 58 44 -18 -32 29 43 46 47 0
-11 1
-11 2
-11 3
22 32 55 3 12 15 38 0
50 -9 -2 14 30 35 49 24 -6 0
1 -1 -37 13 26 34 45 0
23 -6 24 52 54 36 0
12 33 39 1 11 49 50 18 -35 1 -58 25 40 0
47 -20 6 10 12 22 38 54 4 -12 -8 0
7 39 60 34 52 55 57 59 28 0
44 50 10 16 34 44 17 43 0
47 -13 -2 0
0
12 -20 43 44 17 -23 0
37 -32 -9 11 -30 7 60 0
14 -34 -2 0
52 -47 4 21 22 26 0
28 40 42 43 57 31 -19 -20 42 57 0
54 11 -54 -47 0
58 -56 0
6 -47 -60 38 0
60 51 54 56 58 0
32 -7 -2 50 -41 0
-54 2
-56 3
