10 -32 14 17 27 20 0
15 -38 -1 14 14 16 28 48 0
42 34 35 44 46 54 44 -43 0
53 -34 32 -60 -29 52 -40 -13 11 -8 -43 31 -12 -13 0
20 37 50 53 28 -3 5 18 0
31 -30 0
19 -8 29 44 10 -47 47 -46 -26 0
31 34 38 60 -1 51 -57 48 -30 -42 49 -9 -33 0
0
44 48 0
42 -20 -60 13 26 -52 -40 0
56 -15 17 59 17 33 51 -24 -12 15 -30 -54 0
10 -57 -23 1 -54 0
0
47 -4 -60 7 9 33 0
42 -1 -8 26 -31 -7 23 -40 41 54 54 12 -24 -52 0
5 37 5 6 9 52 6 24 13 -53 54 56 0
10 -53 -4 25 -47 -17 31 26 28 47 29 48 0
37 20 29 48 50 57 48 -28 -31 0
25 59 0
9 -59 1 4 36 -22 -3 49 -53 -10 0
43 -53 47 -23 -38 1 14 29 0
-2 1
-2 2
-2 3
57 -59 -16 0
35 -53 0
22 -43 13 22 28 52 55 33 0
18 -48 12 0
14 35 38 40 -23 -53 53 0
42 -5 0
2 -54 15 21 0
2 6 21 43 49 -1 50 -34 -60 52 -17 -59 0
25 -46 -51 22 52 58 44 -31 0
7 -8 -42 45 -24 45 -55 23 -35 6 30 30 33 40 0
1 2 8 8 38 56 58 -19 33 -54 -60 15 -28 0
9 15 26 28 30 22 -55 -39 56 -29 -43 38 40 40 42 0
22 51 52 53 2 10 28 41 7 47 53 57 -10 -27 56 -58 -42 0
7 -52 -38 45 47 43 48 18 -33 -15 0
6 8 11 21 25 5 -6 29 36 57 0
45 -46 -56 52 -49 -50 0
49 -34 0
34 34 36 0
22 -55 5 7 15 42 13 14 23 35 52 38 -27 -12 0
2 0
-2 2
-2 3
