52 -59 -2 5 42 54 39 -26 -38 3 -39 28 0
6 23 45 45 46 24 37 42 52 0
5 48 13 39 41 22 -2 -1 0
0
3 48 5 7 21 38 40 47 53 1 -42 -50 0
26 -2 11 19 0
28 30 52 53 -51 0
18 -8 0
51 43 -12 -57 1 36 39 58 0
2 15 16 40 51 31 -23 43 -30 0
54 -50 -24 50 -35 0
13 24 30 44 56 11 30 34 16 19 20 44 -6 -25 0
32 -45 0
9 -31 18 53 0
36 39 42 10 19 23 41 45 29 53 0
38 -16 19 0
8 12 29 42 55 39 -27 -59 29 -18 -42 43 -22 0
3 9 22 0
8 -36 -15 58 -27 -38 23 24 -41 -40 0
54 -6 10 -8 -49 13 -16 0
3 17 33 41 50 44 11 17 41 15 -33 11 -13 0
45 -21 -9 14 17 28 37 48 3 6 35 -46 0
-3 1
-3 2
-3 3
6 14 16 12 -27 -46 0
32 38 48 28 -24 5 -1 0
39 -26 -40 1 8 27 58 59 0
27 39 54 -18 23 57 3 -32 11 -2 0
8 -34 45 47 56 51 0
12 16 25 51 52 5 -12 44 45 0
7 56 16 41 51 21 25 32 47 8 -35 -31 0
5 53 53 55 15 -60 -36 23 57 0
6 54 42 -44 29 -49 1 9 17 34 35 0
59 -58 39 -24 -28 6 -57 0
25 -4 -43 0
47 -55 24 -45 2 -47 0
14 0
27 -34 13 0
39 -38 -21 0
60 -33 51 55 30 -50 -45 9 28 0
56 -11 53 -57 -48 55 -57 -40 16 35 52 59 4 42 53 0
0
31 45 29 53 35 -15 0
13 14 44 43 53 55 54 -12 59 -40 -4 18 20 39 53 0
-53 2
-49 3
