53 -39 16 25 28 30 37 -4 -28 0
7 16 18 19 44 36 -6 -16 29 -50 6 12 58 8 26 34 40 51 0
53 -46 -5 60 -30 -2 6 20 48 12 42 60 -7 -34 0
49 -52 21 37 42 0
54 -1 38 -23 12 38 58 39 43 0
58 58 15 43 9 45 59 0
50 -13 -32 24 26 52 56 0
13 50 52 44 -17 0
16 29 33 43 16 -43 -5 0
23 42 43 52 0
47 -6 0
34 38 -14 -19 20 -7 49 -25 0
60 -40 0
18 29 34 47 48 20 39 39 44 47 -11 14 31 56 50 -9 0
18 -38 49 27 27 0
4 17 28 46 0
2 58 8 34 0
44 -5 56 -60 -46 42 -54 -6 19 20 31 49 53 0
49 -38 50 -38 0
44 6 -42 4 9 46 0
27 -58 5 -21 6 15 17 20 58 0
13 0
-2 1
-2 2
-2 3
32 24 39 10 -24 -17 0
2 7 24 46 54 0
1 31 33 34 52 16 0
7 -23 -47 4 17 27 32 0
2 7 52 0
0
2 56 31 -45 -51 14 49 49 -54 -55 0
58 -59 2 -36 41 0
10 -27 -40 41 -53 -39 0
16 -15 39 -11 0
13 -45 -20 2 7 -37 19 0
55 -1 -33 3 34 44 54 60 45 -23 0
41 57 0
11 -28 8 59 0
15 42 2 -55 -31 14 53 54 59 0
57 -46 -56 39 41 55 56 17 33 46 0
13 32 -6 -28 55 -41 -12 0
0
21 -8 0
18 -16 15 16 21 23 15 56 0
-21 2
-21 3
