23 -48 23 0
7 -22 32 34 59 1 -37 7 -22 57 -38 0
14 -56 -55 38 -46 -5 30 -26 -57 14 15 52 53 60 16 -16 -50 0
38 42 55 56 52 9 -11 -3 0
29 40 0
52 60 0
20 -18 -34 49 -13 -45 21 -1 0
10 15 25 -57 0
23 14 -8 -7 22 -22 -60 11 33 35 39 49 7 54 54 0
20 47 52 0
42 -12 53 -25 -46 0
3 6 9 14 8 36 53 2 -46 -27 0
31 -35 -42 0
45 43 -16 -7 1 0
18 -39 -15 32 -28 10 23 42 43 50 0
29 0
10 24 26 43 54 57 -17 0
51 -10 4 22 14 19 35 56 59 10 37 45 32 -4 -42 0
10 -26 -30 0
54 -37 -24 25 -7 0
25 -1 -14 12 -7 2 10 16 47 14 -45 -29 1 27 27 29 56 0
2 32 0
-4 1
-4 2
-4 3
12 20 55 0
31 -12 -17 36 0
7 52 46 -35 -36 3 7 29 39 48 7 32 0
20 33 19 -4 -46 0
3 0
10 -36 0
50 -46 -10 0
2 14 16 25 13 19 33 50 60 11 -32 4 36 46 -60 0
9 32 32 57 2 10 34 39 57 -43 -25 0
20 21 31 36 48 26 -33 40 -26 -32 0
14 -21 23 -9 0
21 39 53 3 -42 37 -6 -40 32 -45 0
53 -15 0
1 7 13 42 56 55 -45 -59 4 53 0
11 21 36 41 56 3 -15 41 -52 31 -27 -44 0
38 0
14 21 27 34 40 6 14 19 55 60 1 26 41 42 56 0
7 -20 7 -49 0
41 -54 29 -33 0
21 -48 2 -20 54 -3 11 -29 -8 0
-4 2
-4 3
