18 32 37 28 -5 -38 7 26 50 30 -41 0
6 37 0
1 -49 0
48 -20 60 -54 13 19 50 53 0
8 36 57 34 -58 -13 19 -31 6 -60 -33 19 -43 0
3 14 28 31 57 0
39 51 0
6 -22 29 -15 -3 0
1 11 23 40 42 0
39 -34 60 -7 -32 25 -2 -2 54 -31 0
24 27 45 52 53 0
15 32 43 49 58 2 -34 1 13 21 52 5 -4 0
47 -50 14 15 34 53 54 0
31 -20 -56 0
22 -37 -28 1 5 32 51 4 -46 -27 0
6 17 39 58 28 -31 -19 0
7 9 32 59 46 -33 0
31 0
27 -50 0
4 -40 0
2 6 13 23 12 -35 46 -56 -45 39 -46 0
10 25 33 45 60 8 -36 8 37 50 57 0
-15 1
-15 2
-15 3
23 -22 -37 0
17 -28 9 49 59 10 20 37 38 57 48 12 -46 -22 0
45 -41 9 -22 0
8 18 20 56 39 49 59 10 24 57 11 -15 49 0
55 -28 -10 26 39 10 -51 -9 19 47 0
33 -25 0
25 -60 0
60 10 -11 -58 0
16 33 33 -4 54 -47 -6 0
37 -60 0
41 -35 -46 13 15 28 41 51 8 13 0
57 -44 32 -38 38 -26 58 -36 -31 0
12 -59 0
18 -26 -2 3 11 49 0
15 34 50 50 48 -32 2 18 27 35 36 42 -16 0
48 -48 -59 0
42 -12 -26 41 -30 -25 49 -38 -39 0
15 17 42 57 7 33 34 55 58 40 -59 -34 0
15 -53 -14 4 16 20 26 56 16 -27 0
13 -46 7 32 45 51 23 -16 0
-56 2
-53 3
