0
0
54 -22 -3 47 -45 0
16 19 48 31 -3 19 27 42 46 54 0
16 22 23 25 54 10 23 26 41 47 5 20 30 56 59 41 -6 13 -30 -7 0
55 -20 -43 51 -19 12 18 20 29 0
44 57 38 50 54 58 49 -3 2 10 16 32 49 1 25 53 0
44 -19 17 49 57 -39 -1 7 -13 -19 2 3 10 0
60 -19 -16 0
0
0
50 -53 0
4 50 13 19 33 37 38 0
23 -18 39 -23 -14 1 29 38 55 0
15 37 44 -35 -4 0
2 4 30 36 20 -39 -60 43 -17 15 -50 -39 12 -21 0
46 -44 0
6 12 28 45 0
7 40 43 50 34 -49 -26 4 8 49 60 0
17 -4 -58 1 -52 0
12 29 45 26 -23 -50 51 -17 -12 10 -54 -16 18 -22 -20 0
44 -30 -59 1 4 25 46 11 15 42 48 0
-8 1
-8 2
-8 3
37 -34 -47 58 -8 -9 0
53 -37 0
41 45 54 60 60 53 -59 -51 0
35 55 57 0
31 -12 17 -26 -53 31 -15 -16 0
2 3 21 25 38 28 35 50 53 56 9 29 46 -55 -54 46 53 0
50 -37 3 -32 5 50 52 31 -30 -10 26 56 57 0
0
49 13 -5 9 13 32 54 0
49 -5 4 48 0
0
4 -41 7 -32 -14 9 45 57 0
5 37 41 0
15 -18 27 57 25 36 47 52 0
36 57 60 33 42 51 34 -27 8 -3 -19 22 -10 0
45 -5 57 -38 -7 23 25 43 5 38 40 42 20 0
15 -11 -49 24 35 49 53 -30 54 -3 0
42 -52 2 12 17 43 44 0
46 -35 -31 0
26 -11 21 28 0
-38 2
-38 3
