22 40 1 3 9 33 59 16 -50 0
34 40 42 -10 21 -9 18 56 0
3 -51 10 -59 0
0
13 35 40 16 33 41 5 49 0
1 7 39 16 31 46 48 14 -9 -19 0
0
16 -32 -40 15 -18 0
45 -58 9 -56 -33 0
19 5 -3 -15 26 -10 -24 24 29 58 0
17 26 52 53 30 -1 -38 0
54 -7 -23 52 0
57 -23 34 -6 8 -36 -58 5 11 20 38 0
23 -1 0
35 -17 41 -23 14 25 32 51 0
56 -34 25 -28 -58 36 -56 -21 0
59 -7 7 30 35 40 -36 9 15 49 49 9 25 0
48 -28 -30 0
24 59 -50 10 14 0
4 27 36 39 45 23 39 41 0
55 -1 8 -12 -3 4 -58 -26 0
1 10 37 0
-2 1
-2 2
-2 3
-66 3
23 -13 2 5 7 10 14 39 59 0
38 -48 10 20 20 26 57 -58 -48 0
37 5 7 8 20 47 53 0
54 -54 5 -30 -7 0
38 -40 -2 3 30 51 0
4 -21 31 -34 -54 0
25 27 35 -53 -42 8 -47 0
9 25 25 42 0
10 -44 10 30 46 47 -3 0
37 -24 -29 0
1 36 39 58 16 22 23 28 42 0
5 43 54 60 53 -27 -57 38 -25 -7 31 -46 0
26 43 46 52 22 -40 -58 57 -5 -41 0
4 5 40 0
38 56 4 16 34 38 39 12 10 -45 -39 0
35 -42 -35 22 35 40 0
31 -56 0
3 8 33 33 59 40 -31 23 -13 -45 43 -48 0
24 13 -21 4 44 -60 0
43 -57 0
-5 2
-5 3
