5 6 14 14 17 31 54 22 -39 0
44 -50 4 -34 -18 37 0
44 -18 -38 10 -8 16 20 23 48 59 16 46 50 52 0
27 31 -2 -28 0
29 -35 0
0
53 -35 0
56 -38 -10 52 -27 0
19 32 25 1 -42 0
53 60 -19 12 -24 -33 31 -38 0
1 10 22 27 53 22 -15 -59 52 -1 31 -40 0
27 -41 31 -1 21 0
37 -44 31 -24 -29 6 0
60 15 -12 -51 46 -39 -14 0
26 -26 5 27 38 60 12 -15 -50 42 -6 0
43 -22 2 -10 19 36 56 0
11 -2 8 43 49 14 33 0
40 -9 -21 0
33 48 11 40 42 54 55 0
16 20 25 30 33 33 40 26 -9 42 -20 31 -30 -28 0
15 -28 -12 13 -1 2 3 13 28 31 0
41 -10 -60 48 -44 20 -55 0
-6 1
-6 2
-6 3
-67 2
8 45 45 0
42 -21 42 -32 29 35 38 57 33 -46 32 -5 0
46 -27 25 49 53 10 11 12 47 60 57 -43 3 4 24 25 26 0
0
56 -22 -43 14 12 3 -25 0
24 -51 0
53 -32 47 -54 10 14 15 20 41 -17 8 14 21 42 0
54 -15 -16 52 -4 -20 0
42 54 56 14 -41 16 -8 12 -49 -13 29 -21 0
47 31 -2 19 -49 -39 13 15 16 44 16 -14 0
6 6 15 29 42 6 -44 -49 2 -39 29 -2 -30 0
12 0
19 26 29 36 45 10 30 32 33 53 51 -57 -4 0
1 -39 5 38 48 -49 5 17 19 45 0
14 -34 8 -36 -45 39 -37 -40 57 14 -16 -32 0
30 -13 50 -29 0
59 2 10 40 56 52 -19 0
12 -37 -11 14 15 31 4 0
12 -16 -39 31 -47 14 -49 -21 0
0
-6 2
-6 3
