6 36 42 45 51 0
27 -41 -48 9 47 52 59 0
6 11 16 27 -3 22 40 40 42 4 -16 -58 20 28 0
37 -38 -36 47 14 51 0
48 -18 18 -5 0
57 -8 -31 1 15 34 24 29 56 0
27 -26 0
13 16 53 59 0
0
42 -39 13 21 24 0
11 25 46 47 13 57 0
34 -30 50 -60 5 9 14 -55 -55 0
12 18 19 59 16 -20 0
24 40 41 50 16 -19 -43 21 -60 1 6 10 12 19 43 -24 -20 0
20 34 60 0
40 -48 -22 6 35 50 52 53 44 -46 0
60 26 -20 35 -56 -50 14 -26 -54 0
6 -52 -56 37 -60 43 -29 -29 0
3 16 16 35 31 -13 48 -7 1 -26 -4 12 -56 0
0
10 22 43 56 46 -8 -16 0
30 -29 11 30 40 52 0
-2 1
-2 2
-2 3
-66 2
0
28 49 8 14 16 41 5 -7 0
5 11 60 4 -37 0
16 30 57 0
41 -53 -3 0
28 34 56 42 -28 39 -28 52 -31 1 7 12 14 59 0
13 41 0
2 -34 24 -5 6 8 12 58 -15 0
12 35 40 40 50 38 -25 -53 0
17 -32 -60 28 35 0
19 -38 6 -55 16 -13 0
0
52 -24 -42 8 25 35 60 20 -18 -20 23 -6 -1 0
16 25 30 40 29 60 18 43 43 45 60 23 -26 0
7 9 11 37 47 28 -48 0
8 -30 -32 6 11 38 55 9 13 22 24 53 60 -21 0
11 -28 -2 19 -33 28 -46 -45 0
5 5 34 59 0
3 -21 13 30 33 39 -12 0
6 28 28 44 56 59 -59 0
-31 2
-31 3
