2 15 33 43 52 1 11 19 58 0
25 -12 -50 8 26 34 2 3 14 20 47 37 -10 0
2 -12 -22 22 -9 -48 0
45 -8 -30 0
39 -4 -3 28 -32 -51 0
2 16 25 50 55 47 -2 0
49 0
56 -10 4 -12 19 -9 29 -60 -3 0
24 47 54 60 20 -28 50 -8 -31 43 -26 0
25 50 43 -8 -31 32 -12 -11 0
4 7 10 19 41 0
0
24 -16 0
5 39 -37 -23 26 34 0
47 -8 14 45 59 1 33 43 -29 0
32 -24 -18 0
49 -52 -8 35 -11 -15 10 10 14 22 23 45 52 56 33 -10 -23 0
24 34 52 51 -36 0
22 28 53 20 -4 54 -11 -45 0
46 28 45 47 57 -14 -40 8 60 0
47 49 0
45 -19 10 -45 17 -31 -59 0
-5 1
-5 2
-5 3
29 -60 52 -26 22 -41 2 -48 -18 0
12 14 32 51 40 -55 36 -39 -50 22 41 29 31 57 0
19 37 53 58 59 13 54 -16 -24 24 30 35 0
8 -44 0
22 -35 -11 31 29 56 59 41 -8 50 -47 0
29 -7 14 -6 -46 0
32 37 0
18 -32 -51 10 11 37 8 30 0
51 -51 -29 0
8 -53 -45 14 31 0
0
53 33 -50 -18 46 -36 -59 49 -6 0
1 -49 -3 1 32 57 22 -51 30 -37 16 -6 0
49 -32 0
54 -15 27 -57 -36 18 -29 -43 0
36 -22 8 10 11 0
12 -38 -10 0
33 -1 -40 0
38 -60 -33 59 -49 -60 0
46 -52 -36 52 -25 -12 0
-5 2
-5 3
