2 10 28 57 0
55 0
4 5 34 45 54 -31 -25 27 36 53 10 22 31 47 47 17 -40 -36 0
27 -2 -51 10 15 47 49 54 0
38 56 -48 -35 1 18 23 47 60 0
3 25 38 0
25 30 53 1 -26 0
18 -9 -6 0
0
0
10 -2 -15 0
10 -45 -20 44 -41 -50 0
0
45 -47 -7 34 -17 -56 0
9 23 35 36 12 5 12 30 44 0
59 -7 5 -46 -25 13 32 45 48 59 0
1 -22 -10 59 0
8 12 28 35 36 0
40 -50 -50 11 13 19 47 51 0
44 -26 -21 39 -48 35 -38 -7 0
37 -25 -6 58 -24 0
13 -29 -50 57 -18 -51 30 -35 0
-5 1
-5 2
-5 3
27 -56 16 -45 57 -50 -39 21 2 -26 0
19 -33 -16 1 58 -18 -2 30 -56 -52 20 22 60 0
17 -38 -48 44 -58 -37 31 43 60 51 -36 -45 0
20 20 57 0
21 36 42 47 49 54 14 -49 -36 0
3 4 31 56 0
33 -56 -49 50 41 -2 0
19 25 26 31 41 35 39 56 0
43 -23 -31 16 18 20 -55 -60 39 44 12 -37 -52 0
17 -14 -53 55 -36 3 -14 -3 0
0
48 3 -45 -51 59 10 -39 -11 38 0
15 -55 6 -48 0
22 43 50 21 21 30 49 53 0
11 14 25 47 6 -1 0
29 43 53 53 20 38 6 -16 -43 0
14 15 16 59 28 -59 60 -40 21 -47 -2 19 0
56 -37 4 -23 -30 4 -46 0
7 7 8 18 37 0
9 45 53 53 35 54 2 11 11 53 59 0
-48 2
-49 3
