1 4 6 21 31 0
60 -50 -27 0
29 -45 7 0
43 -31 49 -26 -9 40 52 57 10 28 29 41 0
29 -55 -46 0
7 23 30 60 0
18 28 36 46 47 -53 0
12 26 39 48 51 42 -20 11 -31 54 -57 0
39 -5 -38 3 9 23 29 59 56 -42 0
53 -9 31 -13 -53 0
53 -46 -23 36 19 21 35 57 57 19 38 49 51 59 41 49 0
49 -31 5 12 22 46 59 0
40 -39 -31 12 -40 -9 7 19 30 46 49 50 -3 0
10 18 21 47 52 3 21 57 38 -40 0
25 32 36 43 23 -57 -44 0
21 28 35 53 35 -43 -14 10 18 22 47 0
6 15 48 17 24 32 34 48 0
41 -6 -39 21 28 44 60 -57 11 15 39 40 53 14 -47 -59 0
1 25 40 42 3 0
48 -51 -15 4 5 19 30 37 0
53 -34 1 47 0
12 42 55 36 -57 -4 0
-2 1
-2 2
-2 3
-67 2
29 -10 -50 0
13 -46 -57 10 20 54 60 19 0
8 -56 0
3 34 0
29 -10 8 -12 0
28 -1 35 -59 38 43 58 58 0
5 10 12 31 36 39 -10 -39 54 -17 -8 0
5 -41 18 29 40 59 60 15 16 23 41 37 0
4 33 11 -41 13 15 36 3 11 32 51 0
15 56 4 6 25 42 0
35 -20 40 41 0
6 34 0
57 -36 -8 16 27 31 44 50 25 -51 38 -46 -11 0
13 28 37 44 57 0
33 -15 -50 8 -32 36 -36 -34 58 -38 38 -23 0
18 31 -57 21 40 53 54 19 -35 0
0
53 -47 -16 29 -57 -36 25 -10 26 -56 -4 0
12 -6 -15 31 0
36 60 36 39 57 18 -34 -48 0
-2 2
-2 3
