26 -26 30 38 38 56 0
17 31 39 52 52 54 -59 -22 0
11 38 40 47 4 20 33 19 -36 -42 0
6 8 23 41 6 20 26 44 0
2 9 20 13 32 50 56 0
8 23 26 24 -47 -52 0
46 57 26 -42 0
8 -26 -55 4 16 32 57 -48 0
0
42 -40 -12 15 19 53 0
21 60 -4 -24 9 17 32 36 57 -33 0
29 -13 0
47 -33 -4 42 58 -24 37 -44 0
57 -24 55 -59 -4 11 -54 0
25 -13 -46 32 -43 -7 33 13 14 16 29 30 0
23 27 34 37 39 0
19 22 40 41 60 0
3 -10 10 29 34 44 44 5 17 46 0
34 -37 18 -51 -58 50 23 -9 39 -50 0
24 39 12 40 32 36 37 37 48 20 25 50 52 59 46 -17 -24 0
27 -60 -55 50 -40 -9 48 -36 -56 2 23 0
40 -47 -37 54 -16 4 -29 25 58 60 12 -43 -30 0
-2 1
-2 2
-2 3
0
13 -47 54 -15 -30 5 -5 30 34 38 59 22 -56 0
26 34 0
23 -8 -44 45 -34 -39 59 -34 -21 51 -20 9 0
27 31 35 42 56 24 26 37 55 -45 -35 54 -9 -14 0
0
4 0
0
8 23 55 0
12 -40 1 5 40 23 -20 -15 15 -10 2 -50 0
11 11 21 43 0
0
33 -32 -41 13 14 16 20 30 20 45 0
36 15 41 58 12 21 49 50 51 0
23 24 18 0
11 -47 11 32 -9 -14 0
10 20 -21 35 60 0
8 20 28 59 1 16 20 24 0
35 -27 -52 28 53 25 46 0
3 4 31 0
-6 2
-6 3
