28 -20 -27 8 9 15 25 0
1 -27 -53 9 -50 42 -4 -18 0
49 -6 -23 7 35 59 10 16 35 47 48 4 -20 -29 46 -35 0
4 -44 -39 48 -40 -50 13 18 42 45 -42 -37 38 -15 -53 0
10 52 0
44 57 35 -21 24 25 26 33 41 0
52 -13 -6 0
25 8 14 16 20 39 -28 15 21 31 33 57 33 56 0
13 -29 45 -12 -38 18 28 38 44 44 -46 -21 0
4 4 25 31 34 8 -40 -14 7 47 -28 0
0
34 -50 5 10 44 19 23 33 49 1 17 53 -13 -8 0
39 -36 -15 17 -46 0
4 10 20 48 59 11 18 0
56 -40 -9 24 29 55 56 0
56 -56 -27 13 17 0
5 -25 -18 57 -12 0
12 26 31 57 0
31 -1 -48 14 25 39 19 -42 -50 0
39 -4 -34 14 56 60 0
43 18 24 44 53 14 25 46 3 -60 0
11 11 21 9 16 48 0
-2 1
-2 2
-2 3
-66 3
23 38 44 47 0
0
2 -4 0
7 27 42 50 39 -8 29 -39 26 43 0
22 24 5 -38 -38 15 50 59 0
56 -45 -9 56 -37 -4 0
4 -16 4 26 -33 -27 23 -40 0
21 -27 48 -11 3 48 0
60 -35 -13 50 -17 -32 19 -31 0
0
20 -6 -7 0
51 -44 -31 6 23 46 50 52 18 29 44 52 56 7 19 34 42 55 0
33 49 52 55 0
6 7 33 12 33 23 -60 38 -50 0
1 11 14 18 44 -43 -15 13 -56 0
21 -56 -6 27 -58 -31 11 5 0
38 -34 50 -45 0
39 -19 -42 19 -9 -59 44 -51 -19 0
4 7 37 38 52 50 -11 6 22 39 17 -47 -32 14 0
11 -55 39 -18 -44 10 17 30 0
-47 2
-47 3
