18 21 22 -57 43 51 60 0
7 50 9 18 60 27 40 50 60 0
9 15 24 55 58 36 -59 -15 39 41 12 47 0
42 -28 5 15 39 39 -32 26 0
1 -15 20 28 36 47 57 16 31 44 60 1 5 12 40 58 0
43 -6 27 -16 -3 8 17 22 33 52 36 0
3 5 42 43 59 0
29 0
12 -23 46 -29 2 -29 0
1 34 50 51 59 28 -7 -10 33 -11 -20 24 -46 17 -16 0
0
17 21 33 54 58 33 26 38 -13 -5 0
30 -30 9 -35 0
25 -10 -26 42 -19 44 0
10 12 43 30 -52 22 -52 38 -9 24 -55 0
38 -38 -60 0
43 -14 -17 28 -47 0
13 -54 -23 21 12 13 1 5 8 33 49 0
60 -1 48 -14 -51 9 -43 5 6 24 25 0
2 -9 -30 17 -5 -52 4 32 48 0
60 -19 48 -13 -42 0
10 10 32 52 55 -4 0
-13 1
-13 2
-13 3
-68 3
3 31 38 -24 58 -49 55 -30 8 -57 -30 0
4 -60 -6 0
8 -37 -27 42 -40 -25 9 -45 0
32 -36 0
27 34 35 49 60 1 -59 0
54 -52 32 32 39 58 5 -5 0
20 -50 52 -53 -35 21 25 9 25 50 0
38 -23 14 -2 -57 13 -7 32 -58 0
18 23 24 50 56 22 -34 0
5 -51 -60 20 -44 -30 17 33 38 57 59 0
57 -26 -56 0
14 47 55 40 -41 43 -7 0
14 25 26 45 60 55 -19 22 -46 -57 2 10 31 33 37 60 -54 0
6 -4 -50 0
0
33 -13 -29 40 -53 -54 52 0
30 -4 -26 35 -35 42 -29 2 54 37 0
17 17 32 37 59 27 -1 57 -28 -16 54 -1 0
0
18 35 54 27 7 34 37 38 0
-18 2
-18 3
