22 -52 5 5 12 46 18 -47 4 6 17 0
50 -43 0
0
22 -3 3 11 14 60 60 0
33 -2 -14 0
32 -46 14 14 15 21 43 0
0
11 32 33 26 36 0
4 28 35 45 51 50 -24 -53 0
48 -45 -48 7 -36 22 37 49 52 5 35 0
18 39 48 51 2 20 23 48 0
46 17 34 46 57 0
41 -2 16 -51 0
52 -7 0
34 -53 3 13 43 32 33 43 55 12 26 30 0
4 21 34 44 46 15 46 48 59 0
19 -47 -39 45 50 27 28 29 52 4 0
24 -37 -9 40 -33 0
11 20 21 40 0
10 -36 -13 14 22 34 50 54 20 -3 -52 24 -50 7 24 27 57 0
10 47 56 19 -53 -48 0
19 19 43 49 50 13 0
-2 1
-2 2
-2 3
18 53 24 32 33 35 13 -8 -59 9 11 16 58 0
21 32 33 53 -34 -1 0
37 -13 0
5 18 0
27 -32 -46 22 49 9 15 20 46 55 19 -36 16 60 0
5 0
48 -29 -9 2 50 -36 7 28 3 0
21 -22 4 21 39 49 5 -20 -20 31 -47 -43 12 -25 0
50 -41 -35 4 29 40 5 -3 0
9 16 55 56 0
45 -57 18 28 32 38 39 0
58 -51 31 -33 47 10 -21 -6 0
4 23 34 36 25 -41 44 0
7 -11 0
0
5 1 -35 -11 0
5 -22 48 -58 0
46 -43 -48 7 33 55 -26 -30 0
20 -44 0
20 39 42 50 54 50 42 -43 0
-53 2
-53 3
