25 33 39 43 56 0
7 7 15 35 4 27 50 50 15 -55 19 39 43 48 56 0
58 -24 -44 28 -17 58 -15 24 26 32 46 53 26 29 50 51 0
15 17 24 42 10 -54 -58 0
0
4 35 49 0
9 -41 -8 8 -5 -26 0
8 -35 -35 45 -7 -21 0
33 -35 21 49 0
26 -4 52 -29 -30 0
12 -8 -25 0
12 21 47 51 52 0
0
11 13 28 30 40 51 -18 -14 0
39 -25 11 32 50 7 -6 33 16 -5 0
5 10 38 38 43 0
21 -16 -50 1 11 29 38 45 1 -60 -10 1 -4 0
8 15 27 44 0
29 44 44 53 45 0
53 46 -11 0
4 10 37 48 59 0
11 34 36 39 -7 45 -56 -50 7 9 25 28 39 6 -8 -50 0
-2 1
-2 2
-2 3
5 18 24 44 0
57 -43 31 -25 2 -28 34 -9 -2 0
48 -37 5 35 49 3 19 32 36 -33 -16 1 19 45 0
8 -5 -9 32 38 33 45 35 -15 -25 0
34 -57 -59 53 -4 -6 58 -32 -42 0
55 -46 0
6 30 36 41 47 30 -9 26 -41 -50 9 44 48 51 0
3 8 56 56 27 -10 0
0
8 9 16 39 46 0
6 -7 -10 30 -37 36 -28 0
13 27 46 55 30 -11 -49 40 0
0
37 11 -41 0
22 -56 30 -27 4 5 4 -51 -51 1 15 35 36 0
32 -39 -54 0
42 -41 -18 54 -54 -37 7 -55 -39 0
11 12 37 56 56 18 -8 56 -54 -33 0
58 -4 -33 44 -47 -28 55 -23 38 -58 0
1 4 32 54 56 11 58 0
-47 2
-56 3
