29 -19 37 0
25 -27 -27 29 30 17 -57 -57 25 34 0
57 8 -38 32 -49 2 -41 33 -6 -46 0
0
45 -25 -3 0
5 -17 33 -26 58 -23 0
20 9 -8 -2 0
1 16 29 36 0
0
40 -27 -9 21 -34 -27 43 -29 -38 0
4 22 39 54 0
34 39 25 -55 46 -18 -21 0
25 -32 53 -14 -2 6 29 31 31 56 0
44 -6 -28 4 -33 0
0
3 -7 -12 13 19 39 59 6 39 55 9 18 21 0
44 -27 -7 0
53 -7 2 59 12 -15 30 41 44 0
15 18 17 -49 22 -54 -7 49 -29 -30 0
8 37 41 57 2 -1 0
59 -23 -19 53 -15 0
18 -12 0
-50 1
-47 2
-50 3
-67 2
55 -41 -22 17 -54 -40 4 -14 -41 14 16 40 54 60 0
54 -58 -23 23 -34 6 41 0
19 38 54 -8 -37 37 -4 6 19 29 38 0
33 -40 -18 17 18 42 56 27 31 32 53 57 55 -50 -28 0
35 49 0
16 16 45 47 53 3 10 16 27 30 51 52 -35 -36 0
34 -55 22 -48 -28 0
2 14 50 36 -56 -57 59 -45 -27 0
6 36 8 21 42 52 4 -25 0
14 24 25 0
11 14 25 37 55 -44 -33 57 -35 18 37 0
23 54 4 19 22 45 -56 16 37 2 13 20 0
35 6 7 11 30 58 0
40 44 56 58 0
56 -15 -3 45 -44 -23 31 -26 5 27 41 60 0
5 9 14 28 48 -22 10 -23 50 -7 -16 0
33 55 57 57 47 -9 -21 5 10 51 52 54 0
59 -48 -31 23 24 31 44 51 1 19 22 43 0
24 26 0
25 -50 27 -60 20 41 45 3 12 38 48 7 18 0
-49 2
-55 3
