47 -27 3 5 23 47 59 0
16 21 36 54 60 5 -17 0
1 24 31 37 39 30 -17 25 -5 -18 0
6 13 41 60 30 -8 0
1 2 37 49 0
33 -40 31 49 56 0
0
11 -34 0
31 -10 -40 35 -8 5 9 55 57 0
21 -43 0
49 51 46 -17 -34 58 3 -47 -37 0
31 -25 40 -11 -55 3 -52 0
49 -39 13 27 48 49 50 0
20 -9 44 12 26 27 9 35 0
54 -30 38 -28 -5 0
0
20 25 28 43 55 3 17 29 33 39 55 -15 -48 56 13 16 33 60 0
7 -12 0
53 -26 13 49 54 54 4 0
41 -1 -52 3 26 42 46 17 -49 -29 0
12 -46 -36 22 42 -41 0
16 -16 -36 50 -16 -53 17 36 -46 -27 36 -60 -6 0
-7 1
-7 2
-7 3
-67 2
12 -55 0
25 -37 56 -51 -21 0
60 -41 -26 0
31 42 18 27 27 40 52 0
23 -17 -36 0
17 -18 0
40 26 -50 0
29 -60 31 33 53 53 28 46 20 38 0
18 -13 35 46 55 19 -5 -6 3 14 47 0
5 43 0
16 -17 -51 40 43 52 54 59 30 -10 -14 0
3 13 37 44 44 3 -29 -8 60 -31 -38 46 -13 -15 21 -43 -21 0
46 -21 31 -55 0
54 -11 5 17 20 41 -58 57 -46 -45 0
27 57 3 0
39 -35 32 33 46 16 16 27 39 40 22 -43 -33 0
31 36 41 47 37 -2 9 18 45 30 34 45 46 50 0
27 -31 -1 6 11 29 0
12 16 22 53 59 13 18 8 25 0
28 14 16 46 0
-9 2
-9 3
