54 -35 11 0
54 -50 48 -45 -33 1 15 23 43 53 27 -17 0
11 24 51 55 15 23 39 45 51 0
11 24 25 56 0
44 0
8 14 48 0
50 -2 -45 8 -40 -4 6 -7 -37 0
13 16 20 5 12 52 13 35 42 49 1 -30 0
24 -47 -37 53 52 0
10 50 54 11 -25 57 13 -34 -30 12 -12 0
43 -55 14 53 56 34 0
6 -54 0
10 -10 0
9 10 21 22 33 7 -25 -58 3 -53 -14 0
23 6 27 31 43 12 13 44 0
10 -13 -21 4 12 30 56 0
0
36 -6 58 -9 -58 0
30 -9 -43 19 43 50 49 -44 4 -4 20 -12 0
16 -52 48 -51 -47 20 56 51 -18 -30 11 15 23 24 37 0
26 -42 38 0
15 -39 -27 0
-2 1
-2 2
-2 3
39 -3 -13 0
17 -16 29 39 43 -13 0
58 -41 49 -59 -49 42 -25 29 55 0
7 -59 24 18 -18 0
0
60 -46 -40 48 -43 -33 57 53 -53 -9 4 -38 -52 0
4 -6 -5 40 43 49 50 -22 -31 2 15 33 36 38 0
4 -59 -20 0
0
56 46 -32 -46 51 -57 0
56 -34 48 0
5 -50 40 -28 5 15 43 48 2 10 15 29 58 8 10 24 40 47 0
52 0
0
57 -49 46 -9 37 -10 9 -47 19 -37 0
56 -10 8 -39 15 21 32 37 0
10 13 20 55 0
13 -51 -14 15 -45 0
3 9 32 3 47 -45 0
5 17 52 59 0
-40 2
-40 3
