20 32 42 48 23 24 41 18 27 58 60 11 30 38 0
38 -32 -26 31 54 7 26 37 47 6 7 19 40 44 25 -40 -15 0
5 13 29 39 54 58 13 45 49 56 0
7 -58 -26 49 -4 13 -50 58 -1 0
58 -36 -17 2 -32 -31 29 -42 -25 0
12 50 44 -40 56 -2 -10 0
11 -11 -42 15 -20 -26 7 42 0
25 -45 0
52 -47 0
1 2 24 53 2 20 25 35 49 56 0
34 -21 0
8 47 48 0
25 -58 -12 0
15 0
30 -24 -51 30 -14 2 16 18 30 43 0
59 -44 39 -38 -49 0
14 15 49 -38 -8 11 13 32 52 59 0
47 -52 -51 4 -47 15 -32 35 -53 58 -36 0
55 -40 -3 14 19 36 12 -24 -33 4 5 21 0
50 -56 44 -47 -41 25 29 42 0
12 0
6 27 39 45 4 7 10 17 60 8 -7 0
-2 1
-2 2
-2 3
1 5 31 36 27 -10 -42 53 3 23 37 0
18 -58 -44 0
4 7 42 58 1 21 26 38 31 -58 14 -55 0
8 42 52 52 24 50 59 0
1 13 23 24 51 7 -4 -17 0
55 -26 -5 25 40 57 58 58 34 38 41 46 21 28 55 56 7 -44 -1 0
60 -34 25 0
2 36 55 55 55 41 2 19 23 27 41 0
50 -58 0
44 1 -17 16 21 46 0
9 14 26 47 51 48 -49 0
5 34 37 46 56 52 -1 8 -34 0
14 16 52 53 0
17 60 60 -45 -32 18 -50 -22 0
10 -14 12 -14 -27 0
34 -1 -13 26 33 45 0
3 3 4 40 57 0
54 -49 57 -18 -12 4 -16 10 14 15 27 28 0
19 -15 -55 28 59 1 4 10 11 19 0
3 32 34 36 0
-52 2
-54 3
