56 -59 -16 0
9 -44 -20 8 14 28 53 53 0
53 -38 0
16 -21 51 -53 -31 0
8 41 45 47 4 -56 -3 43 17 35 54 6 16 40 0
3 3 25 52 0
22 -5 -24 35 52 7 16 37 50 0
14 25 33 36 -48 -12 0
7 18 21 38 41 7 -44 0
6 -60 -56 50 -24 15 28 39 46 60 58 -49 -20 12 -60 -15 0
55 -29 8 -30 14 44 60 39 -16 -58 0
37 -48 -28 0
13 37 56 32 25 30 31 35 45 60 -51 -51 0
57 -58 0
0
6 -33 -26 0
29 -9 -50 0
32 7 28 29 34 45 49 5 -32 0
16 21 22 35 46 41 -38 10 -21 0
53 -46 -3 35 -54 -13 27 30 46 51 46 -33 0
2 4 4 7 54 0
25 -15 -56 29 -37 -59 20 -43 -5 15 27 39 42 50 0
-2 1
-2 2
-2 3
-69 2
1 8 16 17 34 0
8 -3 -50 0
40 48 0
18 -11 -18 19 -55 -3 17 30 37 50 26 -22 5 6 23 46 47 0
10 48 18 -42 -42 4 -35 -11 0
25 42 53 48 50 55 56 43 -55 -25 20 -34 0
46 -39 15 -14 2 18 20 32 55 0
21 -10 0
54 60 25 -31 -20 49 0
3 27 47 1 42 59 10 -33 0
24 -53 -17 60 -59 2 -20 0
49 -26 -37 11 31 0
6 38 53 15 -9 47 -12 -6 0
29 53 51 -34 -47 12 15 28 23 -37 14 21 0
0
17 -32 25 -49 -15 56 -34 -44 15 -24 40 -32 -46 0
11 -31 -57 8 -47 -31 3 -28 0
58 -48 -7 38 -23 -36 9 -58 -30 22 -26 60 -54 -32 0
35 50 3 -5 8 17 22 38 0
11 -16 -5 0
-18 2
-18 3
