12 36 58 0
1 6 21 29 49 24 45 59 57 -13 0
23 -59 -9 0
39 -46 -24 0
33 21 -15 39 -48 -53 0
50 -30 33 -36 -32 10 15 27 28 10 -41 0
42 -19 -16 30 59 6 -37 0
5 9 2 5 23 50 0
20 20 59 27 -17 -36 0
1 -28 56 -41 0
6 6 17 32 44 0
30 -36 -33 0
29 -12 -43 17 -27 16 -48 -1 22 -13 -58 0
22 -18 13 -21 -48 2 5 10 16 30 0
49 -4 -6 5 58 0
14 14 57 -1 10 11 19 30 51 17 -55 0
53 -9 -42 17 -7 -47 52 -44 -34 16 -56 0
39 58 11 21 43 6 -11 0
19 29 29 38 43 -27 30 0
25 -19 -6 0
60 0
60 -56 11 26 33 42 60 0
-2 1
-2 2
-2 3
-66 2
0
39 41 48 50 32 35 0
20 -28 24 30 40 -2 -1 23 -47 -52 14 -35 0
17 -13 15 -53 0
6 15 29 57 10 22 56 12 0
0
12 17 18 50 0
4 27 31 36 42 9 -18 0
45 -8 -54 0
14 18 8 -26 -28 35 32 -20 -57 12 -57 -47 0
47 48 38 45 47 58 0
23 -39 0
51 58 29 -11 -8 28 -4 25 -23 -10 2 -33 0
52 -34 -34 0
49 -6 30 38 41 58 0
38 40 5 -33 1 -14 0
59 -36 -11 2 -44 -16 41 -36 -50 31 -17 -60 33 -15 0
7 -18 -31 50 -40 0
28 49 56 13 -55 10 17 21 35 2 32 33 0
2 19 27 28 47 42 -25 -24 20 -19 -15 12 33 0
-2 2
-2 3
