14 0
18 -43 -21 0
3 14 25 37 36 36 46 54 -7 -15 18 -28 -4 46 -41 0
17 -2 -33 4 -58 56 -20 -31 22 -20 0
27 -33 4 28 48 14 24 26 32 52 0
53 -53 44 -41 -10 5 11 25 30 40 49 -29 0
39 -60 -14 8 -57 13 21 55 33 40 43 0
27 -13 -4 54 -59 24 -1 -29 20 -28 -41 37 -60 0
9 28 32 34 50 0
27 40 58 49 -35 9 -43 56 -29 36 37 46 0
44 -18 -56 11 -23 -1 43 3 10 12 13 45 37 -23 0
24 -58 0
39 -36 2 38 47 59 7 34 4 36 0
17 20 20 45 49 59 -21 0
10 -36 -21 0
21 22 37 40 -2 29 0
17 -60 -40 10 16 34 55 56 4 6 19 21 22 11 24 8 0
13 -37 -23 0
40 -40 -28 16 -49 44 0
31 -16 0
9 14 19 1 24 52 33 11 -18 -16 0
35 -41 0
-14 1
-14 2
-14 3
-66 3
18 27 36 8 25 40 53 55 4 7 29 47 55 0
47 -59 0
6 19 28 35 58 21 -14 -14 0
28 42 58 47 -27 -31 41 -12 0
11 -11 59 -46 47 -45 0
25 37 0
19 54 -1 4 15 25 35 0
40 -31 0
24 0
47 48 55 59 -19 0
16 -23 -45 52 -42 57 -13 -42 0
57 -6 58 -35 0
15 0
47 -54 -39 29 -24 35 36 10 10 17 18 21 54 -32 0
18 23 57 43 50 52 23 -2 -11 23 -5 -26 0
51 -45 0
38 38 -58 -49 47 -3 -7 14 55 0
2 45 59 46 -24 -36 0
46 -30 54 -31 -15 0
46 -1 -60 9 -48 3 -18 7 -43 -12 0
-52 2
-52 3
