14 -33 -36 0
0
51 -13 -15 0
53 -60 60 -57 15 -29 0
39 54 60 12 -49 39 58 -19 0
15 -6 -40 15 23 23 40 40 34 37 47 54 26 -3 -57 1 -5 -1 0
4 -34 23 -36 -59 60 -43 55 -36 -18 6 8 40 56 57 0
2 8 10 29 49 2 8 41 59 9 21 43 1 0
31 0
55 -23 -1 0
8 -53 -23 24 -56 -13 10 -45 -4 58 -26 -9 0
12 27 33 37 60 10 24 38 8 21 22 57 0
26 -15 0
15 -18 17 -10 -42 2 -37 -50 0
34 52 13 23 37 57 0
8 56 4 5 22 34 54 9 20 49 53 57 41 -2 -42 40 48 0
24 -42 -1 8 -33 -32 3 -49 10 -5 -37 18 -23 0
0
22 19 -41 -22 0
43 -24 -35 2 7 37 47 57 46 -59 -40 13 -9 42 0
19 -52 -30 42 44 52 19 20 60 1 -6 0
27 -57 52 -22 52 -6 15 39 43 0
-10 1
-10 2
-10 3
54 -48 0
41 0
20 53 1 26 26 28 31 15 51 0
37 38 32 21 -55 20 52 0
11 3 -31 17 -40 -10 0
37 -57 -46 49 5 0
7 1 6 14 20 52 50 52 22 -35 0
3 24 32 36 0
30 -10 -6 0
10 -43 15 -54 31 0
51 -9 -8 37 -23 -18 12 23 0
58 0
30 -29 -34 20 30 52 3 10 24 45 48 50 0
6 19 21 24 52 0
0
5 15 20 36 12 22 41 56 57 37 -21 -57 27 39 52 0
41 -31 28 43 48 -20 19 -31 -25 0
33 -54 0
53 -60 21 0
27 -20 0
-15 2
-15 3
