19 20 28 47 56 3 18 47 43 -25 0
23 -20 0
54 9 6 15 29 51 4 -46 -58 0
19 30 0
11 19 43 48 7 -44 -54 12 32 24 34 31 37 0
10 -16 -1 0
46 -9 41 -51 -10 22 -57 -15 39 42 47 0
0
26 -38 20 19 -36 -15 0
30 -36 6 37 31 45 51 52 55 52 -15 0
9 -46 -48 7 20 32 43 15 -58 -49 0
4 -48 59 -4 0
47 -38 3 11 21 22 0
44 -51 -23 21 27 36 45 46 11 0
13 -20 -58 0
33 -20 -6 26 27 30 40 42 0
26 -58 32 -13 -10 53 -10 0
6 -10 26 -17 8 19 30 38 9 -17 24 -52 0
17 23 34 36 53 10 32 18 -51 -1 8 26 30 30 0
7 8 9 34 37 42 49 1 7 9 18 36 0
4 8 15 37 23 -42 33 -41 22 -33 0
12 58 59 54 -1 -34 0
-2 1
-2 2
-2 3
1 -25 0
0
58 -28 20 -28 25 -55 -55 30 9 19 28 45 0
21 -8 -51 17 -2 -52 34 -54 -38 14 -8 4 30 0
9 11 17 47 25 53 14 -30 33 -1 0
0
8 12 28 60 58 -19 -17 0
28 33 0
26 -57 0
34 -27 37 -35 25 -27 -38 0
19 44 8 11 14 17 5 -1 0
8 28 0
28 0
5 12 3 -47 43 60 -12 -8 0
27 35 -60 -25 3 10 12 16 17 15 33 0
31 -60 -6 14 -46 -26 5 -35 -36 0
1 21 36 0
4 29 60 2 5 25 48 57 42 -49 -50 0
30 -60 -3 25 32 35 39 40 42 57 59 0
6 -55 0
-47 2
-48 3
