1 47 11 -24 17 -46 -27 0
1 -57 -56 41 53 6 14 53 -32 0
12 -8 0
5 -43 -19 7 13 26 28 47 32 -60 0
19 19 56 -39 -34 0
7 -17 35 39 49 0
30 31 51 -60 -53 8 30 31 34 56 44 -20 0
12 -54 -21 48 -6 -60 32 -13 27 -18 1 -2 0
39 -32 9 -57 -7 0
18 19 25 31 12 -58 -31 23 24 0
26 47 0
48 22 -26 0
25 -23 7 -24 -23 6 19 16 -45 9 -4 -45 0
1 -50 36 47 49 5 -18 26 -49 -34 46 -48 -7 0
0
21 31 0
7 7 24 55 15 24 25 26 11 -20 -48 0
51 -16 34 -37 -28 11 -7 32 0
20 25 31 34 26 -55 49 -42 24 57 32 -10 0
2 3 17 39 54 37 45 12 26 55 0
57 -23 -57 0
0
-3 1
-3 2
-3 3
33 52 0
8 10 18 23 60 0
41 -45 0
30 -22 -13 14 19 56 60 0
6 -3 8 51 29 -51 -46 9 15 22 44 36 -25 -2 0
6 21 38 9 26 44 49 58 33 -19 -48 29 51 54 58 60 0
24 -25 44 -9 50 -29 56 0
7 11 27 45 49 7 -11 30 0
7 -15 23 57 56 -34 0
2 -1 15 23 33 46 0
31 -13 23 45 46 4 -7 19 -2 -40 49 -53 -18 0
12 13 51 12 31 32 5 -44 36 -39 57 -41 0
1 8 31 33 42 53 16 38 39 45 -10 0
17 59 23 31 54 54 -9 -46 0
0
5 59 -49 -12 32 51 56 -45 -31 0
53 -36 6 15 24 29 12 0
0
33 -39 -43 40 -60 40 -44 35 -21 56 0
16 43 13 23 30 53 3 45 49 0
-47 2
-47 3
