44 -60 42 -45 -35 9 26 29 44 57 -11 -54 0
16 -8 14 20 51 -56 -32 0
20 -44 -41 18 -57 -24 0
9 9 51 52 53 0
47 -44 -35 0
11 -27 23 -41 -16 0
44 -60 -16 24 -53 -29 0
44 -53 23 -13 0
4 -53 -57 16 -33 0
34 29 -25 0
28 -22 -5 0
15 -46 60 -60 -35 46 53 55 42 0
13 -22 -58 12 -42 -6 0
16 -19 0
51 -30 0
3 33 35 38 7 12 54 55 26 30 48 53 8 44 59 0
9 -20 -45 2 -19 -50 9 11 15 0
0
18 -54 41 2 15 17 38 42 9 -1 60 0
54 -54 -33 23 -56 36 -27 57 -5 -15 0
35 -11 0
38 -2 13 25 48 26 -30 -43 0
-2 1
-2 2
-2 3
48 -27 -2 7 -42 -29 0
1 45 36 -14 -18 0
37 37 53 58 60 0
34 40 53 57 60 0
0
57 0
26 -42 0
48 -6 -46 3 6 31 34 48 0
8 43 45 51 -34 -48 0
42 -60 0
12 58 56 10 34 53 -46 -48 0
11 19 33 41 35 -42 1 37 57 0
41 -2 -7 38 -23 0
25 32 43 42 -32 0
12 24 0
38 -28 -37 16 17 28 45 50 0
20 -52 -34 39 58 21 29 30 45 0
4 -7 -14 4 -24 15 -1 -42 0
2 -46 -45 13 43 0
10 13 15 27 -28 -10 0
-4 2
-4 3
