29 -57 -18 0
41 -11 -5 0
30 -24 41 -8 -32 38 -34 -54 4 8 21 22 48 0
15 48 53 -29 39 -4 -42 0
26 -20 -32 0
26 43 56 58 -36 -50 4 -27 0
0
27 -24 -40 25 32 46 47 49 2 15 33 0
50 11 11 28 43 0
31 -57 5 45 50 24 57 -54 0
11 20 28 38 48 15 15 25 1 26 36 0
13 25 57 27 29 40 41 44 0
20 -7 -4 0
27 -51 12 38 49 0
4 13 22 28 22 -17 -57 0
8 22 39 51 12 -3 0
2 -40 5 14 19 47 50 37 -13 -48 0
36 -7 35 -41 -9 0
2 36 56 39 -30 27 -52 50 -23 -25 0
25 32 55 0
36 -37 49 -1 -60 3 -52 0
14 -6 -3 0
-5 1
-5 2
-5 3
-69 3
7 32 47 51 13 45 0
4 -34 0
36 -47 -20 6 27 58 18 -43 16 0
34 -1 -31 48 -45 -28 4 2 4 9 12 53 15 -13 -16 0
39 -56 -2 36 -25 0
43 57 13 -12 1 5 45 32 -28 -33 0
26 -5 -18 13 -57 48 -4 -35 30 -1 0
1 18 20 35 0
6 -43 11 -34 49 -39 -49 57 -47 -35 0
0
10 34 38 57 1 15 31 -24 -53 54 0
0
7 29 31 29 -10 0
3 4 25 52 43 49 35 38 50 6 -32 -16 0
43 -28 15 25 26 44 20 31 37 2 17 19 60 27 -33 -23 0
24 -32 -30 9 -18 -39 19 -46 5 -57 0
34 -21 36 -44 -47 0
27 -39 42 -57 0
33 51 54 57 -46 -8 12 17 20 56 0
36 -53 27 -26 18 -28 -3 17 18 32 49 0
-22 2
-22 3
