48 55 16 18 32 4 -32 0
19 25 41 51 47 -20 56 -51 0
12 -50 0
39 -7 -60 0
11 0
32 46 56 20 -34 -59 0
3 22 38 53 16 -24 0
10 12 14 15 60 15 -26 -26 0
15 -31 -54 13 -39 -42 0
49 -12 -32 0
43 46 41 -59 8 9 25 26 29 0
0
29 -56 44 32 -12 -8 0
24 -21 -13 32 57 0
12 -27 -41 22 -20 -58 56 -58 7 17 0
46 -60 2 -2 0
40 -5 36 0
7 16 21 49 49 -7 0
13 -15 -47 0
1 10 19 5 -16 -13 8 12 20 54 58 35 5 12 56 0
34 -27 36 -49 0
45 -50 -47 0
-22 1
-22 2
-22 3
27 -2 12 35 19 22 33 54 54 5 8 10 40 0
24 -29 -2 0
18 27 45 47 0
46 -5 -51 0
42 0
59 -4 3 -20 53 -24 -51 56 -58 -49 8 -32 0
16 -14 11 -52 5 -54 -12 32 -33 -4 38 -24 0
2 7 32 0
7 8 12 42 19 -2 0
11 -59 33 -7 0
57 -45 -6 10 -27 -2 47 -34 46 -25 21 -48 0
0
1 14 39 7 16 39 50 51 60 -22 15 24 51 58 59 0
3 -12 -25 0
20 42 48 0
18 20 25 0
13 23 52 60 4 30 32 46 56 58 32 -48 -40 0
14 -43 -29 0
24 37 37 38 45 -39 -10 57 -38 3 -16 -56 9 12 18 51 0
35 -15 3 0
-52 2
-49 3
