52 54 49 -40 -2 23 5 -34 0
40 -53 50 -5 9 -44 -3 2 60 29 45 0
51 6 -45 11 16 26 39 54 0
6 11 27 27 55 0
9 10 18 20 28 0
2 -3 -51 58 -35 -35 15 45 50 0
8 19 24 59 54 55 45 -34 5 0
24 -7 24 -57 47 -36 -43 7 22 42 52 0
9 26 36 41 17 -45 -28 52 -22 -55 3 -54 -10 15 0
16 -28 -30 0
45 -28 -11 9 10 39 50 58 -41 -25 21 -22 -60 0
11 -35 -6 27 32 48 38 -16 0
2 17 56 0
16 -11 0
24 -3 37 -2 0
7 -41 53 -12 38 56 0
53 -37 -10 8 9 29 36 35 -19 -54 60 -59 -23 37 -3 -39 0
38 -17 -10 0
3 10 22 24 25 9 19 50 55 18 59 0
4 5 41 0
34 6 28 33 27 32 33 39 59 0
16 19 34 0
-2 1
-2 2
-2 3
13 14 42 -31 9 -6 -23 7 16 21 57 0
29 -36 -30 28 -3 -31 0
32 -29 -45 0
12 17 12 -10 10 -9 30 -25 0
18 -51 -27 13 -48 0
25 -24 16 6 12 -36 0
44 -33 -42 7 42 0
25 -10 -51 0
29 -35 -9 25 -36 -21 15 24 38 16 4 -53 -38 0
8 -11 -44 0
57 -8 -48 3 4 4 29 56 0
18 20 24 56 4 18 25 30 24 29 30 33 56 0
0
51 -16 2 14 46 53 0
33 38 22 36 47 50 1 -11 -6 0
7 13 32 42 18 -13 -46 55 -55 19 -30 -21 0
27 -8 -46 40 -44 54 -3 26 52 0
46 -51 9 -54 -56 0
33 52 0
31 -14 35 36 46 47 51 30 36 56 0
-54 2
-51 3
