15 -40 -59 30 -58 -15 0
6 -57 -60 59 -5 0
12 -31 -21 0
60 -5 -24 37 -34 6 -31 -23 48 -39 -26 4 56 0
0
49 46 -4 0
23 -19 0
18 -34 -23 50 -56 -50 30 -41 -52 27 -57 0
56 -45 -43 0
21 -56 -45 39 -57 -50 34 -38 0
38 -36 -31 0
49 -59 -7 40 -52 0
53 -55 18 34 53 -27 0
57 58 2 38 11 18 25 35 45 -46 -11 0
1 15 27 30 31 -49 4 4 14 7 16 25 45 50 8 -49 0
57 -7 0
44 -44 0
51 -53 -41 33 43 52 0
53 56 29 -35 15 48 50 12 -8 -51 49 0
5 -13 3 31 41 47 53 49 -46 25 -28 -11 13 21 59 0
25 42 27 -41 -26 27 44 58 59 0
14 25 25 33 34 -1 -52 44 -46 -46 0
-8 1
-8 2
-8 3
20 30 35 51 60 0
5 8 30 36 56 59 -13 -8 22 -27 -37 0
9 36 5 -39 -45 5 27 59 59 11 19 30 54 43 -42 -52 0
4 -44 31 -55 -32 40 -42 47 -25 -1 0
0
1 18 19 54 56 0
5 43 10 -21 0
14 22 48 51 56 29 -5 60 53 -39 0
15 -8 -8 40 0
5 24 28 38 46 1 5 35 13 -8 16 0
7 0
12 -24 12 -8 29 -44 -30 0
1 50 55 56 11 38 46 58 0
59 10 27 31 32 53 19 -1 -3 16 27 35 3 25 40 40 48 0
1 30 24 0
29 -59 0
6 28 31 32 -7 0
1 26 43 57 32 -41 45 -34 0
13 22 27 29 35 12 -4 -1 59 -9 0
3 -36 -3 24 -53 -56 25 -58 48 -54 -3 0
-16 2
-16 3
