26 9 -3 5 -10 -1 52 -16 -17 57 -3 0
13 41 45 54 55 45 -23 7 -41 -40 7 -18 -18 21 -8 -49 0
13 -46 0
47 -33 -39 58 39 -9 -56 18 -53 0
49 -22 -22 56 -16 -2 6 15 38 45 60 -46 0
1 -11 2 23 59 -37 0
1 16 23 34 19 31 3 -5 -36 36 37 48 0
40 -33 -55 0
15 -47 -41 26 41 42 20 30 0
15 -36 0
6 12 23 53 60 45 16 28 29 0
40 -1 35 -22 13 34 47 25 -34 -35 2 -53 0
15 30 30 46 41 0
10 -15 -35 0
3 7 13 49 12 27 29 60 55 -45 0
29 42 56 0
0
12 12 42 59 16 -13 -18 29 -41 -17 26 0
49 -50 -30 43 57 37 -17 3 25 29 32 60 16 0
33 -33 -49 15 21 38 43 45 2 -29 -3 13 16 39 46 57 -24 0
35 -12 45 -25 -7 7 20 45 52 9 -13 -44 0
55 -19 -12 0
-3 1
-3 2
-3 3
6 -11 7 9 27 37 51 13 24 55 56 52 -36 0
4 12 41 0
59 -21 36 -5 9 -38 -26 0
45 55 59 0
29 -14 9 25 55 0
39 49 42 -13 14 15 34 58 7 -18 -7 0
35 9 23 25 29 7 35 0
41 -16 -12 0
3 -55 4 -36 0
9 -35 -24 34 -36 -51 0
41 47 53 56 55 -28 -25 9 -38 29 0
59 -36 3 6 34 49 54 0
49 55 59 43 -57 34 39 44 58 0
7 48 55 0
42 -14 -40 48 -37 23 -48 56 -1 20 30 32 38 50 0
3 16 36 4 25 42 40 58 58 15 17 0
51 -12 7 9 59 0
2 5 15 31 34 38 -51 5 13 18 40 -34 3 5 12 43 50 0
1 38 -46 -7 36 -27 16 21 39 42 60 39 -8 -43 0
6 13 60 0
-10 2
-10 3
