16 -30 -21 17 39 41 0
32 -49 2 33 31 -14 49 -59 0
47 -15 -46 45 51 0
59 -55 -44 28 33 44 32 -21 -36 0
15 -14 -6 45 -59 32 -53 -34 0
47 -11 41 -59 -11 0
26 -14 53 -30 -11 0
49 -41 -12 0
10 -22 36 -15 -39 0
16 -40 0
8 0
16 -34 -1 55 0
34 -56 -18 46 -34 0
51 -11 -56 49 45 -44 -52 0
29 40 3 26 21 -47 -50 44 -30 0
21 36 12 18 24 31 0
31 -36 -20 5 12 12 24 26 34 56 60 -11 0
3 20 37 41 60 36 48 53 7 -24 -56 0
46 -57 -2 25 -26 -58 47 -37 -28 32 56 -15 0
39 43 50 3 5 49 57 5 23 41 44 54 55 0
8 12 19 22 24 0
30 34 41 57 11 -25 19 22 34 51 54 16 24 39 44 0
-2 1
-2 2
-2 3
26 -10 -33 0
51 -39 -38 1 1 23 31 32 19 -4 0
14 34 -22 0
1 8 17 0
19 -31 -44 11 35 35 24 -54 -32 42 -52 11 44 50 58 0
41 -10 13 -32 -46 0
15 35 42 54 2 51 6 0
26 -37 33 -51 1 27 29 35 17 0
11 -57 0
9 46 57 60 35 -41 10 -55 10 16 19 59 59 46 -5 0
34 -38 -54 3 -9 -33 0
40 -27 -35 22 -25 9 0
12 5 28 18 20 23 31 -24 5 30 46 48 0
16 -9 -49 37 -22 0
43 -15 35 -14 -24 21 45 22 -4 -31 16 20 42 58 58 0
1 10 20 39 49 17 0
5 -44 -28 0
1 29 42 53 38 0
35 59 12 31 36 42 58 0
21 49 52 4 0
-54 2
-56 3
