34 -22 -8 8 26 55 31 -4 -58 0
58 -55 -2 54 55 0
14 -22 -47 23 -3 27 -9 3 19 40 41 58 0
21 36 12 12 24 0
2 5 14 31 40 25 44 46 0
38 46 -23 -9 0
43 -56 -19 28 -44 -9 0
36 -43 -48 6 -24 -3 0
0
26 -36 -40 30 -35 0
51 21 22 0
16 -50 -46 0
34 -35 -43 15 9 55 0
7 -60 17 26 39 48 35 -10 4 52 0
20 36 41 0
7 41 56 6 -5 5 -11 -46 0
3 57 5 32 33 46 55 49 -26 -12 12 -26 -40 15 45 0
6 -30 0
21 28 -45 18 0
33 -49 6 8 15 40 0
41 -18 -34 11 -60 -46 0
24 -12 -21 0
-2 1
-2 2
-2 3
-66 3
3 12 20 43 50 -48 18 30 37 41 53 27 0
8 -46 0
39 -15 17 21 42 44 60 0
16 -59 -21 50 52 53 0
0
15 47 32 -56 -50 21 -38 -54 1 3 3 17 59 13 15 27 52 0
14 54 -39 -14 15 21 38 58 14 17 21 41 51 0
1 24 51 57 0
52 4 -10 -11 0
15 0
16 -30 33 -32 -21 54 -46 0
46 53 56 31 -23 -29 47 -49 36 -33 -38 0
60 -36 -51 0
5 17 29 42 43 4 6 21 37 48 0
12 35 39 44 47 0
26 -55 -7 28 -51 23 -25 -12 28 34 0
0
4 12 0
33 -18 36 -37 5 19 -43 0
13 46 46 47 27 -19 14 18 21 -7 -48 0
-9 2
-9 3
