20 -52 -24 0
55 -56 3 -33 43 -2 -14 0
1 -14 1 40 13 -22 0
31 34 0
47 -31 32 -15 0
52 -52 8 -8 22 -52 -14 0
19 23 26 43 56 -13 -3 0
59 -57 23 0
31 -1 -16 2 12 15 15 30 21 -7 40 -50 51 -14 0
40 -20 -41 48 -34 0
5 60 -2 -5 9 22 40 43 -55 -51 0
39 -17 -53 0
15 -39 0
7 7 11 50 0
18 -7 3 14 23 36 45 31 -23 -16 0
14 0
48 -37 0
0
41 -39 -26 50 -47 -60 46 49 12 24 37 50 55 0
0
4 30 41 1 4 9 16 1 3 8 23 50 0
3 37 59 12 -26 -59 59 57 -53 -56 4 -58 0
-5 1
-5 2
-5 3
-66 2
5 -12 14 38 0
6 -43 -20 0
5 -55 -4 0
2 -48 4 10 18 30 12 33 0
27 -33 23 -7 14 -50 0
0
54 -49 -35 0
33 -43 -56 42 -45 0
2 17 42 56 19 45 53 14 41 43 14 -28 -59 0
33 -57 -34 0
5 60 5 -53 -13 0
27 31 56 -12 43 -59 -2 0
7 7 22 29 57 25 -16 -3 7 -39 -22 44 -44 0
26 -3 -12 10 -27 3 20 49 51 60 0
15 22 50 22 35 40 -26 -50 23 46 0
8 -8 10 25 30 45 57 -26 1 17 -53 0
8 -32 0
23 -44 -30 43 54 0
26 -27 11 13 35 39 55 0
53 -30 -49 48 -39 -38 24 -49 -38 0
-51 2
-49 3
