24 26 27 36 44 0
17 -15 -38 60 -9 -54 7 14 15 43 44 1 38 38 51 0
33 -24 -26 25 -21 7 -34 0
0
27 -46 -26 24 -17 1 -22 0
57 26 0
6 9 33 47 0
5 18 34 36 60 16 28 36 41 46 -28 0
4 -48 20 35 41 51 53 30 -46 0
25 -28 59 -52 -6 59 -54 0
3 10 53 -36 40 -28 0
12 59 4 -23 0
23 13 -31 24 -32 -2 0
54 23 -43 42 23 -10 -33 0
18 -23 0
52 53 35 -17 0
10 24 29 30 39 10 29 0
8 16 32 32 59 0
59 -26 0
28 35 16 -40 0
46 -19 -33 28 -29 43 -14 -20 0
52 -21 -14 54 42 -50 13 54 56 19 0
-2 1
-2 2
-2 3
25 45 34 -21 50 -41 0
2 16 32 51 54 4 5 40 53 0
55 -31 -9 0
32 -15 23 30 53 42 -43 3 0
11 -10 -34 8 16 35 0
5 -19 -4 15 47 15 -24 -29 5 9 13 43 47 0
55 -10 9 -35 0
33 -1 44 35 41 45 48 -1 -59 0
18 -49 45 -33 17 -36 37 40 51 1 45 0
15 21 -3 -33 2 44 56 59 38 -9 -47 51 -52 0
46 51 7 -43 0
17 27 52 9 43 51 0
53 58 3 12 15 34 15 25 35 52 3 -39 0
49 -13 1 5 23 53 57 0
18 23 34 39 44 32 -35 0
23 -29 7 -19 3 54 -22 52 -24 -40 0
44 -37 -10 19 -45 40 -57 0
34 -31 0
39 44 52 0
56 -1 26 -45 -22 0
-21 2
-21 3
