0
19 53 6 -41 -3 41 -16 -22 47 -9 -35 9 36 39 58 0
1 -28 41 43 14 22 25 10 -12 -4 0
19 22 40 41 54 0
18 22 26 46 52 56 -60 34 35 25 -46 0
30 42 0
40 53 0
9 10 16 57 59 12 20 0
19 24 26 40 49 13 42 0
18 -33 5 16 28 29 52 11 12 19 13 -18 24 42 43 58 0
14 -44 -45 25 58 6 29 47 26 -49 0
4 27 32 34 38 20 -40 -13 0
8 9 58 34 -9 6 54 0
10 24 36 39 6 -47 -40 12 24 39 9 -29 58 -25 0
3 21 27 31 38 22 -22 -15 14 39 0
35 39 51 58 10 -19 -41 31 -19 -22 19 48 0
32 -24 -43 41 0
39 -32 0
25 -14 -8 16 -30 17 59 0
8 -28 -18 43 -34 -22 19 -54 -11 0
24 28 36 38 59 0
6 46 51 6 -56 -44 57 -30 -28 33 -20 6 -49 -28 0
-2 1
-2 2
-2 3
-67 2
51 -24 25 -57 27 -40 -5 49 -8 -54 0
32 -60 8 11 31 45 0
17 32 47 0
8 -23 11 12 28 50 26 30 42 55 0
15 -37 -16 0
4 14 38 41 13 19 32 15 -18 0
0
15 21 29 29 37 45 -54 -3 39 20 25 26 28 55 -18 0
56 0
2 28 34 39 24 -39 26 -35 0
36 38 -34 -5 13 29 31 60 2 0
26 -26 44 -34 0
23 30 35 46 53 0
2 0
12 18 32 54 25 36 50 57 -35 0
17 -47 0
8 7 -12 -7 19 -36 59 10 -35 0
16 55 52 -31 0
30 -30 -16 0
1 6 12 25 0
-6 2
-6 3
