0
56 0
15 -35 30 -31 2 4 35 59 32 -28 30 -33 -13 0
44 -41 -15 4 10 20 45 40 -13 0
48 20 35 3 23 28 38 53 0
23 -43 -43 20 -53 0
26 -43 16 27 19 -8 0
2 21 39 53 0
10 -54 0
27 -14 28 -46 -53 46 -58 0
32 43 51 53 58 -47 -46 0
18 40 40 40 -13 -47 0
10 -29 55 -32 6 -54 -48 2 -53 0
18 29 58 0
2 14 37 0
0
7 15 26 48 55 11 -16 -34 43 53 45 -43 4 35 0
60 -17 38 -19 0
0
6 12 27 29 -37 -5 46 -57 1 9 28 0
24 -32 -25 0
55 -21 -58 0
-4 1
-4 2
-4 3
25 -48 38 -25 0
2 28 0
22 -33 -37 0
5 -21 -58 8 25 38 54 56 36 -58 -29 0
18 -1 -42 34 -46 37 40 51 58 0
1 35 38 47 10 33 37 40 59 22 30 0
9 -19 -55 0
28 34 38 53 0
44 -31 -60 9 15 35 43 0
26 -53 8 35 40 0
3 -59 -55 48 -59 -52 24 -38 -17 12 17 21 60 0
16 -23 51 -17 -12 39 49 24 -18 -13 0
40 -19 -28 50 -23 1 -17 -39 23 39 54 0
5 26 32 35 0
50 -49 5 5 21 25 33 -48 26 47 0
1 58 44 28 -38 0
52 -4 1 -48 4 7 9 3 3 29 0
38 -19 0
4 -33 0
9 -49 0
-12 2
-12 3
