44 -38 5 -27 -22 52 -42 -16 0
52 -37 32 -36 -50 11 -30 0
17 -13 13 42 50 23 -16 30 -50 -10 0
10 14 25 47 42 -19 0
18 -33 -51 59 -54 -53 0
19 -48 7 -52 -24 0
22 -21 14 -2 0
48 58 23 27 28 28 32 0
52 -34 -29 48 -51 0
10 16 51 47 -6 -29 31 44 45 48 51 21 -48 -39 14 0
27 57 1 -43 -50 23 -40 0
36 -33 2 -11 18 -16 -45 0
31 -56 -32 9 -35 -36 0
40 13 18 27 40 50 0
33 -19 45 37 56 39 -18 0
3 8 11 20 24 -50 53 -6 -22 0
44 -25 -60 0
18 18 21 27 37 42 46 50 1 6 41 4 8 16 42 43 38 -33 0
8 12 28 33 55 33 37 51 52 59 12 -18 -19 0
45 -8 30 6 10 29 44 59 19 26 49 0
52 56 56 -24 25 -21 16 19 41 0
34 -5 -40 3 13 15 0
-52 1
-49 2
-52 3
33 46 57 0
42 -25 0
12 -4 12 -19 -44 0
0
34 59 0
30 -57 -23 5 45 56 0
31 45 47 50 34 -53 -3 26 -27 0
18 56 13 26 48 0
42 -51 -17 0
20 0
59 -29 -42 52 -53 -33 0
4 8 20 43 0
3 5 38 56 16 -45 0
23 25 55 10 38 39 41 42 33 53 1 -58 -38 0
19 47 49 -59 13 -12 41 -31 -27 5 35 0
2 36 40 54 12 -18 -1 2 -37 -37 9 54 -25 -48 0
15 19 46 58 9 -15 -50 0
42 -41 -29 14 42 54 58 18 18 32 35 44 0
37 40 43 43 55 5 44 60 4 17 18 32 41 0
6 53 57 0
-53 2
-52 3
