34 -48 -55 19 23 26 32 49 29 60 23 28 32 40 56 -57 -60 0
19 1 19 24 24 32 2 13 15 31 54 0
15 -22 18 -17 -31 30 -32 -18 5 -27 13 -42 0
17 -60 2 -19 -58 13 16 19 34 55 -42 -26 0
2 27 44 46 51 20 47 49 58 -54 -41 0
3 -50 -1 57 -19 -59 0
6 18 30 37 37 22 59 11 20 38 39 51 11 12 23 33 51 0
30 -30 -56 20 31 41 50 0
54 -59 -59 8 9 13 0
10 11 50 12 -21 -59 25 42 12 18 19 0
54 -60 -12 1 10 21 36 38 47 -27 -40 0
48 -30 -36 5 48 54 54 25 -39 42 -50 40 -6 0
18 -1 -42 28 34 39 42 34 -38 -53 0
37 -28 34 57 0
0
36 -13 41 -19 -10 47 -41 -53 0
25 -41 -40 0
54 -29 -27 47 0
9 52 55 30 45 48 0
31 -36 -16 0
4 29 58 0
33 -12 -42 10 20 25 -50 51 -35 34 0
-2 1
-2 2
-2 3
4 -19 7 12 47 0
58 -52 -46 3 6 23 45 52 20 -58 25 -47 -37 0
8 -57 25 27 47 7 25 52 0
13 -31 -23 19 -49 6 15 29 41 51 0
0
36 -39 37 -10 0
39 -38 -25 0
2 39 44 46 48 0
16 21 49 56 0
1 6 38 39 0
11 46 57 0
13 -16 -59 30 31 54 0
14 27 41 41 52 35 -35 3 48 52 0
4 -49 -38 41 -13 -45 2 14 17 34 41 2 13 25 30 31 0
50 3 -14 -57 0
18 43 39 12 0
56 -21 -55 26 32 36 56 10 40 0
6 -18 4 6 12 43 0
39 39 52 17 -24 13 18 23 0
40 49 -14 14 16 34 40 0
-51 2
-49 3
