2 -2 54 0
56 -21 -55 4 -4 4 -60 -9 0
9 -43 20 -37 24 -29 25 0
37 -15 -35 0
8 -29 -54 12 59 -22 -39 0
23 25 29 31 58 18 -28 10 34 0
25 37 38 41 0
0
44 -34 4 46 8 13 29 50 5 24 0
6 16 21 28 52 0
12 -37 -4 59 0
1 4 18 35 58 0
21 -19 -53 19 29 29 30 -27 -23 0
17 37 41 57 9 21 47 58 36 41 46 46 60 53 0
29 -27 45 -42 28 -36 -38 0
34 47 57 14 -60 0
14 -32 57 -52 36 15 35 42 53 0
48 -52 -57 6 21 31 43 47 51 -24 -27 0
35 42 47 0
29 -7 -55 0
18 -25 -30 17 -42 -46 1 10 11 51 57 45 -59 47 -13 0
11 35 37 0
-2 1
-2 2
-2 3
-68 2
49 -5 4 45 54 58 3 20 28 36 50 1 19 33 41 52 0
15 27 29 35 0
17 33 11 15 45 51 56 2 39 46 46 46 -47 -33 0
33 -47 22 -34 -26 12 -14 9 14 17 42 48 0
19 -15 56 -49 -31 1 9 26 32 40 3 18 18 2 8 29 40 0
7 -52 6 10 22 22 45 3 -41 8 0
5 16 39 43 48 17 -30 49 0
59 -39 0
7 -16 17 -17 -16 0
30 -11 0
9 16 26 11 42 44 51 26 39 46 27 29 34 0
20 43 46 51 0
36 37 42 9 12 13 25 52 59 0
12 15 17 57 8 -17 -38 0
40 -11 25 -42 0
1 13 21 29 37 24 -30 6 -51 27 -54 -23 37 -38 -58 0
2 41 52 0
1 60 39 -10 -58 25 36 -30 0
0
0
-53 2
-49 3
