43 -2 -12 41 -51 -55 55 -57 -24 0
22 -17 -45 12 -32 -34 22 -48 0
12 38 47 22 -45 -46 0
31 42 44 60 0
39 41 52 15 35 54 0
33 -41 5 12 27 38 48 3 -40 4 -6 -21 20 -39 0
49 -48 19 38 39 58 31 42 0
52 -40 -56 54 -32 -31 12 -31 -30 0
46 58 -31 0
30 -3 13 23 25 44 56 3 31 32 46 0
4 50 52 26 -17 -11 0
18 -49 26 49 58 44 -45 -18 14 54 54 0
49 -41 -23 0
55 33 -40 0
2 10 16 34 2 28 35 4 38 47 4 0
7 -53 -59 12 31 36 51 38 -60 -1 0
53 -7 -5 45 -32 0
43 -31 33 -38 52 -23 -47 12 -13 0
16 22 28 33 0
12 14 -24 26 34 44 -4 -7 0
53 -17 32 -30 -16 22 -22 -45 56 -13 -36 40 -4 0
19 -5 0
-2 1
-2 2
-2 3
-69 3
42 25 -54 50 -53 0
56 -21 -54 15 19 43 44 51 0
26 19 -12 0
18 -18 49 -27 4 -38 0
8 -53 0
18 -17 -8 0
5 21 36 37 0
26 -30 -30 40 -24 14 -48 -39 14 26 37 42 48 17 -30 0
26 -55 -10 0
0
15 -15 0
45 30 52 -22 21 26 32 0
5 9 43 4 14 -26 -8 54 -29 -10 0
19 18 -32 -50 3 7 14 40 0
30 -4 -8 59 -58 -17 24 13 39 0
17 40 26 -3 60 -32 -57 0
21 14 49 53 53 32 -40 1 -10 0
2 16 46 54 33 -55 -26 10 19 22 52 10 21 21 0
52 -56 -16 50 -50 -60 0
6 -44 -3 41 -35 -12 59 -53 57 -48 6 23 28 29 34 0
-56 2
-49 3
