57 -51 -29 0
2 4 12 53 50 -17 -5 44 -48 0
43 -33 3 34 23 -40 -50 38 7 -51 0
33 35 40 46 50 -8 13 19 22 50 57 12 21 32 42 0
9 -39 14 23 23 34 56 -22 25 30 34 -37 0
37 -54 15 54 58 39 -18 0
22 -44 0
8 30 39 42 22 -2 -25 6 28 0
14 21 29 32 38 36 0
2 8 39 4 -58 5 -50 0
1 18 20 39 49 57 0
40 59 0
1 35 37 43 44 5 20 48 58 0
16 -27 -23 0
35 -33 33 -29 0
13 38 47 2 -56 -18 29 -22 3 16 49 49 55 0
47 16 26 49 57 59 0
30 -37 0
10 15 50 6 38 48 56 60 0
0
33 37 43 0
36 0
-10 1
-10 2
-10 3
4 -18 -49 12 23 34 51 0
18 54 55 8 11 21 8 18 41 5 -16 -52 27 -18 -59 0
2 7 -18 -43 27 -9 5 18 29 51 8 -3 0
28 -46 0
48 -59 2 12 20 53 54 -42 -26 12 0
27 -57 2 16 48 52 60 0
0
44 -11 6 -34 -4 7 -43 2 27 46 0
6 25 26 34 14 23 45 55 57 13 28 29 0
2 -36 0
23 35 -60 -19 28 43 44 18 -54 0
15 35 55 32 0
5 25 26 48 59 -32 59 -30 -1 22 -19 0
18 24 36 36 2 12 34 40 0
11 36 40 40 55 5 6 34 57 -51 -46 59 -10 0
51 -41 6 -4 -54 0
35 -56 12 -27 8 26 40 43 41 -10 -21 1 0
7 11 11 51 7 13 29 31 32 37 3 -38 19 -29 -27 0
57 -50 4 60 30 49 52 14 21 0
14 -13 -4 19 -42 -9 0
-49 2
-48 3
