57 2 24 27 36 4 8 40 52 0
59 5 9 52 60 0
9 17 59 -48 50 -24 -35 0
4 33 10 -22 56 -51 -53 26 0
21 -14 -23 18 50 51 12 -12 -40 27 -9 0
52 -50 -19 60 -39 -39 40 58 10 -26 -38 28 37 0
4 10 -30 9 13 31 33 55 5 -19 -31 0
42 -34 -2 0
42 -57 47 -25 11 24 45 46 50 0
11 18 59 -41 -23 46 -48 -36 0
14 40 42 -34 25 -11 0
38 -36 27 58 3 -22 -32 0
16 -19 2 -24 -51 42 47 0
1 8 14 51 47 -45 -52 27 55 60 0
34 -7 0
27 36 42 0
54 -47 60 -22 38 -5 -23 7 -9 0
9 13 57 2 -60 -43 0
5 34 41 58 14 21 59 60 32 5 -14 2 -41 -35 0
34 35 48 26 -51 -52 0
27 -55 -33 0
19 -43 -12 60 -8 -60 0
-5 1
-5 2
-5 3
59 -11 5 56 17 19 38 0
38 -1 11 58 9 21 45 53 58 13 18 20 32 41 0
50 -21 0
0
17 41 50 57 0
22 33 56 58 9 22 24 57 -17 -22 56 0
27 -59 47 -20 -45 0
14 16 24 24 43 2 14 21 41 55 40 -3 -13 59 -34 -37 0
57 9 37 47 59 7 -43 -32 0
12 56 37 -10 -28 47 -35 -2 0
3 9 9 35 53 16 41 43 47 0
31 41 56 0
6 40 38 -4 -49 0
21 36 43 46 56 0
1 -58 0
16 -4 -40 57 -21 60 -44 16 34 41 43 60 0
8 9 36 39 49 56 -45 -26 55 56 58 0
41 -20 -60 1 27 38 0
10 17 24 24 51 55 0
55 -26 -53 12 32 58 25 -33 59 0
-14 2
-14 3
