31 -12 24 35 13 25 54 0
50 57 15 36 0
2 -20 12 34 36 52 54 4 30 0
33 -58 0
13 35 55 32 -44 45 -25 -30 41 -50 -25 0
0
31 44 60 0
36 43 44 20 -16 -60 7 -59 -58 4 6 6 29 0
0
60 -53 -40 5 36 0
10 21 23 31 32 2 3 13 2 4 56 0
55 -46 -20 15 -54 0
8 20 37 58 16 28 35 56 58 36 -44 4 11 47 0
49 -39 23 36 52 8 -30 48 0
20 31 45 57 15 28 34 45 60 6 24 44 47 58 -46 0
1 4 36 -24 22 -53 -52 0
12 16 22 48 56 43 -47 8 42 47 0
14 0
18 -17 40 -29 -18 0
0
33 -26 -38 55 -44 -12 51 55 56 13 18 26 31 48 9 20 22 46 46 0
26 32 44 52 3 -52 -46 52 -15 -6 0
-16 1
-16 2
-16 3
14 -29 5 23 33 46 50 6 -45 0
47 -29 -17 19 -57 -1 0
0
60 6 18 56 1 48 60 16 -23 0
0
45 -40 11 -44 6 9 29 33 59 10 -9 0
47 51 -60 11 19 24 47 20 -56 -52 0
26 29 29 58 8 0
40 -19 -31 34 -59 -25 38 -31 -22 0
29 -29 60 -50 -57 43 -14 20 23 44 50 2 19 0
5 -21 -9 50 -10 37 -13 0
35 -59 5 10 21 39 3 -21 48 0
27 33 60 60 11 -20 0
5 46 49 54 9 26 28 36 40 56 -15 -3 1 45 0
0
27 -1 30 34 40 10 -57 0
57 -20 6 -44 -18 0
13 30 31 40 48 5 11 15 42 43 19 40 49 55 -36 -42 0
45 -26 -24 6 20 49 60 0
50 60 46 -54 50 -22 39 -33 -33 33 -19 0
-16 2
-16 3
