0
31 -44 -32 0
13 3 4 38 56 56 -40 37 -14 0
15 0
10 36 55 -25 -29 25 -33 -39 0
0
6 16 17 57 60 28 0
43 21 -52 25 31 51 11 18 23 29 59 0
29 -23 7 18 0
41 -58 7 7 37 43 56 0
47 31 33 43 55 22 32 47 14 35 0
0
25 11 29 0
12 -13 3 12 20 60 51 -52 36 -30 0
52 -41 -13 10 24 36 45 7 15 0
22 6 31 49 50 60 0
13 -2 1 2 3 5 19 49 0
28 -3 -14 0
48 -56 6 37 -49 -42 0
35 -50 -40 5 14 32 32 7 10 13 39 0
4 16 30 37 17 42 50 36 -3 -31 2 15 26 33 37 0
56 -18 0
-7 1
-7 2
-7 3
45 -44 -1 44 -59 -28 0
43 -21 0
21 -19 38 -15 13 29 48 59 0
26 37 49 28 52 0
48 -10 0
32 -30 -48 0
29 40 22 51 -41 -49 31 25 -34 0
5 13 32 41 34 -45 -6 22 -41 -24 60 -29 0
12 13 32 8 9 52 27 5 18 23 17 24 29 56 0
3 16 19 25 0
39 8 30 46 57 1 3 31 34 39 0
30 -51 18 37 3 27 41 20 26 0
23 -45 -4 2 -11 4 13 0
1 8 26 49 12 -45 -21 0
6 21 25 53 58 32 -40 -58 18 14 24 45 54 56 0
8 9 18 53 60 60 17 -45 0
30 34 49 51 51 11 -19 -54 0
4 8 20 35 22 60 -33 -27 31 32 47 0
7 12 48 51 54 9 15 28 49 19 0
39 -46 -22 58 -42 19 48 7 9 50 1 -24 0
-43 2
-43 3
