8 -3 0
57 -55 51 -26 1 24 24 43 0
32 46 0
2 3 16 36 58 0
3 -44 -7 0
42 -51 1 15 27 44 48 1 -43 0
50 -46 -21 0
51 -20 12 22 28 29 41 20 -41 9 43 41 -39 0
2 31 38 11 -52 16 41 55 0
18 57 24 -51 60 -24 58 -59 -56 0
27 -12 25 0
24 -44 49 -17 -35 9 12 23 39 55 56 -2 0
0
45 0
34 -13 -55 0
45 -60 9 -37 55 60 52 -33 0
20 -2 0
27 -9 20 -20 53 -24 -30 56 -17 42 -48 -12 0
15 -2 -55 21 59 0
3 9 48 38 46 58 59 60 0
51 -8 -39 23 -8 4 19 52 56 4 -44 -11 0
13 57 44 54 3 32 43 6 -29 -28 0
-4 1
-4 2
-4 3
-67 3
51 -25 1 10 12 46 53 2 19 49 60 8 24 25 6 30 43 60 0
59 -15 -11 34 -19 0
5 18 19 38 52 0
0
13 20 24 0
38 46 49 6 34 36 52 55 -52 -3 12 59 0
24 34 60 8 12 44 46 50 0
7 -49 -39 0
3 -60 49 -19 -22 44 -25 0
31 -41 21 42 49 59 60 2 14 24 25 51 11 20 32 44 60 9 36 45 0
17 49 -59 26 -40 -54 1 16 57 0
36 -6 32 -34 -55 0
8 35 36 40 58 26 54 3 12 13 28 4 -23 47 53 0
26 -5 -26 40 -51 13 -54 -3 0
4 -53 -46 0
1 5 34 49 0
15 22 35 46 0
47 -44 -44 0
4 29 17 34 47 2 37 59 13 56 56 37 -57 -5 0
31 11 13 22 26 0
-54 2
-56 3
