17 -19 21 -1 -38 0
12 38 56 10 14 14 39 40 0
56 -41 -8 0
12 20 29 30 0
13 -7 56 -30 -27 17 20 52 -46 4 -60 0
13 24 42 0
1 42 0
21 43 44 48 50 12 -34 -40 0
29 14 18 51 0
20 -42 -7 0
45 -38 -57 48 -23 -59 0
0
24 15 0
28 -49 0
7 12 14 50 58 8 -28 -17 4 -7 -59 17 30 36 43 36 -50 -54 0
1 -46 -9 0
20 20 53 6 -50 -18 7 10 0
17 13 25 27 59 0
6 13 32 0
44 45 57 59 49 -44 13 26 43 55 58 6 52 52 56 0
26 -60 -20 20 -37 -4 23 -25 -37 14 -8 0
38 -25 9 -47 0
-2 1
-2 2
-2 3
20 29 42 45 28 24 -32 -48 3 5 18 23 44 1 32 0
19 -10 -28 0
42 -30 -60 12 38 12 52 -16 0
31 42 9 -29 -49 23 -20 0
4 -35 0
58 -34 -35 4 4 19 28 36 42 -14 -31 4 -45 -42 6 7 12 50 0
26 -8 -10 0
42 3 10 14 15 21 25 21 31 41 59 0
13 -14 55 -27 -4 0
32 46 10 -17 -16 32 -24 26 0
17 55 0
29 -7 27 -9 0
5 -5 10 32 51 0
0
50 31 -5 -21 10 21 29 41 60 0
14 53 55 39 -60 0
12 -46 47 -22 -42 0
16 33 0
2 44 55 -17 6 -29 0
42 -38 4 -20 43 -56 -12 0
-46 2
-46 3
