6 9 23 30 47 0
15 34 20 -26 -56 39 0
10 20 22 36 37 6 -1 1 48 -53 0
8 14 32 43 44 26 -4 1 24 32 56 57 0
3 -46 -9 5 12 27 34 47 0
54 -38 13 15 29 39 54 45 -49 17 34 58 0
56 29 -49 -45 17 34 18 42 6 -35 0
13 -38 -11 0
4 -2 -1 0
18 49 20 -34 -3 10 -48 0
37 39 43 57 50 20 -4 -4 5 -35 0
12 -7 -44 9 20 47 13 0
0
28 -42 0
3 4 17 17 50 58 -51 -52 7 12 22 42 51 1 5 23 35 42 4 18 19 29 34 0
16 23 38 55 59 38 -54 -60 24 -59 -45 6 -54 -15 8 44 0
26 -11 17 19 21 25 2 9 50 25 0
36 -55 12 49 57 0
58 -59 -16 0
26 -10 -48 0
2 16 40 44 52 -33 -29 0
9 25 28 31 -12 -33 0
-49 1
-50 2
-49 3
-69 2
40 4 20 23 29 5 -60 51 -26 -4 43 -34 0
15 26 35 37 47 -41 5 13 59 -13 0
20 -15 7 18 21 6 -23 -28 0
1 -58 22 -25 13 -11 0
19 -50 20 25 27 7 39 14 19 44 0
6 -6 -30 3 -21 18 -26 -56 0
20 -37 0
21 -52 -41 0
26 -36 0
17 0
8 16 0
43 -32 -35 0
34 -10 0
3 14 34 22 -24 0
0
51 56 0
35 -19 -20 0
12 -11 -2 1 4 5 9 59 47 -51 55 -2 0
3 14 39 41 57 0
5 35 -53 23 39 43 46 37 27 -27 0
-51 2
-49 3
