44 51 3 6 40 48 8 -8 0
48 0
10 15 19 34 53 0
43 0
3 -45 -15 12 -26 -5 2 55 0
11 -1 -23 18 19 33 0
15 -2 27 -16 -17 8 -18 38 -22 0
22 -52 13 28 46 -47 0
39 -12 -39 10 17 34 46 54 0
7 52 54 40 -7 -16 57 -53 -18 0
15 -5 -11 2 39 41 50 59 -48 -42 26 -40 -51 0
36 -41 -26 0
52 -4 -2 2 10 25 25 48 25 -14 -54 31 44 0
0
0
28 30 54 14 33 47 3 -24 15 35 41 42 58 1 -55 0
3 -55 24 30 36 47 52 0
6 10 54 54 17 -25 -43 46 -58 -20 3 21 27 0
42 0
9 9 36 53 31 -21 0
11 29 53 56 9 9 15 16 1 -31 13 25 0
1 5 46 -40 -36 3 18 29 43 0
-3 1
-3 2
-3 3
18 -15 -56 31 -1 22 30 46 59 -59 0
29 39 47 13 18 41 0
23 -22 23 58 -30 0
29 -38 8 23 24 43 53 0
49 -24 50 -7 23 -18 10 13 29 33 53 0
30 30 40 50 59 -46 0
16 -7 -9 23 -40 0
33 -1 11 -26 44 -13 -19 0
8 -21 0
13 26 44 47 1 -54 -30 0
36 45 0
52 3 -3 52 -38 0
39 7 33 45 53 54 33 41 49 49 3 -40 16 -49 0
2 19 23 28 59 8 -19 -60 13 -38 54 0
0
52 -20 24 -29 55 -53 -33 37 -36 -59 0
17 21 26 17 -23 55 -1 0
28 28 34 48 53 7 9 27 31 37 23 -57 -40 35 -12 0
17 0
8 -56 -47 15 28 43 51 0
-3 2
-3 3
