0
38 -23 9 -54 52 -37 0
17 -49 -46 46 -23 -46 34 -3 -52 0
22 28 42 14 29 32 41 45 0
7 13 14 28 37 47 -21 0
0
23 -11 13 -48 0
27 -19 -51 52 -44 -20 6 48 55 0
53 4 19 47 0
4 8 21 40 52 21 30 38 55 55 50 -39 -33 0
39 -60 -12 3 -51 0
4 -50 -6 55 60 42 -33 -32 41 -11 -25 14 -34 0
3 19 38 40 60 25 58 33 -48 -59 60 -50 -42 0
36 16 20 23 60 13 21 33 35 40 5 7 16 19 0
0
0
37 10 50 59 10 27 38 59 19 -28 37 -13 0
47 -41 0
0
11 37 47 50 40 41 46 58 60 41 -8 32 -6 0
3 -57 -56 0
0
-2 1
-2 2
-2 3
58 -6 -43 0
44 -5 33 38 -38 -47 0
12 18 18 50 10 23 45 56 -25 10 50 36 -12 -29 0
1 -14 60 -35 -3 54 -15 55 -52 0
6 2 9 54 59 8 16 38 -4 8 -48 -53 0
34 45 0
15 37 47 54 -55 39 -34 -38 13 26 46 49 0
20 27 41 49 25 -27 -1 0
1 21 25 33 55 50 -43 -40 0
32 -47 -17 0
59 -60 -21 0
31 -39 57 11 -51 23 26 35 37 0
37 -47 -21 23 -36 -25 32 -17 5 26 -17 -54 0
46 -35 15 -19 -30 0
59 -17 -38 0
9 -58 -7 32 56 -8 -25 0
7 -57 29 21 -50 -13 0
42 -47 22 39 41 22 -2 -37 4 -22 16 0
9 -44 0
7 37 44 48 0
-48 2
-48 3
