12 0
11 -8 -8 15 30 40 47 54 0
47 -19 -51 55 -16 0
37 -24 2 10 29 30 37 0
23 24 30 46 44 55 51 -41 -22 0
15 -14 -45 0
58 -31 17 -26 -50 25 25 47 60 0
22 -37 0
14 32 33 35 57 36 -41 -16 0
5 23 57 60 0
31 -29 -28 59 -20 -45 35 -15 30 38 44 45 46 7 60 0
0
50 -33 -39 7 9 27 31 50 39 -8 20 -3 -8 0
12 46 53 28 -2 -50 19 -33 -49 0
60 -43 13 19 34 56 59 22 -44 0
6 21 38 47 53 26 -53 21 17 56 3 60 0
32 -5 6 29 34 49 7 19 27 43 57 19 19 36 52 0
57 -41 -56 26 -25 -19 0
22 -53 9 41 46 52 0
14 28 29 49 2 4 9 10 24 -28 33 42 42 44 54 0
42 -37 60 53 11 0
36 -46 -10 0
-2 1
-2 2
-2 3
-69 3
16 26 48 0
15 -10 57 -50 16 48 52 0
9 25 25 49 17 -17 56 -22 0
47 -1 0
13 46 57 6 10 0
0
11 -58 1 3 56 60 0
59 -48 -15 12 15 26 60 48 -58 -39 51 -16 -56 21 -22 0
22 35 42 0
7 22 27 39 -9 -47 0
13 20 43 -45 45 54 55 47 -12 -51 0
15 41 53 45 -15 -42 10 -35 8 28 0
0
38 -29 14 0
14 -57 -51 48 -19 15 37 45 -26 -35 0
54 -32 3 -4 0
17 27 37 47 60 44 -11 -58 7 43 0
44 -24 43 -50 -56 39 -40 -29 0
26 -43 0
7 -29 0
-17 2
-17 3
