8 31 60 23 57 10 13 17 43 -31 -58 0
1 -60 16 -27 15 -28 0
4 10 13 15 23 39 54 56 0
25 52 57 58 60 0
25 -33 -26 20 -55 -37 0
14 25 37 52 60 13 -19 31 -27 -43 25 47 0
0
10 -30 -26 16 23 24 52 54 10 28 48 17 26 33 34 46 0
47 -55 -24 0
13 26 32 46 60 0
45 7 20 31 44 12 -19 -8 13 16 42 59 0
1 9 11 55 55 21 -44 4 -40 0
14 -40 -57 7 -26 13 19 0
34 -49 -56 0
1 -10 -20 1 41 52 57 0
12 -41 -37 38 -10 10 0
16 -9 3 -58 -22 0
49 -27 -55 0
7 25 31 -60 -6 15 30 32 0
28 -24 -1 0
50 -57 0
19 26 29 29 8 21 19 -31 0
-2 1
-2 2
-2 3
31 -21 50 -11 -16 0
25 32 44 0
13 37 40 55 -60 -26 9 29 0
49 -23 -42 46 -1 -22 0
21 -11 -35 0
57 -60 -49 42 -5 30 0
32 46 53 31 -37 -51 50 -44 0
39 -25 -19 18 -25 52 -8 0
45 -46 5 36 13 18 22 58 0
8 26 38 40 8 29 38 9 23 37 54 -22 0
9 16 37 45 20 40 50 60 43 -41 -2 0
11 14 20 55 59 0
36 -30 22 18 -8 32 40 -20 0
11 -44 -46 0
8 -60 4 15 29 56 0
35 5 31 35 4 24 50 47 -58 -7 20 0
48 -47 -19 0
9 23 33 55 1 8 24 44 0
27 -45 -21 41 7 49 58 25 -35 27 39 0
23 -43 -54 10 -52 21 -41 -19 2 3 22 57 0
-5 2
-5 3
