17 -38 47 -53 -34 50 0
7 9 34 39 56 25 23 47 14 -24 30 0
26 45 48 0
16 -48 -11 47 0
40 -5 -21 42 -15 -19 0
3 -46 -49 14 20 0
52 -17 -33 5 -13 -53 8 -20 -26 4 16 25 50 51 2 11 33 33 58 0
22 34 41 10 42 46 0
20 -60 3 9 16 0
8 11 40 55 17 34 52 60 48 -28 0
40 -52 -11 6 10 33 32 35 4 -31 -19 0
47 -8 0
2 11 52 3 26 32 -4 -59 35 -27 -30 7 26 0
50 -54 32 -47 0
20 -1 -16 1 -6 -18 0
37 -24 -45 1 1 41 47 33 -6 -46 39 58 0
21 -60 -32 0
59 -11 -23 3 5 60 0
18 -56 8 30 46 0
10 43 44 44 49 47 -16 0
17 -42 -22 19 -18 7 -32 0
8 17 17 34 56 0
-11 1
-11 2
-11 3
-68 3
-68 2
26 55 0
37 37 42 13 35 60 13 22 8 -52 -29 0
41 48 43 34 35 43 59 -4 0
18 0
2 -56 10 42 59 28 -37 29 -8 -12 1 -7 -32 0
0
15 -15 -34 32 55 59 0
9 17 21 24 33 15 -11 -30 0
13 18 23 44 35 -11 3 -40 -15 0
9 -37 -40 16 32 8 -22 0
10 12 53 48 -54 45 -56 -19 46 -6 -56 4 -33 -34 0
0
38 -44 35 -5 -25 5 24 29 43 59 0
26 -21 55 3 -28 -27 0
11 33 57 10 24 40 52 10 13 31 46 30 -26 -45 0
22 8 -38 0
7 16 49 50 0
59 -3 -23 41 -22 0
15 47 57 59 -59 -43 9 -6 0
51 -45 22 46 59 0
-52 2
-51 3
