19 -39 -23 0
45 -17 -37 0
48 0
39 56 16 19 43 46 49 -51 -38 60 -49 0
13 21 34 47 0
1 19 46 49 55 0
0
56 58 59 23 -25 -17 7 53 0
20 53 38 -14 0
45 -56 -32 50 26 -19 2 25 43 57 0
58 -34 40 -33 6 -41 0
38 -53 0
5 -39 29 -29 -59 28 31 44 44 47 0
7 39 23 -58 0
16 51 27 -7 -46 0
25 51 21 31 44 5 24 41 56 0
58 -46 -19 38 58 16 29 14 42 53 56 0
32 -28 60 -50 52 -2 -14 51 -20 -55 5 -2 -49 0
0
9 5 12 18 25 47 13 -30 0
60 -13 27 34 36 59 -27 41 -23 0
13 43 55 56 16 18 25 26 34 8 -23 7 13 0
-2 1
-2 2
-2 3
-67 2
6 40 0
13 20 26 43 28 -31 -50 4 15 49 53 1 24 26 0
2 8 51 54 25 29 -33 -16 10 -47 0
22 -5 0
12 14 30 34 0
50 24 37 44 47 0
21 38 43 14 -20 -59 10 -41 -45 21 58 27 -44 0
6 7 43 -19 32 -49 -17 42 -13 0
7 38 44 55 58 11 39 0
21 23 27 53 60 25 -45 24 27 0
17 19 24 33 1 24 34 50 56 3 14 3 13 22 40 58 0
56 -27 -15 21 41 46 55 11 21 34 34 36 0
50 -57 -15 54 -1 24 23 -31 -10 0
11 13 35 57 1 4 20 43 59 0
48 -46 51 -45 13 -7 23 33 -26 0
31 32 42 43 58 0
10 19 30 38 43 22 33 0
54 -38 -18 0
17 -45 0
7 -18 47 -39 -27 40 -27 -16 4 25 32 35 3 28 34 36 0
-47 2
-47 3
