60 -25 0
21 39 40 47 54 40 -48 -6 0
0
50 -36 -53 41 -29 0
15 45 46 52 53 -18 -3 7 21 31 44 60 0
0
3 22 24 34 51 6 7 56 6 -24 -9 8 17 33 32 -22 -6 0
0
23 26 34 41 -19 -53 7 13 48 0
13 -58 -7 9 16 19 26 -7 0
4 16 22 27 35 14 25 25 0
19 0
0
40 -39 -35 42 -31 7 -2 0
19 -47 -17 2 20 33 48 0
19 -49 -10 54 -6 0
30 -27 -38 8 38 48 6 35 32 0
51 -5 25 -29 -11 1 30 40 58 1 18 27 29 48 1 -17 0
12 17 20 28 58 0
43 -59 -23 9 11 55 0
26 33 35 35 46 1 14 23 38 59 0
5 30 38 53 45 -36 -47 38 -21 0
-9 1
-9 2
-9 3
2 31 42 51 43 -56 24 -8 0
6 22 -5 12 -35 53 -22 -43 0
46 -6 43 -37 51 -58 -30 47 -28 0
21 30 42 50 51 6 12 23 31 0
42 -22 26 34 30 31 38 44 45 0
24 -35 0
24 28 47 48 51 0
22 -20 -51 52 -20 25 -30 -20 0
6 32 32 54 56 7 13 23 35 60 3 -6 0
30 -16 0
13 -51 36 -20 -40 29 -41 20 -29 -21 0
11 -2 -55 0
2 21 26 4 4 23 28 53 0
24 31 32 47 57 48 -46 -44 23 -54 2 10 35 37 33 -2 0
0
58 -9 -54 0
28 -55 53 23 5 17 33 58 0
3 -32 2 17 37 49 36 -59 0
16 25 38 24 -25 40 -16 -2 0
21 -53 -56 28 -31 7 10 39 49 21 -44 -56 29 -12 0
-51 2
-49 3
