2 -48 -37 35 12 32 0
9 14 41 56 -16 9 -57 51 -58 -23 19 0
30 -19 -53 13 20 24 28 35 41 -39 -35 0
30 -21 -16 0
43 -31 -26 0
56 38 -14 45 -45 0
48 -43 -2 22 -60 -40 24 38 49 53 35 -24 0
13 24 52 56 20 -4 49 -56 -14 8 25 26 45 56 0
6 6 29 56 0
12 -3 -7 36 10 19 38 14 -9 0
8 22 13 15 22 24 0
35 -39 30 -2 -29 22 0
0
11 -10 24 -34 -13 0
0
16 42 45 54 5 6 11 36 7 29 31 58 0
1 -39 48 -54 -33 22 -47 -14 4 6 38 50 0
28 5 20 35 58 9 25 34 0
2 0
7 49 0
9 23 24 24 6 17 27 29 50 0
53 0
-2 1
-2 2
-2 3
44 -49 5 43 47 52 54 25 -13 -54 0
1 -22 32 -2 42 -39 22 -16 0
2 -33 0
56 -47 -53 5 20 31 37 40 47 -11 -9 0
16 -60 6 -20 1 -3 0
3 23 24 26 55 1 -41 -40 44 -25 -38 8 9 36 0
40 0
4 52 0
41 -28 10 -54 45 -21 0
55 36 -7 19 -21 38 -10 -35 50 -31 0
5 25 34 46 47 14 41 47 40 -51 0
59 -4 -25 56 -53 -17 21 -15 -23 0
16 -32 -55 59 -10 13 38 45 54 0
56 -40 -41 44 -51 31 -28 2 17 42 48 53 0
7 -47 -52 32 -25 -52 57 -23 30 42 53 0
10 -41 8 -59 8 -49 0
43 -9 16 -19 -26 0
2 25 25 49 58 25 12 20 28 39 44 0
28 37 0
13 -40 -42 13 35 44 48 59 -43 0
-17 2
-17 3
