35 -24 29 -7 -56 57 58 9 25 39 54 0
18 34 10 21 53 56 58 0
51 -40 -60 57 -53 -3 12 -9 -28 0
10 13 19 31 0
10 -44 -33 34 -55 -58 14 36 6 18 20 37 50 46 -47 -57 0
36 -1 -19 39 -19 9 10 33 37 23 0
12 22 32 -5 -8 53 -5 -12 31 -10 -22 0
51 -56 -29 0
7 -16 0
20 10 12 13 42 44 0
7 8 41 44 0
31 50 55 0
0
6 -19 -55 58 -24 -54 10 28 46 34 56 0
34 -47 -42 0
3 4 57 32 -52 6 -50 -26 59 -35 0
11 -11 46 -14 57 -42 -44 52 0
33 -54 -32 26 40 49 13 32 42 47 48 0
23 30 36 43 54 42 -18 -10 0
55 -51 1 27 48 50 55 11 22 0
18 29 30 36 -39 41 -13 5 -42 -56 0
17 -35 6 28 31 35 44 28 -1 -26 0
-2 1
-2 2
-2 3
-67 2
13 -53 1 10 32 45 48 35 -35 0
16 -55 -30 0
49 2 -25 0
12 -7 2 33 40 35 -38 -18 0
36 38 45 58 27 -20 -47 7 9 12 25 54 60 0
22 34 0
10 16 53 60 2 -25 0
31 -14 -47 10 15 59 0
3 4 4 -54 10 20 47 52 59 0
2 11 26 44 52 0
27 -12 -50 59 -42 -43 0
6 -37 21 -23 -55 2 -60 0
30 -39 38 -8 -3 19 -1 0
38 -56 32 -3 -25 0
7 27 0
39 -29 -40 0
56 -48 40 -59 28 31 49 49 0
6 35 35 48 0
33 -60 39 40 51 0
16 20 36 39 55 45 -9 -44 0
-55 2
-53 3
