22 26 30 52 59 0
5 22 47 -58 -26 28 0
1 11 17 6 36 48 49 22 31 38 40 54 29 -49 0
51 53 -47 15 -30 -41 32 -32 28 -58 -50 0
19 16 -49 0
58 -55 -4 17 37 45 0
16 32 52 13 25 28 54 0
54 -17 -1 51 -7 -6 47 -49 -35 1 -6 7 10 34 57 60 0
45 0
17 -33 51 -50 -59 0
27 31 46 40 46 7 21 29 53 58 47 -22 -21 35 46 0
2 47 60 11 -21 -40 0
37 -3 -29 0
5 16 60 11 36 53 0
20 -53 -47 14 -18 -41 16 22 48 55 0
39 -29 53 -22 -40 59 -23 -39 28 -13 29 -55 -16 0
57 -49 -57 17 -42 -45 1 28 40 0
3 31 39 43 52 19 0
11 -52 9 28 46 0
22 -57 -51 20 25 29 34 50 0
4 -58 19 -14 14 18 19 39 10 10 37 54 0
10 -20 0
-7 1
-7 2
-7 3
1 25 28 4 7 36 42 48 0
22 -4 40 -17 -35 0
15 21 45 56 56 -27 -6 52 -17 0
59 -43 -26 0
48 -17 5 23 27 36 38 47 49 49 0
44 -16 -39 47 -57 10 -23 25 41 44 0
21 29 30 50 30 -4 -43 52 12 -51 43 45 48 58 60 0
15 38 43 50 -42 5 -37 13 24 5 -31 -51 0
32 41 59 0
0
56 -35 -24 4 54 -41 -11 12 14 20 0
13 21 49 51 52 1 -49 -34 1 6 8 10 28 0
33 -51 32 43 10 -4 0
8 16 30 37 42 23 -43 19 49 -31 20 -24 0
40 42 57 1 44 50 52 0
12 24 27 37 39 25 -12 -45 0
20 22 39 55 9 21 25 45 60 2 44 50 60 20 24 42 42 59 0
1 -2 -16 0
16 -51 34 51 11 -22 -10 5 -7 -46 1 16 0
38 -50 23 -15 0
-50 2
-48 3
