57 -9 -33 35 46 0
7 -28 -10 47 -44 -40 21 -24 -42 11 21 25 36 0
4 20 31 33 53 42 -7 -36 15 28 0
1 -44 4 -1 -48 42 -31 0
48 -55 -1 27 -32 8 -55 35 43 53 0
7 13 59 26 -13 14 29 57 17 22 34 45 54 0
4 44 58 -58 -56 0
57 1 4 12 17 22 -7 0
5 -57 -55 8 -34 3 24 35 36 60 0
55 -28 13 -48 -47 20 -53 30 0
17 -16 -52 32 30 45 0
26 28 32 55 23 28 32 48 -58 32 -42 -51 24 -40 0
34 -14 24 26 37 59 29 49 52 0
43 -20 -3 29 -21 38 -16 10 12 31 35 0
10 44 44 59 0
48 -42 49 -17 45 -26 33 -22 -2 40 -51 0
0
0
1 -45 -21 38 -3 56 -49 0
28 39 50 57 55 -29 0
1 46 26 -40 -53 0
37 39 50 0
-2 1
-2 2
-2 3
-66 3
58 -42 7 -21 0
10 -35 -31 40 53 56 51 -58 5 -49 -12 2 -2 -24 0
17 45 52 22 0
27 -25 17 28 28 35 57 0
13 -36 44 58 13 33 34 57 47 -1 0
32 -1 0
4 -51 -29 0
8 52 31 53 6 -59 -60 42 -20 -10 0
13 -34 -39 2 35 51 0
32 40 49 0
25 -29 0
10 -9 -10 53 -47 4 8 19 22 60 7 10 23 39 -24 -20 0
31 52 -27 -58 0
6 -12 -57 0
10 44 45 15 25 14 48 49 57 49 -31 -48 19 -9 0
38 -15 30 31 43 59 3 -33 44 -52 0
3 4 7 26 60 1 0
14 37 32 16 0
5 31 35 39 40 20 35 42 43 56 0
25 -30 17 -15 8 18 60 37 40 41 0
-52 2
-56 3
