53 0
34 -52 -28 41 -3 19 -17 0
0
13 41 53 35 52 56 -57 0
0
6 7 16 39 25 -30 -58 0
12 -59 0
2 28 41 0
48 -55 -53 0
0
4 -40 29 33 60 0
11 16 21 31 59 28 -1 12 -6 -45 19 22 58 59 0
10 -27 -20 0
60 -35 47 -16 0
19 24 36 55 21 48 54 0
35 -44 56 -10 -42 4 25 60 10 -43 -22 0
12 -41 0
32 -28 -47 0
9 14 42 56 35 38 47 50 -51 -54 0
23 -3 0
31 -16 -30 41 -33 -29 0
32 36 46 18 49 1 20 36 54 0
-2 1
-2 2
-2 3
4 -52 -57 0
38 51 54 60 7 32 33 25 -35 -51 0
56 -58 11 38 9 -4 0
56 -43 43 -6 -48 0
6 15 56 -6 0
0
30 -10 21 -15 5 33 44 59 0
13 -8 0
37 39 54 56 58 0
28 -19 -37 12 51 20 -25 0
27 29 42 51 15 57 0
1 30 15 20 31 46 16 -9 54 0
8 0
22 -37 -33 22 -40 -24 21 -33 8 -41 0
52 -33 6 -29 53 0
47 -1 -7 17 18 26 38 -40 -46 30 31 39 43 49 1 -51 0
10 -14 -24 23 25 0
0
11 -46 23 0
35 -5 5 5 26 31 0
-2 2
-2 3
