49 -59 0
1 -45 1 -28 0
2 7 20 0
44 45 53 14 51 57 -45 -48 44 -27 14 24 33 47 51 0
14 0
48 60 -38 57 -30 -17 0
8 12 35 54 56 47 -13 -52 5 8 19 39 0
0
38 46 26 45 56 57 3 42 0
5 -8 -2 0
34 -24 -45 0
4 8 40 46 55 0
21 31 32 56 32 -29 31 3 12 18 39 0
51 -17 60 -51 -59 22 22 25 56 0
60 -49 28 -30 -58 0
57 21 -48 60 -3 0
11 32 50 53 0
13 -45 -24 10 -31 -60 0
14 27 44 0
11 21 21 34 46 5 16 50 54 56 -18 0
52 -42 -50 59 -1 32 -40 0
26 -50 26 47 -25 -5 0
-5 1
-5 2
-5 3
-68 3
0
60 20 30 43 -10 -21 0
25 -38 -48 12 33 35 37 54 -18 -54 5 -55 15 -11 0
6 41 8 -5 0
0
13 -8 23 28 44 56 0
8 -49 7 -22 47 -35 45 -8 0
4 13 17 53 6 -48 21 48 0
6 14 22 53 60 51 -1 22 0
28 -57 -10 0
1 51 0
52 -41 49 -47 -60 13 23 30 38 50 0
31 -34 7 39 43 51 38 -55 0
5 -33 4 22 27 29 51 53 0
15 -14 5 24 44 50 52 46 -25 4 -32 19 0
26 39 39 40 51 0
0
21 -25 -57 7 -33 -59 24 -54 -9 0
27 -11 0
5 20 23 37 33 -6 0
-8 2
-8 3
