2 39 55 4 34 41 49 56 0
0
21 -17 -21 23 36 38 54 1 15 35 53 -9 -31 12 23 53 0
35 0
29 -17 -53 1 52 37 -59 44 -54 0
1 10 17 29 54 0
18 -7 -23 20 -30 56 0
51 -27 -13 23 26 46 48 0
11 -6 43 45 59 0
27 45 50 53 57 9 38 0
26 -17 35 42 0
50 -18 -38 0
9 50 11 -31 -58 29 -34 -5 51 -49 -22 10 19 30 43 44 0
18 -7 14 -33 10 -8 -23 42 -22 0
1 -49 0
14 -35 8 25 50 55 27 32 33 43 49 0
54 -22 12 14 30 42 51 58 -36 -57 0
14 17 26 33 37 0
3 10 16 24 -57 -1 32 -48 1 0
6 -8 -40 9 -59 0
51 -42 -13 0
7 -24 -34 55 -33 12 2 -8 -60 0
-4 1
-4 2
-4 3
-66 3
-67 2
0
41 -60 52 -15 -11 21 22 25 36 44 16 19 20 46 56 0
3 9 12 31 38 37 18 -59 -14 21 -54 -33 0
0
30 -60 2 3 8 40 12 40 -16 0
33 -47 -50 0
51 54 59 19 -13 26 -36 0
21 -40 15 -38 -45 21 -47 -36 0
7 19 35 45 50 -29 -38 4 -8 -47 0
10 40 46 56 60 32 -42 -60 0
48 -18 -14 22 54 17 29 35 38 45 23 31 35 0
19 -14 -5 11 32 43 46 47 14 -47 34 47 0
53 -39 0
21 -54 25 52 22 -34 -43 0
11 13 16 24 33 22 -60 -49 3 13 18 38 6 34 41 51 56 -40 -12 0
29 33 34 38 13 -26 27 0
6 44 46 56 -36 -34 13 45 0
54 16 -22 -19 5 17 42 47 0
0
32 33 38 40 0
-48 2
-52 3
