25 27 34 37 0
30 44 33 -44 -30 3 41 14 0
0
0
32 -40 0
20 27 43 43 52 14 -40 -54 0
35 -38 -34 0
47 -15 5 -39 30 -1 -19 46 -5 -56 0
0
31 -36 -58 19 -50 -19 16 -40 -5 0
60 3 7 13 35 42 -23 -36 0
59 -32 56 -30 0
8 12 28 52 -22 36 -8 0
1 35 41 52 50 -30 17 -48 2 -27 0
35 44 46 53 53 2 46 0
28 28 8 13 15 34 51 16 17 35 38 58 40 0
19 27 42 54 54 26 -23 1 -15 -43 10 14 30 0
25 43 0
3 28 51 57 51 -5 -25 17 -51 -55 0
6 -53 -13 0
9 24 28 44 -8 -54 32 32 47 53 31 -15 -45 12 -22 0
58 -59 -31 4 8 10 29 31 0
-10 1
-10 2
-10 3
18 52 -1 10 39 57 60 0
54 -57 -60 17 -30 -6 8 -41 -38 0
34 -18 -32 18 25 57 16 37 42 48 49 0
21 -45 0
26 30 58 24 33 21 49 49 54 0
36 43 12 48 52 12 -28 -51 0
55 -60 4 -32 17 22 30 33 60 7 8 14 56 0
23 0
30 -54 11 54 0
3 34 15 39 52 56 60 0
57 -27 43 -10 -49 0
11 -17 35 35 53 58 23 32 -57 -26 0
7 23 27 46 48 6 21 23 47 25 -41 25 29 40 47 0
10 30 36 58 5 -49 0
41 -27 42 38 -41 0
47 -40 48 -3 -57 2 6 23 55 0
16 20 55 57 58 44 -28 -11 0
19 -32 -14 0
22 36 45 6 27 30 -5 44 -36 -45 3 20 27 0
13 17 22 33 6 -44 34 38 48 51 0
-51 2
-53 3
