0
7 -54 -30 5 6 16 29 0
18 23 37 44 9 -51 -50 0
37 -31 0
10 -47 -15 9 18 30 32 22 23 33 46 1 17 48 50 54 0
40 -2 -1 23 27 41 6 37 0
4 19 32 34 25 29 30 38 52 22 28 28 54 0
10 -4 -29 37 -22 36 0
5 -3 -7 58 -2 -30 37 -39 5 0
20 -11 6 23 -43 -24 0
30 -2 0
16 32 40 41 60 45 -47 -11 46 -32 -15 25 -51 -39 0
12 -13 12 29 19 47 54 57 52 -12 -47 26 -8 -38 0
3 55 18 38 52 54 0
46 -16 13 30 50 12 31 38 46 59 19 -19 37 -57 -7 0
6 38 44 55 50 -43 0
9 13 14 50 7 17 56 58 0
58 -39 28 -38 0
6 -36 -39 23 36 38 44 52 36 -2 17 0
14 -7 -47 20 -39 15 37 -21 -21 0
15 17 24 39 28 48 18 -17 -40 31 -26 -16 24 50 0
9 11 45 49 7 -9 -30 31 -53 0
-2 1
-2 2
-2 3
-67 3
-69 2
11 35 0
37 -12 -30 19 -11 33 36 38 46 4 28 19 -7 -51 0
14 -3 -52 42 -26 15 -30 0
42 27 28 31 32 0
18 53 -59 52 -52 21 40 50 57 60 24 -47 -43 0
9 55 46 -36 16 -46 34 58 0
13 16 22 53 32 -15 -9 18 -27 -52 10 52 52 53 54 0
21 -47 37 -58 22 0
16 38 54 0
0
29 -51 -19 38 -45 32 -8 0
26 -55 13 -5 35 -17 0
29 35 35 46 46 7 -50 -16 27 30 30 44 47 20 22 28 51 56 0
9 33 48 58 3 8 8 28 47 47 -50 12 -48 -3 0
22 -16 1 -29 0
4 55 0
0
15 45 43 -47 -35 0
11 40 55 59 0
17 -21 -41 19 20 28 25 -43 -9 39 40 46 0
-2 2
-2 3
