0
34 -12 20 -12 0
16 21 22 37 50 0
11 -38 0
34 -15 -5 3 5 24 29 43 22 2 4 38 41 52 49 -58 -19 0
44 0
4 -16 -58 11 31 36 5 -58 -16 21 51 0
4 44 58 59 52 -24 55 56 0
49 -10 0
26 -25 0
44 -48 37 -60 -47 0
1 29 43 58 28 -55 24 -49 12 -15 3 5 9 44 55 0
17 -52 -30 15 -22 -11 2 5 29 43 2 6 28 31 33 41 -3 0
1 39 42 48 0
0
17 21 46 49 55 57 -26 -43 60 -52 58 -11 3 18 35 43 52 0
14 18 20 49 60 6 -4 -36 15 39 -19 -35 0
19 -3 -53 22 -12 -17 0
20 26 32 57 60 7 45 44 59 -8 1 0
0
4 -45 -15 11 -3 -16 48 -46 -38 45 -13 0
34 -17 0
-7 1
-7 2
-7 3
-66 2
50 -6 -51 57 -35 -25 15 47 47 39 -48 0
39 5 0
35 -50 -58 46 -11 15 -52 0
8 -20 29 29 57 0
20 38 46 54 32 8 23 23 25 31 0
1 22 -11 -3 20 -52 0
12 32 39 49 58 28 -28 0
36 37 54 60 0
0
0
23 -50 -29 0
58 -28 3 -11 21 -2 -17 13 -27 -41 0
11 -23 -55 36 -21 32 36 -6 -49 0
33 -53 30 -48 25 44 47 0
7 17 34 -21 2 33 40 56 0
19 -27 -34 34 -5 36 -9 -2 48 -24 -34 36 -38 -43 0
13 -31 0
38 18 -59 0
8 13 15 21 25 2 18 44 53 49 0
28 -1 3 15 22 31 42 20 18 -49 -45 0
-53 2
-51 3
