7 -42 0
22 -51 -9 43 -60 4 -34 -20 54 -20 -45 0
9 48 22 -33 44 -25 -2 17 43 50 57 60 0
3 -18 -53 11 31 0
17 24 11 -14 -19 7 32 33 34 51 37 54 55 0
55 -45 -8 3 59 0
11 -28 0
9 16 47 52 0
43 -32 42 -55 1 2 38 41 50 54 -33 -59 0
52 -16 -9 49 -35 23 -31 0
0
1 3 25 28 48 -18 -59 47 0
34 -49 -52 57 -21 0
58 -12 -51 0
17 19 26 44 58 1 3 9 22 54 11 21 53 58 -39 29 -13 0
0
6 7 8 19 42 28 43 55 0
35 36 43 46 47 14 -52 -54 0
42 -22 60 -59 -51 48 -7 0
25 3 -9 1 -12 -36 42 -12 -22 0
49 24 -32 0
0
-4 1
-4 2
-4 3
19 48 10 -25 0
56 -21 -8 40 -31 -48 35 -21 -2 23 25 42 0
45 -16 -55 0
26 31 50 16 34 42 53 58 1 7 21 40 44 0
1 -30 4 23 41 6 0
27 -53 2 -45 -47 1 46 0
52 55 -31 56 -51 -8 0
39 -28 -33 31 -23 49 -50 -51 0
18 42 15 -45 0
3 4 35 39 46 20 25 33 49 12 -41 -35 6 9 48 0
36 37 44 51 57 42 59 7 14 36 10 31 48 55 59 59 -5 0
27 30 35 39 42 51 -36 0
3 13 20 29 32 17 -2 5 -8 -22 0
0
27 -11 25 -38 50 58 -16 0
1 2 6 30 45 1 18 21 50 58 12 34 37 39 57 0
47 -9 0
12 15 27 30 0
50 -50 -8 0
42 -9 -26 59 -8 47 -6 -24 0
-47 2
-51 3
