0
19 36 32 -54 0
49 53 60 41 -44 0
0
1 -38 -8 39 -44 49 -11 9 29 39 40 50 10 24 35 38 50 0
44 -17 6 9 34 47 50 8 -36 4 -46 -28 0
29 35 46 53 5 -25 5 -25 0
23 31 28 -57 0
19 22 23 18 50 40 -10 -27 15 39 42 0
38 -52 -36 0
9 -47 57 -18 -43 0
12 27 40 48 58 1 17 59 8 14 32 40 0
1 13 18 0
14 14 35 44 47 37 -13 0
26 -54 -26 31 47 57 59 2 26 36 42 48 42 -42 0
9 36 32 53 41 -3 15 -54 -58 47 0
7 -55 28 0
57 26 18 -5 -42 0
0
0
42 -42 -36 0
57 -39 0
-2 1
-2 2
-2 3
-68 3
45 -23 7 14 27 32 49 3 10 17 44 44 12 41 47 0
46 -28 22 25 0
17 23 24 2 24 26 43 3 -17 -12 32 -60 -34 0
14 -10 23 -14 41 -22 -15 0
40 45 57 52 -13 12 55 5 27 42 49 0
6 15 20 22 35 8 28 33 44 50 0
45 -60 19 33 46 52 60 0
19 -6 -58 13 47 0
26 -32 6 -55 -9 0
4 6 28 37 40 26 -30 -19 0
4 -11 -59 46 -9 -38 22 -44 0
6 -54 19 39 40 41 46 0
8 -26 -26 28 34 56 60 6 19 30 52 56 10 -60 -13 0
36 -40 -36 43 -35 -5 57 -27 -9 55 -30 -23 31 0
26 -58 -34 49 -17 14 -31 0
11 17 56 41 52 0
51 52 20 41 43 56 1 -34 -43 0
19 26 28 50 47 -46 -19 3 22 23 30 0
6 30 57 9 43 49 50 10 -51 36 -38 0
36 -51 33 -35 -53 0
-15 2
-15 3
