0
7 -56 43 9 18 35 0
40 -47 -17 0
11 -27 -25 23 -58 -57 35 -7 0
50 -14 -60 5 -38 -27 19 -56 2 16 18 -32 -27 0
0
40 -55 23 -23 0
24 -19 -15 0
59 8 -21 -26 41 -10 -37 1 47 47 29 -51 -41 0
52 12 -19 -42 41 -3 22 -44 28 52 0
3 -13 6 25 40 54 59 22 -47 -30 0
12 -7 23 -57 -38 0
59 1 0
8 9 19 12 12 39 40 53 34 53 -42 53 -42 0
2 -38 -40 11 -56 44 44 0
48 57 60 0
3 4 27 47 48 39 46 4 -10 0
25 29 5 19 21 30 19 25 60 43 -45 -46 14 -52 0
0
55 -47 0
4 9 22 24 9 28 30 39 17 -49 0
4 37 44 56 0
-9 1
-9 2
-9 3
-66 3
13 -9 -11 0
45 58 20 -4 8 -52 45 -40 0
16 25 32 41 50 -55 -31 2 13 23 50 52 11 -13 0
38 42 46 50 59 -31 -56 0
0
1 1 2 19 25 2 -19 43 -1 0
17 48 48 55 22 -16 0
47 -5 -18 10 -27 0
19 21 48 48 -56 0
15 23 44 55 27 -24 53 -5 3 10 31 37 39 0
49 -40 0
22 25 0
23 28 54 34 -3 0
35 -2 -1 2 7 28 34 36 8 37 46 4 38 0
0
19 -9 0
58 -49 -44 8 30 13 19 40 43 0
16 16 21 36 0
19 24 47 0
6 26 33 42 54 16 -59 16 -26 -60 58 -31 57 58 0
-47 2
-48 3
