4 12 25 33 37 -35 0
17 42 33 14 -55 -34 1 -47 0
29 -14 0
38 -33 -31 3 -42 0
46 -53 0
25 -38 3 -33 4 5 16 20 22 42 -19 -56 0
2 48 10 11 42 60 8 36 49 0
15 29 53 56 58 15 24 44 50 0
57 -33 -38 0
33 42 0
37 -14 -42 17 -56 -32 52 -37 -14 24 -15 17 56 0
52 -54 0
51 0
22 -41 26 -52 38 49 60 31 -39 -50 0
58 -57 25 28 29 1 13 24 42 58 32 -21 44 54 0
60 -50 -24 0
6 17 20 58 0
47 -17 -40 14 -52 0
45 -38 -16 19 35 44 55 56 1 3 36 38 60 0
34 -59 -41 39 -40 18 -16 0
42 -51 6 7 33 5 18 46 0
45 -6 -32 50 -8 -33 36 43 47 0
-8 1
-8 2
-8 3
7 7 27 29 41 0
17 -47 33 -39 0
50 -53 28 -5 58 -44 60 -1 0
45 -29 55 -40 29 -24 -29 10 19 53 57 0
30 -22 10 -2 3 -42 0
9 34 21 -43 -6 11 0
3 -45 -50 7 16 20 -44 -44 0
8 -24 8 49 49 -50 -38 51 -27 -5 0
1 -59 58 -13 -40 0
27 44 14 15 36 -38 -2 0
39 10 18 41 34 37 53 23 -54 -41 0
39 -23 -41 0
21 -39 4 20 37 57 41 -43 -37 12 -37 -5 4 45 52 0
5 7 16 55 11 48 55 -23 25 -19 0
0
18 18 55 59 10 32 0
13 -20 -23 27 -45 0
44 53 0
1 20 41 45 51 0
24 -52 14 28 41 45 14 -19 -34 0
-47 2
-49 3
