23 -1 -3 14 37 0
58 -11 5 7 44 0
42 -33 -20 47 -5 23 -21 0
34 -42 -36 41 -29 59 -35 -27 22 47 50 0
40 -58 -34 0
3 9 15 30 39 58 10 14 21 26 46 20 0
60 -25 7 42 55 26 -12 -14 0
34 -8 -11 32 -21 -26 9 40 0
46 49 18 -18 1 -11 -55 12 -34 0
56 -2 19 0
42 -1 3 -24 40 -56 2 3 9 13 0
37 -39 0
24 -17 7 -1 -38 2 15 31 44 48 0
11 39 -12 -53 36 36 48 55 0
30 -48 -1 8 44 46 26 53 -50 -45 0
11 12 24 38 60 38 -16 -46 22 30 44 0
16 -49 -37 9 29 44 55 56 19 7 18 41 48 5 -12 0
37 -11 60 12 -13 -20 0
12 -27 0
34 -17 26 -34 6 -49 -7 0
16 -17 5 -12 11 25 0
10 12 13 40 59 53 -57 26 -19 24 -59 -21 19 22 58 0
-3 1
-3 2
-3 3
-66 3
-68 2
26 -31 -43 32 45 57 59 0
14 -1 -16 2 15 16 59 15 15 18 18 0
7 37 26 -44 0
43 -55 0
28 -21 47 -48 -4 1 -55 40 -58 -55 0
18 22 33 -26 9 25 33 20 -51 0
52 -8 -22 12 20 27 11 10 29 42 55 0
28 -3 56 0
25 37 43 43 44 55 59 14 -16 -3 44 -5 0
5 9 10 24 45 53 -15 -55 17 18 29 33 44 0
33 -26 -30 7 27 0
1 -21 -15 0
31 -32 -17 33 -37 2 -28 -8 24 -58 -44 11 -10 0
20 -11 37 -3 -60 0
44 49 18 -5 3 9 47 43 46 46 21 -56 -20 0
0
10 -53 -23 1 54 55 56 25 -3 -39 0
56 -20 32 -1 -27 18 -54 12 13 20 54 0
60 -25 -26 0
0
-3 2
-3 3
