16 33 25 -32 11 -43 -31 0
14 -9 -26 30 -13 -47 52 1 19 41 58 0
20 22 54 7 7 15 33 51 0
18 -33 -19 0
8 16 43 27 -4 -50 16 27 39 0
22 32 27 -4 32 -38 9 11 11 53 58 0
34 -12 0
11 17 24 33 37 21 57 22 -50 -10 0
57 -42 12 -4 -31 31 -13 24 -60 -34 0
12 16 15 -44 9 -26 -10 0
4 -20 -51 0
27 40 56 26 30 14 -39 0
30 -40 -42 50 -31 5 8 40 60 0
39 -58 22 0
55 1 43 0
56 -12 0
6 -55 3 46 8 31 38 44 59 36 -48 -32 0
15 50 3 -22 22 24 33 52 0
15 22 22 48 10 53 -30 20 -56 -9 59 -34 -58 0
0
26 18 22 41 58 0
27 -11 -5 51 22 -60 7 -51 -19 0
-2 1
-2 2
-2 3
-68 3
-68 2
32 -1 6 23 24 38 54 14 -29 -20 48 -59 0
56 -24 -48 24 -39 4 -25 0
5 22 41 56 0
20 -60 0
29 33 36 54 56 26 28 0
0
19 -31 4 15 26 -52 -46 0
27 -14 0
36 47 57 0
48 -11 -22 44 -22 -13 23 -4 -37 26 -40 -25 14 -32 -31 0
14 38 51 53 55 10 58 -39 0
35 46 13 -29 0
22 -35 -53 21 59 50 54 56 56 0
20 32 32 33 60 35 -43 0
21 59 15 -54 0
20 -39 -41 0
28 -24 -8 42 -7 -6 30 -49 19 21 32 -39 0
13 -26 -11 53 -35 0
16 -18 10 15 34 0
1 15 18 54 15 35 57 5 -33 -20 0
-2 2
-2 3
