38 -59 -26 0
2 25 -57 0
57 -38 0
4 13 15 47 2 -11 16 17 24 25 -2 0
15 22 33 39 4 -47 -1 41 3 3 -53 0
30 34 50 49 -40 -26 36 -32 0
18 28 30 4 14 58 59 2 12 16 55 56 0
40 -8 12 15 53 6 43 27 28 32 33 42 0
51 0
0
13 27 34 60 0
0
0
6 31 36 50 60 0
14 48 1 17 40 48 27 -28 8 52 0
56 -22 -51 25 -15 -39 0
39 -45 0
40 53 54 54 45 -55 8 -9 43 -44 19 24 28 0
49 -19 2 -28 -1 24 -19 -28 18 26 45 48 50 60 0
56 -53 27 -47 2 3 14 29 32 0
1 29 33 34 54 0
15 -15 -50 0
-4 1
-4 2
-4 3
12 29 35 42 57 8 29 52 0
53 -49 43 -10 27 -26 38 -58 -59 0
33 -57 5 -49 -30 11 47 57 7 -31 -58 0
2 23 51 58 59 3 -11 -45 0
29 -47 1 -12 41 -25 -16 0
41 -53 -17 11 23 24 26 37 33 -39 15 21 0
26 -10 -38 42 -28 33 42 52 7 -16 -49 0
3 -55 4 -10 0
59 -50 14 -36 -9 21 24 39 43 44 29 -25 -7 0
29 -11 -46 0
7 17 29 0
24 41 40 -35 0
7 28 44 4 -30 -45 0
28 50 60 0
23 30 34 39 60 33 -40 44 -10 -34 47 -56 57 0
4 -17 0
26 -47 -15 53 -52 1 18 53 57 0
17 24 31 46 48 28 16 20 48 57 59 0
32 -46 -46 23 -47 14 -51 -46 12 -39 -47 0
3 10 0
-8 2
-8 3
