7 -16 -46 21 -7 -24 43 -60 -3 1 16 38 46 57 -58 -39 0
41 -6 0
48 -11 44 47 51 0
20 30 33 33 -28 15 27 34 41 0
7 12 25 3 3 33 46 -28 0
0
15 -48 0
10 -6 41 -46 60 -4 -12 50 0
16 55 22 -46 -40 53 0
55 -52 5 32 42 6 21 0
0
6 -40 -37 34 -33 0
14 25 35 43 50 20 23 26 40 46 0
1 -8 10 54 33 -46 -9 0
0
16 20 0
2 22 31 50 10 15 35 56 15 -30 0
6 -32 -15 15 -29 -24 10 53 58 53 -45 11 15 46 46 55 0
58 -1 45 0
11 -21 -16 32 -55 18 42 46 51 55 3 -47 0
60 -60 -25 50 -7 -17 0
7 -52 -59 0
-3 1
-3 2
-3 3
40 -20 -2 0
30 -12 -51 22 -38 0
37 -57 -24 0
18 50 52 7 -36 0
56 -49 47 19 -13 0
0
31 -40 0
15 18 2 6 15 25 34 0
40 43 60 0
8 16 34 51 0
7 54 4 -53 -7 0
21 -34 1 9 24 24 35 36 0
21 -50 -32 8 -52 -57 46 -29 29 -14 -48 0
28 -2 -41 24 -5 0
6 15 17 24 33 29 32 33 46 55 -51 24 -53 -39 7 -4 0
53 40 54 -45 0
3 0
30 -13 -8 3 5 51 51 -1 52 -27 -58 0
23 -54 -58 12 27 40 22 39 46 56 -59 -34 47 -50 0
5 51 7 38 17 -27 0
-12 2
-12 3
