28 -1 46 -55 0
22 24 28 39 0
1 22 25 38 20 20 59 0
40 60 54 -54 -3 24 0
22 -33 -19 0
36 -17 -54 0
15 26 29 43 45 5 -7 3 -28 0
20 36 41 52 6 -10 -41 3 7 48 49 59 46 -33 0
44 -39 11 -47 0
25 -32 2 36 54 44 -54 32 36 37 53 54 5 10 26 0
44 -28 -3 12 -48 9 22 34 49 2 31 36 46 0
5 6 17 51 9 13 24 52 56 5 10 58 0
34 -52 58 -55 -16 9 -27 54 -47 0
10 -38 12 40 46 47 60 0
3 38 41 48 57 38 -27 0
13 -1 5 31 35 46 48 0
10 -26 25 43 51 59 9 14 16 52 25 38 39 0
11 -45 36 -58 -48 60 -27 -35 0
7 -42 -56 32 -47 -26 22 -12 0
40 -52 -53 10 -21 0
27 42 43 57 60 46 -59 -54 58 -41 44 -24 -47 12 31 60 0
26 -37 -37 21 34 39 55 55 0
-3 1
-3 2
-3 3
-66 3
6 8 8 22 31 6 -51 0
27 28 49 1 -13 -9 0
21 -3 -25 39 42 45 58 0
13 -13 0
28 -25 21 35 40 54 0
48 -2 -23 0
16 35 56 0
22 30 42 0
24 -26 -59 26 52 52 0
51 -41 3 15 57 10 16 39 45 48 0
51 -50 -38 0
51 4 -36 -12 0
23 42 33 16 38 43 48 -58 0
59 -54 -2 21 49 59 0
14 17 19 23 24 17 -38 -30 58 -16 2 49 4 -26 0
43 -26 17 28 32 47 48 5 12 13 18 31 52 -40 54 0
30 46 45 -15 0
2 19 38 43 53 0
4 -20 30 -27 0
28 -46 -51 34 -7 48 -29 0
-56 2
-52 3
