8 8 21 26 9 31 9 19 28 50 49 -30 -38 6 8 12 52 57 0
0
2 -42 -38 14 -16 11 -22 0
16 23 37 37 48 0
50 -2 -7 29 33 35 39 0
43 -39 0
2 -39 44 -21 43 -43 0
2 16 10 -34 0
26 -49 -53 0
42 45 25 31 53 55 55 57 -35 0
7 24 34 53 19 28 29 35 37 0
38 -3 29 33 45 48 50 12 17 20 25 0
10 12 22 41 47 22 28 34 59 56 -45 -1 0
0
60 -45 30 44 48 18 48 58 0
12 18 45 50 58 31 -35 -32 24 41 -37 -57 16 0
35 -58 60 -1 -52 50 57 53 -3 -49 0
32 -14 0
49 -38 -58 14 30 41 -48 -26 59 -40 0
28 -44 -51 0
3 3 8 -17 36 -56 -14 40 -46 0
37 -8 -32 0
-2 1
-2 2
-2 3
14 34 51 59 38 -46 0
30 43 46 47 50 32 -49 -41 0
26 -34 60 -26 -54 2 14 30 51 0
29 -56 -15 51 -31 -48 0
37 -14 -6 9 -48 -43 0
39 46 48 49 0
3 -27 1 -38 -3 45 -38 -6 24 52 19 27 32 57 0
0
1 11 59 17 -13 0
2 49 52 0
9 17 33 47 5 -19 39 -4 -17 35 -51 -19 30 0
11 -52 -31 2 22 25 44 50 0
6 16 0
16 -3 11 19 56 32 -27 0
22 39 57 0
0
34 56 11 34 0
18 -52 25 -14 15 -36 0
13 26 40 0
1 -51 -42 52 -40 0
-3 2
-3 3
