54 -42 0
12 -2 24 -8 0
55 -16 -2 39 -33 -26 7 45 51 0
20 -45 -22 26 -9 0
24 33 40 42 60 12 -43 0
12 23 53 0
36 -18 -18 24 -44 -15 24 -31 17 -21 1 17 29 54 58 0
1 29 30 43 58 -2 -45 1 15 20 23 33 0
18 -5 -24 8 25 56 11 27 37 40 56 14 32 34 36 48 0
59 -43 53 -7 -21 50 -31 52 -27 -47 55 -28 0
49 -2 49 -13 3 11 18 44 53 50 -27 0
4 5 0
34 56 51 -34 55 0
59 -54 0
10 -39 0
23 31 13 36 0
18 -28 18 31 33 -49 -9 18 56 0
38 0
7 16 19 38 0
6 7 30 34 52 14 -9 -49 27 -47 10 18 39 44 -32 0
25 43 50 0
59 -39 -42 6 39 43 17 -5 -18 0
-2 1
-2 2
-2 3
2 23 37 28 -46 0
32 37 57 7 -50 -44 56 58 0
0
28 -25 -16 29 -25 -36 5 -38 0
0
18 -18 -34 12 -37 43 -37 -27 0
34 -14 -44 0
3 16 18 57 36 -27 30 -56 -26 0
14 19 39 45 26 28 28 41 59 11 57 30 -51 0
11 41 46 46 47 38 -34 -20 0
29 0
11 -16 0
43 -38 4 35 -27 10 18 46 48 0
48 -51 23 25 46 49 32 -38 -6 38 -55 0
2 -21 26 53 33 -15 -14 49 -28 -51 0
14 -28 -32 8 10 35 47 56 40 57 14 25 40 51 54 13 0
18 -32 30 -55 -1 15 -57 -32 0
15 -47 0
39 -9 38 38 46 51 57 0
33 0
-8 2
-8 3
