9 17 39 60 53 -43 25 46 0
8 -13 -50 21 25 37 51 57 4 -1 0
56 28 53 3 -2 -52 0
51 -12 33 -40 -34 23 1 -10 -41 0
56 -16 -40 52 -5 -49 6 10 42 -15 -47 24 -55 0
35 47 6 53 0
26 -49 2 -51 0
15 -33 33 38 26 -60 -53 0
3 -40 -32 16 -39 5 12 43 58 60 15 -59 7 37 0
21 0
21 25 50 53 15 -42 -29 59 -25 49 -8 -24 0
4 11 17 51 13 16 17 38 60 22 -22 -6 22 -14 0
31 -11 -13 7 -1 -27 50 -38 -28 0
13 17 24 48 49 7 35 40 53 60 8 55 -40 44 -6 0
5 0
1 1 27 28 51 40 -40 -2 0
28 -30 -21 0
50 -25 27 31 51 54 19 37 60 0
42 -37 -9 1 25 50 57 0
29 -35 -57 0
0
2 -46 -54 38 -7 -28 0
-48 1
-51 2
-51 3
-67 3
8 11 31 49 8 -10 -40 0
0
18 -12 46 10 43 -11 0
57 -58 40 -48 4 15 43 10 19 31 40 47 0
14 17 51 -33 -22 26 -26 0
8 11 33 39 46 32 16 41 43 57 22 33 50 52 0
3 17 23 39 52 36 -28 2 9 18 24 43 0
5 16 38 52 19 -36 19 -13 -3 54 -53 -54 0
6 12 55 59 11 36 42 49 49 2 -13 -49 17 -35 11 -45 0
33 -38 0
10 -33 -56 3 10 29 34 42 0
12 -4 0
49 -49 40 -44 0
34 56 0
26 -54 -36 0
10 42 0
34 -10 -44 44 -56 -28 0
18 -51 -41 0
2 -49 -7 44 -47 -1 20 0
45 -42 0
-49 2
-55 3
