30 60 8 16 34 37 39 40 -16 -19 18 31 42 54 55 0
15 51 6 9 18 48 53 22 -56 0
12 16 17 54 59 13 32 40 16 -55 -27 19 -51 0
9 40 -33 -53 12 -28 40 52 57 0
4 34 39 16 -16 9 34 55 0
56 39 -20 -10 0
50 53 60 14 31 34 53 55 0
10 -4 0
35 -49 33 -37 -60 3 11 29 0
58 -36 -28 43 24 27 32 0
38 41 41 55 52 10 0
51 -22 0
45 -32 -12 19 30 33 40 -1 -14 0
5 18 34 50 23 34 42 4 -8 27 35 60 -21 0
1 -60 59 -35 -20 50 -31 0
58 -23 10 28 55 26 39 58 -25 41 0
20 26 38 58 60 23 0
27 -12 -47 0
50 -56 53 53 57 0
58 -24 0
20 -27 24 -59 27 42 57 0
25 -56 -40 0
-2 1
-2 2
-2 3
-66 3
35 1 13 14 25 27 14 24 50 57 19 -9 -56 2 -11 -49 0
52 -18 -39 10 -24 0
32 -24 13 35 0
18 26 36 18 -6 0
33 -40 5 26 28 29 48 7 9 51 54 0
2 20 27 47 -50 0
60 -1 -38 8 -31 4 14 26 57 0
28 -56 -16 9 21 46 48 48 13 39 54 52 -31 0
33 34 47 49 0
23 -22 -22 0
55 -58 -26 12 -34 -59 45 -32 -29 0
3 -17 54 16 -59 0
56 -30 -26 41 -24 -27 21 -51 -8 7 24 50 57 0
60 58 -41 -31 2 13 22 31 -22 -59 0
14 17 28 31 13 59 7 16 60 20 0
10 13 14 46 0
14 60 17 -53 6 -27 0
19 -29 10 -52 39 -28 -22 9 20 22 40 28 -20 0
7 9 23 30 48 3 0
45 -4 40 -25 20 -34 0
-50 2
-54 3
