49 -34 -27 0
53 -37 -43 52 -56 1 31 37 51 54 15 -1 3 35 37 45 60 0
59 -7 35 -54 -13 59 -32 -49 26 30 56 5 10 27 54 0
52 -19 3 15 24 41 49 0
6 -29 4 9 50 57 18 35 -52 0
15 17 51 31 33 0
40 -6 1 -48 -27 0
23 -13 -49 0
35 55 0
21 25 29 59 58 -56 -27 7 -19 -14 58 -51 -29 0
58 -21 1 -16 9 34 55 14 39 0
55 -47 9 20 17 44 60 0
52 -37 -19 15 25 58 9 33 45 38 -55 -6 11 21 0
24 -35 -12 59 0
1 -31 0
20 30 36 44 50 12 57 60 32 57 60 0
13 -7 -25 48 -10 -24 36 -7 0
42 -38 0
28 -58 23 -44 1 11 24 49 11 52 1 20 24 35 0
12 42 43 56 60 4 25 30 0
12 40 0
13 17 39 51 44 -27 22 -30 0
-2 1
-2 2
-2 3
-69 3
23 -9 -18 53 -23 3 -57 -45 0
47 -12 58 -58 0
0
45 -35 -11 4 -35 28 -29 -59 10 25 43 48 40 -22 0
1 -29 -2 33 -34 0
24 -41 -59 0
14 57 -25 25 -26 -22 0
6 23 36 19 -46 -34 27 14 23 36 53 54 4 0
31 -52 54 -57 -36 58 -13 18 -36 0
20 39 0
17 -20 25 26 1 6 26 41 45 34 -56 8 -58 0
3 -2 -25 15 41 59 3 14 21 29 56 0
52 -49 -3 25 -28 -29 51 -46 -38 25 33 0
16 -30 0
0
29 -42 -24 9 25 33 35 36 23 0
54 -2 -35 43 -10 -17 33 -8 -38 25 43 55 0
58 -5 -3 3 -5 7 -15 22 -30 -42 16 29 45 0
55 -51 28 -6 0
14 18 -38 33 -38 -30 0
-2 2
-2 3
