30 -21 -44 0
4 50 28 -11 -6 0
59 -18 -34 11 17 0
12 14 16 43 54 45 -32 -54 0
5 7 27 40 54 26 -46 -15 12 -48 5 8 59 -10 0
50 47 14 -33 -39 15 -4 0
19 -20 0
24 45 47 45 -55 0
11 -7 11 46 4 42 52 59 23 -58 45 -33 -39 0
13 6 -32 -29 3 32 0
10 29 55 58 -6 -43 25 -47 -45 37 54 21 -60 0
1 3 7 29 34 34 59 26 35 0
7 -8 -54 0
21 49 58 35 44 48 -37 22 -35 20 -16 0
56 2 3 22 37 47 0
26 -44 -56 0
1 16 18 21 38 50 0
44 -19 4 -1 -3 0
22 41 36 -3 -44 49 -33 34 -23 -25 20 -1 -4 0
50 2 8 10 39 43 56 -29 34 -53 0
4 -48 0
15 29 40 41 35 -24 13 -36 -45 0
-8 1
-8 2
-8 3
51 60 13 17 18 24 55 0
10 11 42 50 52 37 55 0
13 58 27 -20 -60 0
12 41 45 51 27 -23 -37 0
12 30 35 50 22 -39 53 -13 -44 0
37 -7 -36 0
12 15 37 1 -34 -27 0
49 -27 8 24 34 49 56 52 -31 -1 33 -16 0
9 44 54 0
21 -42 -10 57 -36 -3 23 -17 -4 24 -21 27 -51 -32 0
56 -58 10 27 34 37 51 49 -45 23 -20 0
55 -21 -39 0
3 21 24 34 6 19 43 47 59 0
39 -31 -54 17 -40 -1 41 -56 6 15 21 17 18 0
9 -51 51 -18 -50 0
36 -59 21 -13 0
0
45 -57 3 5 6 39 54 0
28 47 58 36 -51 -41 54 -53 0
27 -39 4 -12 -4 2 6 39 39 46 11 20 21 39 42 0
-49 2
-51 3
