26 56 0
14 -11 -46 12 -42 3 39 24 0
26 -46 -60 0
3 50 32 -7 10 58 37 -59 0
44 27 17 0
15 20 29 11 23 24 33 53 20 20 23 37 24 40 41 0
25 -12 -27 24 -13 0
57 -34 -21 27 -44 -47 52 -37 6 39 20 -56 -30 0
4 -59 21 22 0
22 -28 46 -34 -8 10 28 59 40 -19 -30 0
25 -9 -57 31 35 55 -16 -11 1 -26 0
18 21 21 32 42 49 -36 45 -2 27 -45 -57 0
51 12 13 22 34 55 27 36 44 4 20 35 0
21 33 54 -52 -57 0
7 49 54 0
8 19 0
0
56 -6 50 31 41 59 50 -31 -36 0
39 -24 27 -58 -22 27 -22 -11 6 -49 -52 0
9 -17 20 -53 -42 0
6 -12 -50 48 -19 0
51 54 -46 -42 0
-2 1
-2 2
-2 3
-69 2
60 -27 0
33 48 -39 3 15 0
3 11 20 42 59 -56 -10 55 -16 0
46 -32 -54 0
15 -57 25 -15 -38 4 0
9 26 46 55 55 6 -30 -46 9 47 0
29 -36 57 -1 -41 17 54 56 0
15 32 33 25 37 37 56 0
6 43 0
51 -45 -24 57 -9 -57 53 -48 -14 0
37 -11 -49 52 -52 -44 7 0
50 0
40 41 22 49 57 15 -15 0
24 -27 6 -16 -41 26 -56 -26 0
26 -5 35 -38 0
3 -56 8 -46 44 -43 51 -39 0
1 7 12 27 36 0
4 7 18 35 35 -46 1 16 19 51 0
1 5 17 20 34 16 21 25 51 57 1 4 19 19 29 15 -24 0
14 4 10 25 0
-2 2
-2 3
