19 -34 -26 4 41 41 -60 2 2 2 60 9 11 26 56 58 0
7 4 5 58 3 6 13 20 56 40 -48 -11 0
3 -34 0
7 49 7 17 30 40 0
59 -2 -21 4 20 50 -6 0
31 -35 -39 0
42 -1 9 48 54 39 -54 4 13 0
50 -12 4 4 15 40 55 0
3 10 -14 10 34 47 49 48 -21 1 6 0
8 44 4 -51 0
0
33 -25 -36 28 0
0
10 22 24 52 58 1 30 34 34 58 44 -30 -49 0
30 40 7 57 47 -29 -52 0
20 -49 4 8 25 0
22 -20 0
7 -3 -3 50 -19 0
13 -34 17 -52 0
17 -6 12 -23 33 44 60 0
28 -9 -36 11 12 13 17 23 13 -59 -60 0
25 32 41 43 52 52 -40 -51 4 16 29 52 0
-13 1
-13 2
-13 3
-68 2
25 -55 -22 41 -53 -29 56 0
43 -53 -57 16 24 37 55 59 -44 1 23 38 8 -10 -6 0
23 58 60 27 41 55 51 -56 -41 1 25 46 2 6 10 58 58 0
0
59 -17 -38 32 -24 59 -54 -9 0
4 39 49 0
46 -39 0
43 -35 3 -35 -19 28 -52 1 3 42 0
3 14 44 48 8 -24 -6 20 39 48 43 -19 48 -45 0
15 47 51 34 -39 8 19 20 35 0
0
35 0
1 8 32 35 11 -24 -28 0
24 47 0
37 51 0
35 46 55 57 58 9 -55 -12 50 -40 27 49 0
40 -50 15 22 24 48 52 13 19 48 55 4 13 25 0
37 55 3 17 53 59 20 41 -4 0
2 -26 8 -58 0
0
-17 2
-17 3
