49 -17 -35 0
40 40 47 3 60 0
37 -44 -28 12 -54 -47 0
10 26 30 52 0
17 -7 0
48 27 -60 57 -33 -47 43 -4 9 -28 0
38 -50 37 -36 10 -15 -45 0
18 32 0
5 25 37 58 15 23 24 42 0
59 -24 -41 26 34 20 30 30 36 42 56 2 10 42 55 58 0
5 13 27 40 54 9 20 42 0
41 -10 -32 23 -43 3 20 39 56 11 -7 0
35 -16 -31 0
27 -17 -15 57 -35 -13 8 15 16 37 52 0
21 39 15 -34 39 -25 34 0
3 12 38 47 55 21 37 49 51 51 0
2 55 20 25 30 56 45 -54 -22 1 28 33 39 0
0
17 -27 -58 0
0
11 -14 -49 16 -24 -16 0
20 -10 -28 0
-3 1
-3 2
-3 3
-68 2
2 -60 5 0
3 49 59 60 -25 -50 0
51 -29 0
59 -58 0
54 -48 -41 18 -8 -25 0
23 32 37 47 29 -54 24 -1 -16 0
13 -49 0
14 -10 21 -13 -6 16 -28 0
3 49 12 -24 0
4 0
32 -45 23 -34 0
26 51 57 59 -40 0
25 -56 -44 0
13 -20 -28 36 -50 54 -5 -47 0
1 1 2 4 8 11 16 19 0
2 25 56 -56 -58 58 -45 58 18 -52 0
7 12 27 48 57 59 6 15 41 55 0
47 52 5 27 41 46 0
35 -1 -11 0
43 -5 0
-21 2
-21 3
