32 -37 -5 0
13 -53 0
34 -31 -13 55 -4 60 -30 -14 59 -17 -9 0
22 0
38 -32 8 -53 29 -36 0
5 21 59 0
29 -44 1 -18 2 7 49 56 0
22 32 7 -25 -50 40 16 27 59 17 -31 -51 0
8 -13 -2 1 -6 43 -21 43 -21 0
13 -10 -7 10 -14 -24 47 -59 39 -47 -56 0
16 20 23 34 51 3 4 8 17 33 18 0
51 -47 37 12 0
28 -26 31 -24 -26 0
44 46 4 -33 -16 11 -41 -5 0
26 -23 25 -26 -51 18 21 31 33 6 9 15 40 2 56 0
22 -26 0
14 39 49 30 -7 11 49 -7 -6 0
9 23 34 38 51 0
26 -37 -54 41 24 -15 0
10 35 40 45 52 43 -51 42 -51 -12 0
35 -4 19 27 47 52 38 -13 5 15 35 47 60 0
7 -37 48 -19 31 -41 -31 0
-35 1
-35 2
-35 3
24 -33 -59 0
7 9 0
1 -48 -44 8 -6 25 49 25 39 46 0
55 -2 11 47 21 21 23 57 12 17 43 44 49 0
12 24 25 31 52 44 -37 -6 1 -32 -16 1 -15 2 -26 0
0
3 -50 0
14 20 37 44 0
0
10 8 22 24 25 26 0
7 45 -47 58 -22 0
6 -56 -3 1 5 38 54 16 -26 0
0
39 -1 15 22 52 58 14 -50 0
3 -2 4 -3 0
39 3 3 12 15 60 -5 -22 0
41 45 10 12 0
14 -21 23 27 38 53 55 2 -45 -10 0
47 -38 0
2 10 31 50 30 -59 21 -18 -20 0
-35 2
-35 3
