53 -39 -50 50 -24 14 31 54 1 6 48 8 9 32 0
3 35 58 -14 -48 47 10 -10 41 -32 0
20 1 30 42 5 48 0
18 39 44 59 59 -38 0
7 13 15 47 14 -49 -15 57 -33 19 -6 0
36 -41 -24 21 28 43 60 14 -54 -44 0
4 25 -51 0
26 -33 53 -26 6 24 33 37 0
51 -50 0
14 -25 -48 30 -19 8 19 39 59 8 34 43 44 11 -49 -9 0
11 -57 3 19 2 -22 59 -37 50 -50 -23 0
3 29 46 -34 -12 39 -43 -4 13 14 24 39 58 0
24 19 -10 25 -7 -16 0
19 -58 21 43 45 56 60 24 -26 33 -21 -39 0
8 9 13 24 55 -41 0
0
42 -29 2 21 26 33 0
0
43 1 8 26 50 11 39 54 41 -50 38 0
51 -16 -48 53 13 -6 0
47 -33 1 -55 -8 24 -53 -11 7 -13 -42 54 -8 0
20 -21 -35 0
-11 1
-11 2
-11 3
38 0
4 -46 -58 18 27 29 54 0
2 -27 33 -8 28 -21 0
9 -46 40 -6 -26 9 27 0
14 24 52 34 49 20 58 27 -35 44 -8 0
22 -3 -43 0
56 0
21 -20 6 -14 19 -40 -8 0
45 15 21 -13 -51 9 10 34 52 56 0
1 40 50 14 18 0
7 28 47 52 36 -33 -37 0
17 -41 0
8 -48 -51 1 19 34 0
35 -30 0
17 18 28 32 39 34 35 0
0
2 3 16 22 29 20 -18 -29 0
58 -15 -14 0
11 -31 0
32 -32 -59 7 20 28 49 52 4 36 36 41 0
-11 2
-11 3
