54 -52 -7 1 35 35 41 52 44 -53 17 -44 -60 38 0
14 -35 52 -50 -2 25 41 58 0
4 8 16 57 59 0
29 -60 -33 10 15 18 26 11 -30 -22 0
23 -16 48 -7 -34 21 -15 49 -33 -40 0
39 -49 -16 8 18 25 26 0
0
50 -40 -38 15 -17 58 -9 -32 38 -48 0
1 10 35 56 0
19 12 -46 22 -57 -58 31 34 37 -60 -17 0
3 -38 0
44 -11 -26 50 -7 0
12 -3 -40 15 -15 19 -38 0
6 32 39 51 0
45 -37 -20 50 -47 3 4 22 0
44 -37 53 -16 5 41 44 36 -14 48 -31 -57 0
53 0
4 42 49 49 0
6 -20 0
2 -40 -23 32 -35 -17 0
0
54 14 -37 0
-6 1
-6 2
-6 3
-66 2
59 -48 -56 0
54 -18 48 43 -8 -7 7 -50 -40 22 52 56 0
45 -3 48 -48 16 -38 -50 0
7 16 24 54 54 40 -51 -40 0
6 -7 -48 0
0
54 -14 -52 0
29 -31 -34 0
12 -20 -44 0
25 32 51 28 -3 45 44 -16 -17 0
0
3 -35 17 -19 0
21 23 37 49 60 0
46 -51 4 3 -34 -8 0
48 -45 10 10 19 45 59 11 20 34 -13 0
16 28 49 52 58 4 4 12 19 41 0
33 -14 58 -38 -40 0
20 -41 9 10 11 57 9 0
53 -28 11 13 24 46 54 -55 59 14 -47 -58 0
11 16 20 23 51 23 33 51 0
-52 2
-47 3
