45 -31 4 27 28 0
0
26 -38 7 -31 2 -18 -53 51 -13 7 41 0
57 -5 -39 29 -39 0
28 -36 57 53 -48 -55 0
5 6 48 16 22 29 40 43 32 33 46 51 0
40 -36 6 -7 11 -30 5 22 36 59 45 0
54 -40 51 -6 21 -36 59 13 36 45 0
10 -44 -50 7 18 29 33 22 -51 -43 0
59 12 20 23 35 0
50 -4 31 35 4 -6 5 -34 5 -9 0
6 9 14 30 43 -41 -50 26 9 -37 -5 0
14 -15 -17 40 43 54 60 44 -31 48 -44 0
8 -1 0
48 -14 13 17 54 11 45 19 -22 30 0
10 -25 51 4 -52 7 26 43 0
0
7 -57 -42 11 58 59 51 -59 0
55 -2 6 38 15 -4 51 -58 0
0
56 -18 -6 41 -53 -36 0
15 48 -48 -6 1 -53 -34 0
-2 1
-2 2
-2 3
12 36 58 5 8 18 22 26 0
54 -12 -35 0
3 5 6 19 60 33 -47 31 -17 -6 31 -53 -40 0
29 -14 -58 0
38 -41 1 7 11 30 58 0
50 -18 -54 0
4 7 18 28 33 12 -20 6 -33 7 -10 -26 25 0
15 19 28 20 -19 -5 8 29 48 56 25 0
44 -2 -35 28 56 12 14 22 17 59 0
30 51 56 59 60 44 -14 -7 6 -11 -37 10 33 54 42 0
50 -25 35 40 45 -42 11 -1 3 20 31 40 50 0
3 28 46 53 57 -14 6 -17 10 21 51 54 0
12 22 42 43 33 -43 -38 0
3 -20 6 26 41 53 0
0
13 16 41 11 37 42 55 57 32 -18 0
49 -50 -58 46 -59 0
53 -55 -30 41 41 -35 10 -10 -41 0
16 25 24 -25 24 37 0
12 18 49 24 -9 4 22 0
-47 2
-48 3
