40 0
39 -49 -18 0
32 33 24 -52 60 -10 -33 0
58 -33 12 18 28 38 3 -45 5 -49 0
12 -15 -38 13 15 18 29 0
39 46 49 13 -27 0
32 7 45 50 57 0
38 0
19 23 52 57 58 0
27 -47 -55 0
1 46 0
6 -46 42 -13 -17 46 -32 18 31 34 0
50 -42 0
28 2 5 15 23 31 20 26 37 49 0
16 -37 -9 40 0
15 -48 0
30 -14 0
53 -19 29 -9 30 39 48 53 0
49 -28 0
51 56 19 19 33 43 46 0
2 -50 -13 0
28 -49 -40 1 2 3 27 37 -35 -12 2 -13 0
-3 1
-3 2
-3 3
-68 2
0
39 -8 -23 12 1 -32 0
10 14 53 3 0
14 25 56 0
26 46 54 5 -25 0
2 25 -38 -46 33 -34 -59 8 0
39 -54 28 33 44 55 6 9 32 -43 0
8 -27 -57 0
32 -2 0
45 45 48 50 52 2 -13 5 24 28 53 16 22 37 49 0
4 10 11 21 45 0
26 24 -24 3 53 0
1 33 34 51 17 -49 0
28 0
1 5 48 0
48 5 33 34 49 52 0
17 18 59 49 -43 0
5 6 8 19 40 0
58 -22 -51 0
1 12 18 42 43 28 -8 17 -17 -36 0
-49 2
-56 3
