42 -35 19 -14 4 47 60 20 38 41 49 55 0
18 28 0
4 16 43 47 37 -17 51 -37 0
0
44 -57 -23 37 -53 -54 5 41 -36 0
58 -17 -13 0
34 25 55 57 4 4 5 15 17 28 -40 -4 0
28 -51 -22 27 -37 -9 27 -54 -36 0
5 45 49 54 59 18 -28 33 0
59 -31 54 -25 -5 7 -36 38 -31 0
2 15 0
30 39 4 -13 49 -32 -18 3 -43 -11 0
22 31 39 44 56 30 36 0
40 -48 -59 18 53 -3 0
20 29 34 35 52 25 31 37 5 -44 -22 33 -45 -14 0
29 36 50 0
56 -42 -44 8 16 56 8 -14 -4 0
50 -36 0
51 -8 -26 18 39 47 51 7 16 26 48 0
1 30 45 46 0
48 -5 0
1 -58 26 -55 0
-5 1
-5 2
-5 3
-67 2
0
33 -50 0
4 12 16 49 12 -6 40 -47 10 16 23 25 42 0
21 -25 -56 0
0
4 5 6 47 59 -30 50 -3 -57 15 23 30 60 5 45 47 54 55 0
15 -56 0
10 27 39 51 50 0
46 -57 38 -17 -43 11 -56 -19 0
14 24 34 40 42 34 -50 -43 0
19 31 59 -16 -7 34 -51 -15 7 -15 -54 0
22 26 48 60 2 38 46 54 56 29 -26 18 -15 -17 0
2 -26 24 -37 21 33 0
0
15 -39 57 -2 16 -37 -43 0
1 5 52 0
33 -19 0
29 -44 34 -35 5 -45 -6 54 -52 0
47 -27 -23 16 -50 -55 0
4 5 7 32 40 20 -34 -47 0
-8 2
-8 3
