5 10 27 36 60 0
40 -24 -36 28 -53 -15 6 48 58 0
7 26 52 9 -33 -15 36 -35 44 -44 58 -33 -18 0
14 -12 -8 38 0
28 -38 43 -50 -60 50 -28 -14 0
1 -15 0
10 -55 -15 21 12 20 23 50 3 27 32 55 0
36 -33 -35 1 -4 -39 0
7 22 38 38 59 5 15 19 39 0
57 -10 47 -58 15 26 57 4 8 10 23 60 0
19 24 24 28 41 20 33 44 44 57 0
37 37 -29 -38 43 45 45 10 17 52 0
38 -59 18 -39 -39 0
5 -18 45 -32 12 28 35 53 -14 -55 0
48 0
0
33 16 40 53 13 35 50 43 -10 -36 2 4 10 31 47 0
10 -24 3 20 14 -45 25 -43 0
32 -46 -9 11 -18 -18 31 -22 -26 6 28 37 42 60 0
15 -15 -36 43 14 20 26 48 57 1 -51 0
9 10 27 26 -8 -15 36 59 18 -8 -8 24 33 48 0
2 -22 15 41 1 17 39 53 -29 23 -8 0
-47 1
-47 2
-48 3
-68 3
-66 2
47 56 60 8 8 11 47 52 0
42 -55 32 -25 12 23 45 59 0
24 35 35 10 21 29 0
34 -22 -34 36 -33 59 0
34 41 47 19 21 33 10 -60 49 -42 41 -11 -15 0
2 32 34 38 46 5 18 29 37 0
35 -37 41 -11 34 -60 -11 26 29 60 0
20 -10 -14 11 59 36 17 -16 17 -35 -25 0
40 -18 56 -8 -52 17 -33 28 9 -50 0
39 -52 0
4 32 46 4 -8 16 21 57 60 29 39 55 0
35 -44 -55 0
8 33 43 44 56 0
32 35 -7 -30 13 -60 0
32 34 -32 -4 0
45 -16 -57 0
60 14 22 51 44 -57 -45 0
4 23 27 41 45 0
16 45 48 51 58 3 -19 -54 0
22 29 36 49 44 -14 -41 9 12 26 33 37 0
-48 2
-53 3
