15 -20 0
17 0
11 -57 -15 41 -34 -42 13 -48 -2 5 -16 -22 0
10 -42 18 40 54 48 -32 0
26 36 55 8 8 37 -40 -52 51 0
31 59 0
45 -23 -53 25 19 -13 -41 0
38 -49 5 -32 -20 55 -49 23 -5 -52 0
60 57 7 16 30 60 43 11 -9 -26 0
30 40 -11 -52 0
2 22 23 38 -30 -4 34 -52 22 28 46 49 0
22 -49 -56 55 -35 23 27 11 -46 21 -9 0
17 36 42 35 56 0
11 19 50 16 -17 0
0
35 -8 0
57 -45 -27 7 12 39 39 47 1 22 30 54 13 16 16 34 37 44 0
1 19 39 6 32 24 -41 -36 0
0
11 -30 37 -48 0
47 -20 -59 23 37 44 58 31 -14 0
13 24 57 1 5 39 54 10 -13 -36 19 2 -6 -33 0
-2 1
-2 2
-2 3
53 -5 0
2 -35 1 -57 15 44 14 38 44 44 58 32 42 44 49 52 0
28 -49 -49 13 16 21 25 26 27 28 0
19 -46 0
41 -40 -15 34 -9 -42 0
10 26 30 57 26 38 1 8 18 33 -9 -34 0
19 29 29 54 16 -11 -11 10 19 37 58 33 43 0
2 3 26 34 7 45 54 0
6 -26 -28 45 -36 14 28 35 46 0
2 21 30 50 17 -56 -15 26 -2 -52 34 -33 -16 60 -5 -13 0
21 54 -55 -43 52 -21 3 31 33 43 56 27 39 0
47 -56 0
24 42 57 58 31 -7 42 0
0
24 -40 -23 17 35 0
3 -54 0
20 35 33 12 -52 38 -23 -32 0
1 -4 -17 22 31 9 14 51 52 0
14 -18 -51 57 -20 -39 9 27 34 40 44 47 -30 -8 0
25 -38 -5 60 -26 -50 31 -28 -28 39 -9 -14 0
-3 2
-3 3
