46 52 58 5 11 17 51 0
21 -56 21 -48 -34 42 -14 0
3 25 0
18 45 28 -57 -11 9 -32 11 13 41 35 -46 -41 0
40 -39 0
53 -55 -6 0
4 32 36 53 0
1 27 32 0
51 -22 -23 12 -46 -50 58 -5 0
19 23 23 31 40 11 11 20 26 50 0
8 -39 -60 0
60 -59 2 22 40 41 46 31 -35 -52 16 48 59 9 -59 0
46 -6 -53 38 0
0
40 44 57 58 60 40 -43 -36 0
4 39 14 40 0
22 45 -9 -17 0
23 -14 2 15 20 37 41 38 0
30 31 4 12 15 52 45 -3 -9 0
29 16 13 -49 0
34 37 52 52 59 -45 0
30 -44 -1 0
-5 1
-5 2
-5 3
19 22 48 0
17 -2 -26 0
26 0
59 -36 0
5 50 -2 -28 0
11 -43 -23 0
1 26 27 40 58 47 -52 23 -45 -16 7 38 0
30 -42 -55 2 51 22 -8 -7 0
20 -59 -22 34 46 27 30 31 30 32 42 0
25 -56 46 -36 32 -38 0
23 -43 -35 38 -56 38 -24 -40 0
15 35 -43 -11 0
39 -10 34 -22 -58 0
4 -56 21 -32 10 17 58 -49 -3 0
44 -26 -44 56 -25 0
0
44 53 58 -47 24 -2 -4 19 23 26 47 57 35 -59 -52 0
10 18 41 59 59 4 5 27 39 60 22 -42 -21 0
2 22 36 59 -19 33 -3 -34 8 -38 -47 0
5 22 48 55 55 1 38 47 56 0
-5 2
-5 3
