25 -33 42 -40 -12 6 -22 -38 0
26 37 46 48 60 40 0
15 21 39 58 0
26 59 17 50 54 0
4 31 44 10 37 16 38 0
14 -47 -6 0
24 -58 -12 0
31 -33 -14 35 -56 58 -5 -51 12 -11 -42 11 13 0
3 57 0
55 8 16 49 18 -50 0
52 -19 -3 44 -13 -28 17 38 51 57 1 -31 -37 0
30 32 55 12 -6 -30 20 25 7 -9 -6 0
13 19 22 37 52 1 25 0
12 29 50 55 0
35 -36 -53 58 -8 0
12 -31 -45 54 -53 -21 43 -43 -9 0
0
3 4 39 5 7 14 16 60 11 -29 -29 13 -3 27 -7 0
19 22 35 0
4 10 23 24 51 0
54 -8 7 21 36 52 59 -41 -50 2 -41 3 -51 -55 0
8 33 53 56 2 -37 25 -5 4 21 55 0
-8 1
-8 2
-8 3
33 47 45 -19 20 24 34 35 58 51 -19 0
16 20 56 58 60 -54 -23 59 -44 0
19 48 59 11 18 32 51 1 45 48 0
14 -9 48 -53 -56 0
35 -15 -54 0
13 31 16 39 53 34 35 0
13 -56 -40 35 39 0
15 -30 0
7 -52 22 -29 0
7 27 56 56 -14 0
58 -29 -51 0
10 55 0
39 -41 -2 0
44 -43 -30 55 57 10 -11 -32 2 21 0
21 -29 31 36 49 21 43 0
6 36 37 40 43 30 -31 0
16 -31 40 -19 -41 4 -37 -48 7 34 0
3 5 40 47 16 21 49 55 58 9 15 23 40 48 0
47 60 -1 -4 7 -48 -29 8 -24 22 0
21 28 35 28 59 3 -60 -43 0
-41 2
-41 3
