29 -51 36 -27 -11 48 -15 -12 0
14 35 40 -9 1 4 54 56 0
29 -22 52 -37 0
4 -11 24 40 52 60 29 -16 0
26 0
31 42 52 53 13 30 0
13 25 43 0
16 -16 -14 14 -26 -19 0
52 41 -5 -26 0
20 29 34 36 35 -55 -9 0
5 -33 -21 0
3 26 26 56 0
30 35 57 11 35 40 48 -2 24 -4 0
38 5 -36 57 0
12 29 42 0
5 8 41 3 13 32 53 0
5 43 57 19 -6 -21 8 16 25 28 31 0
32 -38 8 -38 -4 17 43 -41 -50 0
37 -29 -6 18 -18 -17 12 23 39 42 55 48 -28 -10 15 0
28 -3 -22 0
43 -36 27 -42 13 22 29 36 0
1 -15 2 16 32 53 29 -60 -53 18 30 30 42 54 0
-5 1
-5 2
-5 3
-66 2
27 -59 32 -23 -18 29 34 45 17 25 43 60 0
22 30 0
36 -31 24 0
16 0
52 -40 -40 6 -19 31 54 0
17 51 56 58 40 -19 -1 49 50 36 -58 1 9 33 37 55 0
6 33 0
56 0
39 44 0
50 -12 46 -57 -15 32 -47 18 -38 28 -22 -49 0
5 5 11 57 57 7 23 55 22 -10 0
0
39 -1 20 24 31 35 50 37 52 0
46 -49 0
7 0
2 13 29 42 4 -44 -40 20 37 31 -55 0
4 11 56 46 -19 -18 48 56 0
26 -10 11 -54 21 -6 -49 38 -11 9 -5 -20 0
1 57 2 23 27 58 14 -22 0
7 34 46 57 8 0
-9 2
-9 3
