0
17 -52 14 -59 0
41 2 -52 13 35 50 58 59 57 -41 0
44 -39 0
42 59 -32 -30 21 33 55 17 40 46 52 0
35 3 -40 3 -11 0
12 25 47 54 0
20 26 50 57 -43 -57 0
37 -40 -28 0
57 -12 0
2 31 -15 -42 36 -59 0
13 36 47 49 28 -7 -10 0
26 31 32 35 59 7 19 29 55 27 -36 5 -23 -26 0
45 -54 -30 20 29 44 44 47 57 -19 -45 0
52 -32 -59 8 40 49 20 -43 -52 2 19 0
3 -55 -36 0
44 45 -9 -21 24 -41 13 -19 -20 0
14 -19 0
1 -47 -50 45 -10 4 18 28 35 49 18 -9 0
3 39 47 50 59 1 15 26 32 1 29 34 -52 24 -35 -44 0
1 -27 -44 37 43 47 49 52 0
9 11 15 0
-5 1
-5 2
-5 3
26 -47 -25 16 30 36 57 0
23 -22 24 -19 -57 0
52 -37 -5 10 26 55 58 0
57 -41 13 -5 57 16 45 25 -14 -14 0
28 28 44 49 53 0
15 -32 -56 60 18 -31 -30 0
8 -56 -34 26 -29 21 0
50 -3 3 3 6 7 24 30 -19 16 30 36 40 50 0
54 -32 0
0
3 -35 20 42 47 50 0
22 -30 23 29 53 57 58 51 -1 8 -57 0
24 39 0
8 33 44 52 60 26 -43 32 5 0
3 -38 0
34 -49 0
1 23 31 16 33 39 58 8 -12 -36 1 14 22 55 59 10 -31 -29 0
14 -12 -21 0
52 -22 -2 50 -41 0
18 32 38 45 46 31 -26 0
-49 2
-49 3
