13 37 49 17 -45 -1 0
21 43 0
34 -36 -26 8 -28 0
32 -58 30 -9 3 21 23 0
29 60 0
30 -14 -55 36 -41 -11 26 -43 0
0
45 -8 26 -54 -58 0
13 29 0
40 -1 -49 41 -43 -16 40 45 0
26 27 5 18 29 31 0
6 43 51 60 56 -11 14 -51 -12 0
44 50 0
12 41 14 16 43 0
15 -6 -31 13 -32 -3 23 -24 7 -32 0
9 29 34 43 22 -15 3 -50 -12 11 12 26 55 4 -17 -26 0
19 -12 38 -35 -40 0
16 17 32 60 53 -40 -58 0
3 60 -42 18 -20 0
0
5 15 37 39 44 14 -23 -35 19 22 39 40 0
0
-2 1
-2 2
-2 3
3 7 35 40 53 4 11 -3 51 30 -46 -20 0
60 9 11 36 55 0
57 17 20 21 42 18 -40 -22 0
33 48 11 34 34 38 26 38 38 43 51 1 1 29 51 60 37 0
10 12 14 0
19 -1 30 -44 -19 21 47 50 59 27 -5 0
29 -31 -24 37 -24 7 -6 -24 0
26 -37 -25 0
43 0
20 -5 -32 9 -40 -60 0
9 16 52 0
14 19 26 45 30 44 7 13 42 46 0
43 -5 22 -50 -9 0
12 43 9 25 31 19 38 41 52 46 -7 0
3 7 15 25 32 -3 -53 0
1 22 23 36 55 0
2 4 15 15 34 0
19 -35 -7 8 -43 0
1 45 52 52 53 9 15 19 48 55 0
22 -48 18 19 36 59 7 47 0
-50 2
-52 3
