0
34 0
36 -22 -18 9 31 0
18 -36 -31 31 -48 21 -54 34 -57 0
51 -14 7 43 0
19 9 11 15 48 22 -19 -37 24 -5 -5 0
17 -36 60 43 -28 0
15 54 48 -42 0
42 47 60 -52 -19 52 -12 46 45 -49 0
12 15 40 48 50 43 50 0
29 -32 45 22 -43 44 -37 -27 0
22 0
26 -24 -60 59 15 43 43 -8 0
51 -54 41 -6 58 60 1 -2 0
40 -40 -5 4 -46 29 -41 6 25 39 0
15 34 52 10 24 27 43 52 16 23 27 35 38 0
60 -36 59 -37 -33 56 -54 8 8 14 0
36 41 -43 -26 37 47 52 4 -8 -43 0
40 -18 0
0
43 -21 0
0
-2 1
-2 2
-2 3
1 5 18 20 52 0
0
41 8 13 37 48 58 6 12 16 44 50 0
5 43 53 59 13 18 25 58 60 2 34 36 40 59 0
30 -54 31 -28 27 38 49 49 0
17 -49 -3 0
1 -57 -50 34 -10 5 16 38 0
23 -50 -50 34 -55 1 35 43 54 42 -28 0
58 -3 2 -8 -42 23 -13 -5 16 -4 0
0
50 14 -34 1 10 21 40 52 5 33 59 0
27 13 -18 -22 0
12 -49 21 -51 15 42 50 54 0
38 39 59 1 24 25 41 0
21 -40 -40 0
21 22 30 36 43 39 44 58 0
13 -13 -15 45 60 -35 57 -57 -30 29 -15 -48 0
8 25 39 0
15 -56 2 2 21 6 22 42 46 34 -1 -10 0
7 17 47 54 60 23 -50 34 -13 -6 46 -32 -32 0
-48 2
-47 3
