3 -53 50 -53 1 54 55 0
60 -13 46 -37 -20 8 20 35 -28 0
22 29 42 46 19 25 40 47 55 11 -24 15 -21 50 -12 0
13 -30 -5 3 22 27 30 0
32 -11 -6 60 -37 0
57 -48 -1 41 1 27 28 29 44 26 51 55 0
17 26 50 0
46 -36 -37 57 -59 3 29 38 0
17 -57 22 29 47 -51 -31 0
16 0
3 17 19 29 9 -60 -47 10 -18 -33 57 0
44 -36 5 41 42 56 38 0
39 -38 17 -35 -42 0
55 0
22 26 30 46 0
25 -3 -49 16 23 47 48 18 28 30 0
24 -13 3 3 16 0
0
57 -55 11 -14 -19 4 -25 0
0
2 10 41 0
18 56 0
-5 1
-5 2
-5 3
1 5 15 28 21 -41 -58 0
25 -14 8 44 14 -55 -22 22 -8 -49 2 -9 -27 0
7 -6 -43 26 -53 -19 36 -49 0
60 -11 -29 14 -26 -25 0
0
6 -52 19 40 45 47 50 0
56 -8 -30 11 -11 -43 18 45 8 -31 -59 0
45 -38 -53 1 24 58 60 58 -4 25 44 0
6 -33 -1 3 -57 -41 0
36 -13 -47 0
2 16 37 39 52 59 -28 0
26 49 51 1 17 46 53 0
40 -45 -5 48 -30 -8 0
23 46 51 52 60 2 4 53 26 41 49 53 0
21 44 47 60 60 51 -58 -58 16 25 33 51 53 0
15 35 48 20 24 27 58 -13 -28 0
5 -50 -39 32 -7 0
39 -20 -39 43 -4 25 -2 0
52 -49 -51 0
60 -20 19 31 32 50 0
-11 2
-11 3
