57 31 -60 -52 0
29 12 52 -53 -11 0
3 17 19 25 8 -35 11 32 55 55 46 -26 0
60 -59 5 -7 -27 0
37 -43 2 12 25 41 0
2 -14 57 -16 -53 40 -30 -60 0
23 -54 0
44 0
16 24 40 44 24 37 46 0
44 -46 3 34 42 7 31 41 0
46 -56 -45 34 -20 28 -16 44 0
39 -27 60 -50 2 43 51 56 7 50 4 24 0
20 -6 -37 7 53 9 36 0
25 17 -51 -21 0
0
19 -13 3 -59 -32 0
43 47 49 57 60 1 36 43 55 58 13 36 26 -51 14 0
0
0
9 23 49 1 -42 -17 0
0
22 0
-5 1
-5 2
-5 3
34 8 -36 3 49 0
20 -49 -40 51 -46 -4 0
47 15 48 50 57 14 -4 0
14 19 41 47 8 35 37 50 -57 1 18 20 24 0
23 27 47 -31 0
37 -41 -26 43 -16 -2 0
35 -58 -10 45 -19 -39 11 13 59 12 -49 0
8 -11 53 -40 -6 0
45 -60 8 -54 -39 51 -12 -23 0
7 28 0
7 34 35 57 60 0
11 -24 10 -20 45 -22 0
16 17 27 43 56 15 -20 -19 44 -57 11 43 46 58 58 21 -38 -51 0
1 -57 37 -58 31 42 50 3 12 15 52 58 50 0
5 33 34 54 25 -5 -41 30 -58 0
13 19 32 0
15 15 37 54 56 51 -18 -6 0
6 18 32 42 52 1 26 7 18 22 39 50 13 -12 -19 31 33 43 50 0
47 -20 -8 15 -52 -36 0
32 -38 -17 6 25 29 59 35 41 0
-49 2
-48 3
