16 18 23 31 53 14 -49 13 -50 -44 57 -37 0
34 -23 0
32 -48 -9 26 -45 26 -13 0
40 -4 0
8 37 49 60 18 -27 -44 0
33 51 0
55 -24 23 36 42 31 -50 -9 40 -33 0
21 -40 41 -54 -36 0
23 35 0
56 -16 -25 0
13 -32 0
12 17 53 10 28 0
22 -22 25 26 29 52 17 33 34 34 38 12 0
9 33 52 0
9 -6 -3 60 -8 -7 0
4 4 28 45 53 19 -56 -38 46 -34 9 9 10 21 43 0
4 41 48 5 -11 -18 3 19 23 35 46 5 36 51 57 12 -13 0
41 -42 59 -29 -16 0
47 59 60 19 -49 0
30 -28 16 27 30 2 14 16 45 46 0
6 30 39 7 9 16 44 16 32 53 19 26 18 -31 0
0
-2 1
-2 2
-2 3
37 -47 10 16 20 40 56 17 -10 -8 32 -31 20 47 0
42 4 7 44 54 58 15 25 46 0
3 -34 0
16 49 57 -30 -16 0
19 -42 58 -33 0
54 -3 15 37 40 53 27 -13 -42 11 -24 -34 2 19 21 33 41 0
32 -3 25 28 44 -10 -47 15 -53 10 20 27 43 0
53 -1 -41 53 -13 -19 28 59 57 -34 -54 23 24 31 46 57 0
8 -37 0
2 -3 -55 45 3 10 18 39 54 -35 0
38 3 6 51 55 0
0
23 -30 -31 52 -22 7 28 0
16 25 15 33 45 46 52 0
0
36 -10 53 -8 3 -43 -60 37 41 45 5 47 57 0
29 32 42 50 51 17 57 58 0
10 42 1 37 0
32 40 42 42 58 30 -18 -59 0
21 0
-52 2
-53 3
