45 -42 0
13 14 38 41 45 0
54 -9 48 -28 0
29 -49 14 55 0
19 -59 -38 21 22 31 33 58 17 19 19 43 10 44 0
47 57 0
46 -17 -2 45 -24 -12 52 -34 5 27 57 58 60 0
27 59 10 -52 -55 39 53 4 15 21 28 56 0
14 -6 22 36 -4 0
7 -60 29 -16 24 -49 0
50 -54 7 15 58 0
24 30 43 43 -58 18 39 42 50 -30 -32 0
54 -12 13 34 0
21 -34 28 -60 -44 47 48 54 0
10 -27 25 -15 0
7 18 19 39 40 36 -24 -37 0
9 -49 -16 57 -16 -23 3 -6 -14 4 41 0
2 3 6 55 55 4 -57 -37 45 51 -39 0
6 24 40 55 1 -27 10 4 8 21 44 55 0
23 34 0
13 17 24 32 2 3 24 28 51 13 -22 -44 2 8 0
23 -47 12 -47 -42 0
-10 1
-10 2
-10 3
-68 2
26 39 -51 2 3 0
10 18 28 29 57 15 -53 0
5 -51 -28 48 -43 -38 0
11 -60 28 -4 -58 0
12 16 29 40 9 -26 22 -30 -31 0
28 -35 23 42 19 31 35 38 59 0
9 -21 -26 41 -39 29 2 -17 0
18 -54 0
22 26 26 50 57 14 36 56 24 -8 52 -26 -53 0
33 -27 -6 14 -46 -31 0
14 34 46 60 11 13 31 43 45 37 -19 10 22 22 35 52 10 -58 -46 0
54 -35 -28 18 -18 1 27 29 47 0
16 -34 -32 0
7 22 56 -31 13 34 42 45 54 7 15 16 36 0
47 -40 32 42 7 48 57 19 5 29 0
25 36 53 58 10 -42 -45 23 -52 -32 0
13 60 24 -18 -30 24 -58 1 11 49 27 -41 0
14 18 19 51 0
0
7 -59 0
-56 2
-52 3
