47 -14 -27 6 36 47 0
0
3 43 21 29 37 37 31 -25 0
42 -33 18 -25 21 0
24 -51 0
30 31 0
16 -14 27 29 34 43 29 49 50 4 41 49 0
43 -25 -60 0
19 41 46 51 54 10 -59 0
0
27 -35 -43 27 -36 -56 0
0
16 58 60 60 2 -44 -13 5 -38 -1 2 7 17 39 48 0
13 26 48 57 25 -20 57 -34 26 -37 0
4 1 31 60 0
53 -57 -19 43 -50 0
0
45 48 54 12 -15 -37 55 -6 -34 0
29 -51 -44 22 23 54 0
4 -16 -37 21 40 -57 0
15 25 37 0
48 -7 13 -1 49 -5 -12 0
-4 1
-4 2
-4 3
7 28 34 48 53 0
24 27 29 44 11 -46 -6 0
28 -19 -41 0
15 17 41 45 46 0
44 -8 -53 1 10 10 16 31 0
8 42 6 -44 15 31 31 31 46 36 49 52 36 -3 -13 0
26 -15 0
28 -1 0
24 -44 -35 0
23 -14 28 -34 49 -60 -21 0
19 -46 -50 19 49 59 57 -60 0
5 -20 -52 18 21 33 42 60 -35 1 8 31 0
3 17 19 53 0
58 60 60 5 -43 -31 0
8 -28 0
39 17 -13 0
29 -58 -45 46 8 -9 -25 0
33 -17 -38 23 -28 -4 5 6 56 44 -35 13 32 33 40 45 0
43 44 -25 0
53 -5 -22 0
-8 2
-8 3
