10 11 26 43 43 42 -18 -26 0
44 0
0
33 -23 -13 0
50 -31 -48 7 -59 -37 0
46 0
3 -45 33 40 45 23 24 38 41 33 -40 8 -52 0
19 20 -37 0
54 -1 -42 35 -4 16 -33 58 -49 -1 35 -26 -57 0
39 51 27 -47 -53 18 20 29 52 57 0
41 47 55 0
31 -7 60 0
16 34 34 44 60 22 -56 7 -25 14 59 0
12 -41 -51 52 -36 0
3 4 45 55 33 -50 0
0
1 -16 -34 36 55 58 6 -7 -9 53 -45 -44 0
32 -10 -48 15 19 21 25 31 7 28 46 56 0
16 20 44 51 56 0
26 -12 34 53 54 60 58 -18 0
38 -36 -60 48 -48 -28 3 0
12 23 42 47 58 -30 -14 0
-2 1
-2 2
-2 3
-67 3
21 -13 -37 20 40 0
47 0
2 15 31 50 23 51 4 33 43 21 0
9 15 17 60 50 -53 -55 9 -18 -6 0
52 -25 45 -45 30 -34 -21 54 -47 -9 0
34 -59 -58 8 -46 19 -56 -23 29 -12 -42 0
46 19 45 50 52 57 0
40 -54 -7 39 -60 0
8 -13 0
51 -49 -17 0
32 49 57 60 18 21 22 35 4 -29 -48 7 40 53 55 11 23 30 37 0
13 18 31 36 5 13 16 49 56 57 -59 -45 22 53 0
29 -47 0
19 -17 60 -31 -34 1 15 17 33 40 -6 0
59 -29 21 36 40 55 1 -49 0
2 7 7 13 41 11 15 41 53 0
13 -43 38 -11 -31 0
0
18 -35 0
6 -50 60 -19 0
-51 2
-55 3
