17 -40 39 41 43 50 0
41 -15 -14 11 -12 32 -60 0
49 -36 -22 38 -26 -57 0
6 44 54 16 21 29 46 57 0
22 23 40 50 0
9 18 30 39 51 28 -44 28 30 37 54 44 -46 16 16 0
0
56 -45 -24 28 33 38 58 -22 0
28 -38 -36 5 40 8 11 32 43 43 0
12 -41 38 4 -13 0
0
41 -49 -38 7 21 45 47 24 -29 -21 48 -10 0
23 0
23 -33 11 -9 -59 0
9 -23 31 28 16 51 53 6 35 0
0
42 0
5 13 14 39 54 0
37 20 34 44 56 0
6 30 0
11 43 58 6 13 17 39 -42 41 -18 -45 0
12 -6 0
-2 1
-2 2
-2 3
-69 3
57 -4 0
12 14 22 45 45 9 -58 0
14 37 14 -44 11 -39 -24 22 24 -53 0
18 40 53 5 -23 -7 30 -8 1 0
40 49 51 52 4 -24 -52 1 5 34 45 48 37 49 54 59 0
22 50 0
30 -16 -49 5 18 49 27 -33 -9 0
1 45 53 51 -7 -7 6 0
40 -13 11 27 12 24 48 60 0
44 -51 -11 29 -60 -57 0
43 -60 -47 50 27 2 23 28 45 0
57 -16 36 -22 20 -20 31 -39 0
8 9 18 40 38 -19 2 6 27 48 54 0
1 -29 41 48 7 -50 12 -5 13 20 30 55 0
9 -46 0
58 -37 59 -3 15 -39 -11 0
2 49 54 55 58 8 10 21 47 49 0
19 0
31 -1 25 33 33 38 10 34 47 49 55 13 -6 0
9 -50 5 -10 -44 58 -5 0
-2 2
-2 3
