12 22 30 35 0
2 5 25 56 42 -2 -32 0
59 -47 -34 18 -18 -43 16 19 30 38 55 3 0
12 -45 30 40 57 17 29 52 60 0
10 23 34 47 56 -32 0
26 -31 0
42 50 57 59 60 14 31 42 33 8 13 24 2 7 17 24 0
3 24 29 35 45 13 17 31 49 58 21 31 37 13 -46 -44 0
56 -30 -55 1 45 55 56 54 -8 18 -18 0
52 -34 0
2 35 51 33 7 21 35 43 58 0
14 16 15 -34 35 -29 20 0
58 -13 46 -36 0
27 -11 -29 0
0
20 -58 0
7 15 41 53 60 22 -31 -19 28 -49 23 45 53 54 37 -18 0
10 -4 28 34 56 57 0
44 -50 -50 7 35 0
28 -22 23 44 56 20 -35 15 19 46 52 0
49 -1 40 -60 -10 0
36 -41 6 -51 -43 12 13 18 23 32 0
-3 1
-3 2
-3 3
-69 3
4 34 40 42 19 49 0
3 28 53 58 46 -31 -48 16 33 35 19 -26 -3 0
40 -15 -42 6 -10 -52 3 14 21 0
40 -47 19 22 25 31 32 -38 20 -44 0
39 -46 -40 0
26 20 52 33 -19 0
31 -36 13 -59 0
0
16 41 45 49 1 18 20 0
36 56 46 51 -7 -43 35 -35 56 -17 -23 0
1 45 47 49 52 0
58 -29 -33 40 53 12 -27 -25 0
27 32 41 46 51 -17 7 -44 -46 0
7 10 28 39 51 22 46 48 56 60 17 -34 -29 0
10 2 -10 0
52 -17 6 -54 -27 0
19 30 52 0
19 -24 -1 60 -18 -35 0
60 -24 -4 0
31 -9 -49 7 29 37 -53 1 8 50 60 0
-8 2
-8 3
