11 -54 -35 56 -46 2 5 15 21 40 8 28 42 59 0
33 -32 0
47 -55 12 0
31 48 55 6 -27 0
0
11 22 54 33 -47 30 31 57 58 49 -14 -13 6 56 57 0
9 54 0
23 44 47 54 54 -47 -26 22 -16 54 -14 -13 4 17 19 23 39 0
13 38 43 51 -19 -46 0
0
33 -14 -5 18 37 39 50 11 -3 46 0
15 42 57 59 -19 21 26 30 0
27 -1 3 -9 12 33 42 10 30 41 44 45 29 48 0
31 40 0
1 33 41 55 23 14 -22 32 -29 -41 0
35 -45 -25 7 33 56 16 -29 -34 0
26 0
45 -27 46 56 58 40 -8 -44 26 -3 0
6 35 37 46 50 18 39 -13 0
12 44 47 0
50 7 12 27 29 28 -23 -21 0
7 -1 29 9 16 27 31 0
-48 1
-50 2
-47 3
60 -4 -41 0
25 -52 14 41 43 59 55 -21 -56 46 47 58 0
2 4 19 24 49 16 -30 -53 0
8 20 49 50 56 33 -27 -19 6 27 33 0
49 -54 -38 47 59 28 -39 0
39 -27 37 0
3 5 14 25 0
36 42 56 60 60 0
9 -34 50 -4 6 48 0
46 -30 -14 0
28 30 50 54 10 43 54 0
50 -23 53 -43 -33 10 -28 -59 5 9 24 37 0
52 -58 -49 0
17 -41 0
3 20 36 49 4 43 50 59 15 0
27 37 56 47 49 52 0
13 29 33 50 60 0
4 -3 -18 23 -23 13 -13 13 -24 0
8 -25 -48 53 59 -1 -23 37 -21 -9 0
1 -14 11 20 59 0
-47 2
-47 3
