20 -56 48 -24 29 -24 0
3 5 8 47 37 51 -12 -24 4 38 40 52 60 0
11 17 54 29 -5 0
18 25 32 55 22 -16 -51 31 -48 -19 0
0
4 2 43 60 5 -49 33 -48 -31 0
48 -54 -53 29 38 57 57 0
30 51 -55 1 19 20 47 52 0
8 15 22 51 17 28 37 57 0
35 7 -23 41 51 30 -16 0
43 56 10 33 35 0
12 -44 -17 0
14 38 10 36 44 2 20 31 45 55 17 33 0
28 -46 32 -23 0
16 50 6 -45 19 -11 0
19 -4 0
16 -39 56 -12 14 17 22 37 0
33 -28 -36 1 37 16 -44 -21 13 56 17 33 39 0
26 0
13 23 45 54 3 -18 38 58 0
18 19 24 39 55 0
8 17 60 0
-8 1
-8 2
-8 3
51 20 20 47 47 19 -1 -35 9 -23 -47 0
12 31 50 56 6 -15 22 52 13 34 45 60 50 -10 -60 0
20 -28 -20 0
25 -44 -54 30 0
58 -50 40 41 -4 -9 7 17 27 35 58 0
48 0
44 -39 1 37 0
28 0
16 -32 -11 3 -20 0
36 -48 -51 6 6 55 59 0
31 34 16 -10 -25 0
24 -27 -55 35 44 44 55 56 0
16 20 38 50 12 22 1 -47 -13 2 9 24 24 43 0
57 -46 0
20 -39 9 27 26 27 48 51 7 23 0
31 -19 -9 0
16 -52 2 43 47 52 6 -12 -1 0
21 -57 0
41 -5 -51 0
5 17 49 55 11 -60 -54 28 50 0
-41 2
-41 3
