57 -19 -31 0
57 17 35 49 35 49 0
3 10 15 26 27 12 25 46 59 38 -54 12 -55 -32 0
26 -26 -31 49 -27 34 -56 -26 28 -18 -23 26 27 34 40 42 0
20 24 25 47 26 28 42 55 0
2 -5 50 -54 1 -26 -58 1 9 0
7 29 36 1 -60 -35 1 16 20 22 30 0
2 -28 -2 0
4 5 33 45 55 0
42 -14 32 -43 22 -58 60 -50 -33 28 -22 -32 0
28 36 49 55 18 31 58 39 -13 -42 6 -42 -39 0
24 36 58 25 5 12 21 44 39 -42 0
20 -53 -31 26 26 27 44 47 0
19 31 41 0
24 35 42 53 -42 -42 4 11 14 17 25 0
34 -39 11 60 29 -55 6 26 45 0
19 38 56 10 15 23 41 54 4 4 17 29 52 51 -7 5 -16 0
13 -52 -30 0
41 -21 42 0
4 -6 -37 16 18 31 35 60 9 37 55 -28 59 -4 -6 0
20 -43 -27 30 34 36 42 0
32 -19 -26 56 -25 27 0
-7 1
-7 2
-7 3
32 -12 11 -15 -36 0
31 -49 9 -41 -18 32 45 2 4 5 35 48 0
40 -1 -52 7 8 28 57 57 34 -19 0
44 -34 -54 0
42 49 28 -33 -13 53 -53 42 -27 0
27 -56 34 -2 0
50 -1 -30 1 7 3 -44 0
4 60 60 0
53 -40 -43 21 -12 -16 0
0
20 31 32 51 48 -12 -54 14 -30 -38 0
19 33 36 45 50 -49 40 -36 0
28 -11 2 8 42 47 60 51 -27 4 10 36 44 0
52 -29 -36 0
8 9 47 0
14 27 37 39 41 -59 -4 0
52 -40 -12 50 -40 -14 11 -57 -24 41 -34 -23 40 -58 0
25 48 50 -37 1 1 23 46 7 -18 0
5 -9 -18 0
44 -50 28 53 60 60 60 27 5 10 30 51 51 19 30 35 0
-47 2
-51 3
