35 44 53 49 -24 1 5 14 23 57 20 45 49 0
4 24 0
44 -45 -20 32 -55 46 -58 3 -18 -17 27 43 48 0
38 46 8 15 22 54 0
6 -47 10 19 51 23 -60 -15 0
11 49 -50 -60 0
0
11 24 12 14 44 0
23 -26 36 43 50 -44 21 -51 0
53 -31 2 -45 -30 0
17 8 18 54 0
11 -35 -38 0
3 38 38 40 0
4 -40 55 -49 -46 11 -58 -36 0
18 19 0
49 -43 0
22 0
12 13 17 40 31 -59 9 36 60 25 31 48 48 0
3 9 31 41 1 16 28 55 0
2 33 41 51 22 -35 0
17 3 -58 -59 8 27 56 0
18 28 52 53 18 20 41 55 14 -10 -54 0
-6 1
-6 2
-6 3
-67 3
7 -46 -59 16 18 35 31 33 54 60 19 -13 -6 0
28 -10 30 32 43 43 56 -19 -58 0
52 60 -12 -36 38 58 6 -42 18 20 31 35 49 0
18 49 4 12 21 23 39 60 -58 0
12 -22 -33 0
38 -11 -29 53 -21 -38 0
3 52 38 41 42 54 0
16 -45 56 -10 52 -8 16 33 2 31 53 55 0
8 12 33 40 50 0
13 -13 34 -60 29 -2 0
37 -37 18 16 -54 0
1 -44 13 0
7 26 0
34 -23 -34 0
0
33 33 45 9 33 55 59 0
12 -50 6 -54 33 -1 0
39 50 56 58 59 11 28 42 51 1 30 37 50 32 -31 -54 0
59 -35 55 -51 13 18 25 27 43 23 46 0
56 -12 -4 51 0
-54 2
-49 3
