50 -44 -22 26 -6 1 46 26 -35 0
12 40 48 49 0
3 -34 -8 33 44 0
37 -17 -53 22 -24 -22 2 -34 -6 59 -14 0
3 -34 31 -1 26 -12 0
35 -57 42 44 46 50 -6 60 -44 0
6 -12 38 -46 0
60 -50 -31 13 -44 1 -42 -11 0
22 0
57 -46 37 -58 23 28 42 45 0
0
0
23 -52 0
6 -5 -57 0
36 53 60 27 -2 -57 54 -37 26 -20 -39 16 -49 -58 0
1 7 -44 -9 0
28 3 -5 0
38 39 51 52 9 29 34 54 59 50 -7 -24 0
33 -47 9 -24 -36 11 3 15 39 44 46 0
2 -16 -15 24 60 0
12 -13 -6 3 46 0
42 -31 3 27 52 36 41 44 49 59 0
-3 1
-3 2
-3 3
10 10 17 5 29 36 42 5 -47 -15 0
4 27 33 48 19 23 26 54 0
24 48 52 21 -34 -16 10 28 40 50 23 43 55 56 47 -57 -1 0
6 30 48 49 52 0
1 2 6 30 45 54 1 38 48 59 60 57 -54 -18 15 -33 -29 0
32 -38 -18 10 11 28 -30 -51 6 33 48 1 20 0
0
43 9 -8 -23 39 2 18 41 52 0
43 4 0
27 -37 30 -49 -40 39 -32 0
1 -36 51 -58 15 -13 9 -27 0
10 -30 -49 10 13 43 58 -17 0
44 -8 0
4 9 58 12 14 24 26 2 -4 -20 0
0
10 18 35 0
34 -60 -13 0
29 -45 -60 0
0
2 20 21 40 55 47 -22 -27 30 43 53 0
-24 2
-24 3
