49 -3 -3 60 -56 20 23 27 47 60 17 53 0
12 -40 -32 59 -32 22 24 16 38 41 47 53 19 -7 0
6 -53 29 -4 -41 0
21 -57 0
32 45 57 -10 44 -47 4 11 11 28 47 10 0
3 5 15 -10 0
54 -59 -31 42 -12 3 -4 -57 0
16 7 -43 -43 0
6 34 28 41 0
54 8 -5 -39 6 12 17 29 31 49 0
60 -51 -12 23 -44 0
2 18 51 54 -3 0
41 -59 -13 23 -15 1 23 14 46 50 45 -30 0
7 14 26 34 39 58 0
17 44 0
4 12 40 51 -2 -58 12 -18 -51 8 39 47 49 53 0
16 -7 -4 4 10 14 47 50 0
13 -47 -25 0
3 3 32 10 -54 47 -48 28 -25 0
32 -48 -32 1 -57 15 -10 -47 0
6 -4 60 -34 0
21 -49 -2 5 16 27 49 9 -36 -44 27 -8 22 -16 0
-35 1
-35 2
-35 3
-67 2
1 4 31 42 60 25 -35 -39 0
15 -15 -52 32 -47 -34 48 51 10 16 53 58 0
24 -14 11 25 0
0
4 6 2 4 11 39 50 -34 23 -60 -11 0
11 49 41 -33 10 -27 -19 0
23 11 -38 -52 29 22 48 27 -57 0
41 -30 -53 0
0
20 23 -23 23 0
0
5 -56 19 -30 29 -33 -20 0
46 -10 -30 0
39 -2 0
56 36 -35 -29 7 45 7 23 28 33 42 0
14 42 45 -52 25 28 42 46 -48 -59 57 -13 -42 0
40 -12 -23 24 -57 -4 0
0
25 40 44 -37 -29 10 19 43 52 0
39 42 45 45 33 -46 12 32 35 0
-35 2
-35 3
