2 -55 -17 0
25 29 40 52 0
17 24 29 18 -40 -40 19 -60 0
28 -58 -26 45 -48 -2 1 -11 -36 0
13 28 29 32 38 42 -38 0
10 20 47 54 23 0
57 -42 -29 1 36 23 25 0
0
25 43 15 55 0
6 -31 0
58 -12 39 46 0
42 -43 -10 23 -25 -56 3 -7 -55 2 3 22 52 0
40 -20 -19 11 31 38 -7 -47 0
25 53 57 58 25 45 49 37 0
22 9 13 34 46 51 12 -25 -38 12 42 53 -33 0
0
26 -30 -38 0
6 -26 5 6 9 10 37 1 -1 24 -8 -36 0
42 -5 0
43 -27 14 -12 4 -31 -14 35 -12 0
2 -25 -17 60 -58 56 51 -46 -15 14 -11 0
31 -1 21 34 46 56 58 0
-55 1
-56 2
-53 3
-68 2
26 -50 -14 43 -2 -2 25 49 57 22 -60 3 -52 -11 0
3 -23 0
0
15 24 0
29 -33 26 0
51 53 56 35 -50 48 -25 7 8 12 49 0
0
39 -2 -19 46 -15 -57 33 -43 28 33 0
4 18 54 19 53 39 -15 -15 6 -26 0
25 -6 36 39 50 58 0
27 40 48 -57 -49 0
21 -38 -16 46 -7 -55 6 8 21 30 38 -1 0
9 24 42 42 4 14 37 34 55 -13 14 16 39 60 0
1 -43 16 20 48 49 5 22 45 53 28 0
54 -8 -27 48 48 0
33 -40 13 25 25 32 46 28 -31 0
21 -3 -38 4 40 60 58 -7 -55 20 24 25 43 46 0
7 33 41 55 0
18 26 47 16 -44 49 57 23 -36 0
55 0
-54 2
-47 3
