2 3 23 39 42 0
7 10 52 54 59 9 20 47 49 50 15 -32 -13 14 -54 0
8 28 38 42 56 -43 -11 41 11 15 29 33 44 3 -56 -5 0
47 -48 0
60 -36 -46 20 50 58 0
16 20 44 2 19 26 37 43 0
35 -26 47 -40 -57 56 -11 0
12 14 16 47 49 20 -43 -49 13 20 35 54 0
48 -59 56 -25 0
36 -23 -57 12 27 40 42 31 -27 -43 35 -10 -1 0
39 -26 8 -43 -13 4 13 19 53 0
2 -29 -41 26 -43 -44 3 -27 -38 20 -49 -21 0
29 54 -31 43 5 6 15 0
9 25 60 0
36 2 18 27 34 39 19 26 47 0
60 -23 56 27 -60 -42 30 -10 -44 0
6 -34 29 -3 46 -1 -2 0
31 35 55 0
47 -41 -42 0
7 -24 -29 58 51 -45 -40 3 15 47 56 2 13 24 27 59 0
3 3 28 1 13 22 27 43 16 0
44 -52 -60 27 -48 -36 0
-16 1
-16 2
-16 3
12 -8 27 -40 -14 46 -26 27 -38 -6 0
18 9 10 19 48 25 43 49 49 56 -53 -41 0
44 51 -12 39 -10 -45 20 -4 -50 0
14 18 42 16 21 41 -23 2 34 55 26 -35 0
39 43 44 58 8 -43 0
14 56 5 -30 -7 14 19 20 47 41 -1 -8 22 -5 -40 0
35 60 0
40 -3 16 -18 11 14 24 29 51 9 19 23 28 43 0
15 16 31 36 3 -60 -18 53 -29 -35 0
9 -23 6 32 58 0
20 24 34 50 55 12 -5 -26 25 -49 -58 0
9 43 28 -1 -55 19 -18 25 35 39 39 53 0
10 31 -60 -20 10 -27 -11 0
19 42 47 54 -4 37 -21 0
18 -60 36 -57 37 45 51 56 59 0
58 -48 0
9 -20 7 10 56 0
7 7 9 15 0
5 -56 -28 27 -56 3 0
39 -60 0
-51 2
-53 3
