25 -43 -31 16 -16 10 -19 -52 9 -45 -21 0
0
32 -38 0
50 -25 -18 2 15 31 37 26 29 53 0
0
0
1 -51 -7 0
5 9 16 40 52 33 -40 -42 23 25 7 -24 0
33 -3 -22 4 -29 -16 19 -42 -48 0
38 -39 54 -2 -38 0
57 0
10 32 58 24 -22 1 -51 0
18 23 -18 -43 0
16 -57 0
48 -47 2 5 0
50 -21 40 55 -48 -21 0
5 -59 -21 13 -44 6 9 38 0
2 -22 0
17 25 27 0
27 -57 42 -20 32 -2 -12 32 -38 0
1 14 31 32 57 -28 51 -47 0
11 -18 -39 26 -7 -48 27 -53 39 -43 21 33 34 0
-2 1
-2 2
-2 3
-69 2
5 17 39 51 -21 -20 0
12 -4 24 -43 5 16 18 41 26 -2 -55 0
12 30 35 54 55 0
3 -44 60 -50 36 -56 0
43 -58 9 -9 1 18 43 58 10 -39 0
1 17 20 42 57 56 -60 9 29 46 27 1 9 23 47 0
40 -55 -2 16 35 44 55 0
2 7 8 29 56 7 -7 45 0
1 -18 0
12 27 45 50 0
33 38 21 -53 5 11 18 21 46 30 -60 -18 6 20 30 34 45 0
16 24 25 -6 -39 11 -17 -16 47 -19 30 -48 0
52 -30 0
20 -24 27 56 60 47 -22 0
1 -9 -29 0
3 39 20 44 23 23 32 56 56 28 4 42 53 0
12 -40 -9 45 -24 -9 32 -50 -57 0
33 -1 -50 0
20 -60 -43 47 -11 -51 21 -22 0
51 -12 6 12 16 52 0
-21 2
-21 3
