50 -13 -6 0
5 8 11 23 0
46 -27 -32 16 12 16 35 0
34 -11 46 -55 39 -13 -56 26 -58 -29 0
11 24 29 38 54 29 -54 -39 0
27 -21 -12 34 -19 -23 0
41 -42 -26 24 -29 -4 4 8 19 41 46 0
45 -43 58 18 53 8 17 21 30 0
2 -33 6 -26 14 33 46 50 50 0
37 -51 19 -22 0
3 14 20 55 21 -28 -41 3 16 -51 -44 0
24 -20 0
20 30 45 51 44 -39 0
7 12 30 43 58 60 -48 -22 30 10 -42 0
14 -28 -8 17 19 29 39 0
59 -25 -10 16 -59 -15 42 -9 -29 0
27 60 14 15 17 50 53 1 16 0
55 -22 -53 37 -36 -11 12 -9 0
4 -28 32 -11 -22 16 22 32 34 46 0
19 -40 41 -52 25 28 59 8 -44 0
35 41 58 44 -29 3 8 38 57 56 -20 -24 10 38 0
40 44 1 -29 12 -5 -6 18 60 0
-8 1
-8 2
-8 3
0
42 -9 -42 48 -47 25 31 48 0
22 -57 -51 0
12 21 27 10 17 24 53 57 59 -48 -39 0
6 -40 -36 5 -41 0
45 1 -26 -55 19 0
6 21 28 49 0
18 -29 -52 0
0
16 16 12 -36 23 -15 -50 17 19 29 52 0
13 20 26 56 40 -32 0
32 40 27 30 42 -28 -2 0
4 11 31 44 57 4 12 25 54 3 -42 -13 0
51 -52 56 -5 7 0
0
0
7 24 56 26 -48 0
53 -43 -17 11 -58 9 10 40 43 0
40 -49 42 -11 -42 0
26 26 12 32 57 58 59 50 -59 -42 0
-35 2
-35 3
