58 -53 -2 18 -28 -23 4 -5 20 -24 0
6 8 34 35 43 59 -48 0
26 50 0
19 0
33 -35 -52 44 53 55 0
2 10 20 58 2 29 42 47 2 -47 21 -16 -58 0
0
37 -60 5 25 32 38 34 -2 25 -59 -20 0
57 -18 26 35 53 -14 29 -27 -1 0
11 25 31 53 54 22 -4 3 17 43 55 56 3 9 22 32 50 0
60 7 -52 -22 0
14 -50 3 3 47 49 2 -13 33 -44 0
16 -54 4 -27 -59 28 -14 55 -35 -15 2 26 55 0
27 -13 25 -6 13 -32 -40 0
42 7 29 59 10 12 18 46 21 -47 -10 0
4 -19 0
1 4 -54 -6 17 -16 -56 4 -39 0
38 -45 0
10 29 39 47 57 50 -55 28 38 0
6 -32 -10 0
50 -14 -3 7 21 31 40 0
8 -19 26 0
-44 1
-44 2
-44 3
-68 2
24 37 44 44 12 37 57 -44 6 -37 0
0
28 -34 -43 60 -30 20 1 11 17 17 25 31 39 0
1 22 23 49 54 13 -6 0
55 -17 20 -45 -11 49 0
9 19 39 50 57 24 57 -60 30 -34 -14 0
7 32 35 58 6 28 6 -28 12 29 50 -38 0
0
0
13 -44 -56 3 39 44 59 0
49 -8 1 48 0
54 -36 -23 0
27 3 12 29 40 40 30 -13 0
2 3 18 37 22 -43 45 54 55 25 -6 0
1 9 9 21 54 33 -18 -14 53 -40 -60 0
11 17 52 19 -15 1 60 0
7 -22 0
0
2 12 45 57 4 20 46 48 0
22 -50 0
-48 2
-48 3
