6 26 33 37 0
46 -1 49 48 -43 -48 7 7 33 40 47 0
8 15 30 47 51 8 -56 39 17 -46 -20 0
45 0
42 47 50 0
36 55 34 -38 -59 0
36 -5 -56 11 39 49 60 15 -55 0
10 13 20 49 52 -34 0
3 -42 31 -1 1 2 -60 -7 53 -56 0
13 46 46 51 53 2 7 17 37 46 19 -5 -46 0
9 16 26 0
46 -16 24 0
25 0
24 -9 -54 6 16 28 47 52 0
37 -39 0
19 38 44 7 12 26 42 46 0
22 -16 15 51 58 0
0
6 -5 14 -37 19 27 34 36 44 1 17 22 46 60 58 -44 0
12 18 35 46 0
18 37 37 59 10 -4 -25 24 30 43 10 21 33 46 48 0
49 -21 29 -36 -19 0
-3 1
-3 2
-3 3
-66 3
47 -58 36 52 -43 -46 0
34 -45 -19 0
2 -52 -54 37 -30 -40 0
25 39 55 35 -47 -20 39 -47 -30 0
32 -48 -27 0
16 -12 -53 15 -14 -10 8 -5 23 -57 0
21 28 51 56 21 35 39 59 47 -50 -27 0
51 -51 49 -45 -41 0
23 -43 28 0
20 34 41 49 9 45 24 36 53 60 13 -26 -7 0
26 30 34 27 37 45 0
34 -1 0
42 -12 1 -7 20 -42 0
34 -1 36 52 17 21 7 -27 -29 0
37 -28 -48 4 28 48 -39 10 12 18 25 37 0
8 -55 22 -19 54 -30 0
22 -23 4 14 -37 0
21 34 40 17 28 32 55 2 -13 -25 0
4 4 8 -34 -59 35 -8 0
14 -52 -59 17 40 0
-4 2
-4 3
