10 21 46 -17 -55 0
13 40 0
5 -21 20 -12 0
24 40 55 53 -31 -31 9 -2 20 24 41 41 49 28 -8 0
8 -28 7 -30 -22 0
8 -58 -24 0
32 -32 45 -15 -50 0
48 -11 32 -31 -51 56 11 19 0
34 -51 42 50 54 4 37 1 -3 0
5 17 43 58 0
1 14 27 42 0
33 -18 -44 1 -14 -25 17 38 52 38 0
43 -5 -23 33 -51 -23 0
3 19 25 45 1 6 22 50 58 1 -30 6 -40 0
48 -16 0
5 31 -33 0
38 -1 32 43 46 59 59 58 -50 55 -50 17 52 55 0
12 46 53 33 35 38 48 0
8 -43 26 43 12 20 21 35 36 9 -39 -24 0
0
45 -60 23 -7 -5 3 6 9 41 0
57 -44 12 -21 0
-2 1
-2 2
-2 3
-69 2
27 -31 -39 3 10 48 60 0
16 -21 -23 0
21 -14 -42 4 32 42 50 6 16 29 54 0
8 56 58 0
33 -17 0
26 -12 50 -54 -11 48 -46 -48 1 -56 -49 0
22 -25 -1 0
11 16 19 28 11 30 56 2 22 59 0
4 11 19 34 58 0
0
3 9 28 37 57 6 19 40 60 27 42 53 0
33 -57 3 19 35 53 53 52 6 52 8 -60 -33 0
14 -7 -8 51 -23 -44 6 -19 43 44 0
57 -1 36 -4 2 4 20 46 55 0
44 -40 -57 0
18 -23 -53 49 -54 37 -19 -38 53 -53 54 -52 0
0
0
52 -4 -54 0
38 -15 10 4 33 36 43 12 -2 0
-48 2
-48 3
