12 28 54 0
1 -9 -24 40 0
38 -42 39 -57 17 -8 0
7 24 30 46 36 -43 51 -3 -59 52 -34 -24 1 -26 0
8 -4 34 -10 -1 0
42 52 49 -16 -51 0
10 -6 0
25 30 55 0
15 0
17 -55 0
6 8 17 -9 -4 9 14 31 33 39 0
15 37 0
36 -27 0
18 8 -31 -34 23 33 33 56 24 -21 0
44 -7 -7 16 -43 -17 0
11 -24 -16 20 38 22 -10 22 12 -26 0
16 -56 20 -23 -20 49 5 13 23 59 0
10 50 50 55 56 28 39 40 47 53 26 0
34 -38 -26 0
34 -45 -35 2 15 25 35 43 7 -6 -50 0
29 -49 -45 31 40 -18 7 -31 -26 0
22 -8 -59 21 -2 -24 0
-2 1
-2 2
-2 3
-69 3
17 24 44 54 57 38 0
5 -13 -59 1 26 59 59 2 -58 0
14 -19 55 2 8 29 33 39 33 38 45 50 57 0
3 -46 51 5 0
5 25 35 41 43 2 16 51 60 43 44 45 0
52 -3 28 -4 -9 0
38 47 48 49 -59 -13 42 -37 17 28 36 40 55 0
19 28 53 10 25 28 29 33 4 22 43 50 57 0
2 34 36 56 56 36 -31 -48 0
10 -34 -48 0
21 38 45 50 18 -9 0
39 -55 48 -17 0
23 -45 46 -47 33 -23 -11 22 -26 0
47 -23 -19 48 -7 -25 1 39 52 54 48 -50 -25 0
3 12 13 18 17 -9 0
56 -20 -14 0
24 -29 -46 2 22 28 51 56 0
21 51 0
0
42 -54 17 20 26 33 17 -8 -10 36 41 48 55 57 57 0
-47 2
-54 3
