3 15 41 2 -36 -32 13 23 -40 0
30 48 52 28 -21 -59 0
25 -2 17 23 59 36 -27 -17 53 -57 -20 48 -10 -18 0
28 31 31 41 2 7 23 0
7 -31 -50 17 -55 -26 48 -47 -16 31 -27 0
11 16 55 4 -26 -24 0
18 -30 -59 42 -45 -13 17 33 6 24 45 45 0
46 -24 0
44 -45 6 12 21 -14 -15 10 14 30 30 45 0
2 34 42 40 -27 -14 6 27 0
13 30 44 53 53 40 -15 18 45 46 35 -15 -58 0
0
26 32 40 58 29 -23 -22 0
43 43 36 -54 -59 35 0
6 -30 -38 22 28 39 60 15 -56 -7 5 -38 -24 0
1 47 13 17 21 26 48 0
0
34 46 8 11 33 38 0
45 -60 -56 54 -49 16 42 48 0
2 -17 34 -1 37 -2 16 16 17 38 58 0
15 -22 9 -48 20 24 35 60 0
9 -46 7 21 23 27 29 53 -50 0
-50 1
-47 2
-47 3
14 -7 -12 59 26 -6 -21 0
37 -43 -28 59 -31 -13 4 34 37 6 0
3 38 50 39 -38 0
19 -15 -49 0
25 27 50 -59 -30 0
17 21 26 2 3 34 34 -34 -26 0
46 -12 38 -21 -25 0
3 14 11 56 55 -20 48 -48 0
0
11 0
47 -45 -44 0
17 -1 16 -21 -38 15 17 46 48 0
30 -21 -48 28 -16 35 -5 -4 33 -28 9 -34 0
9 12 30 14 -23 -47 59 -44 17 -11 -31 8 -36 -40 0
12 -30 47 13 -14 41 -12 4 0
1 -1 -9 34 52 28 0
30 -7 12 16 32 35 53 55 -21 -9 0
0
28 28 34 38 -32 13 30 35 49 54 0
12 -20 28 -59 2 -36 -18 58 -56 -37 21 30 53 0
-50 2
-48 3
