38 -50 1 -32 8 10 40 54 0
28 -2 -17 4 -18 -40 54 0
0
11 -51 27 -43 55 -34 -11 13 -18 0
55 -49 0
46 47 49 56 0
27 -54 -14 23 54 -49 -58 6 -22 0
31 -55 -2 28 35 38 0
40 45 49 57 20 -9 -16 0
1 19 27 30 46 13 -38 -34 18 -20 -12 27 -1 0
5 15 21 25 50 1 52 55 -34 14 41 50 51 55 32 -47 -4 0
15 54 25 0
39 -11 23 59 14 0
40 14 19 48 49 0
16 -45 0
20 -59 -14 54 -21 -27 0
26 -41 10 -51 54 -34 -40 0
27 -20 -1 0
38 -35 -39 43 -9 14 -56 6 41 59 0
41 -58 0
23 39 45 53 59 51 -35 -45 24 47 53 0
17 -38 30 -11 -7 12 -13 51 -39 34 -42 0
-2 1
-2 2
-2 3
-68 3
15 25 31 47 15 0
59 -29 5 -28 24 -50 -18 3 25 0
7 25 39 55 0
10 2 17 33 39 8 -36 18 -25 -22 0
59 -30 0
34 -32 -23 26 28 43 53 -13 0
13 -4 -53 12 34 35 44 50 6 17 0
23 -5 -49 18 -2 -39 42 -25 -28 0
14 -17 -35 15 -52 18 36 37 49 56 0
21 -19 -46 6 26 32 44 58 7 -42 5 36 47 0
33 -24 -58 10 -3 50 59 28 -49 -17 0
3 -12 -13 0
0
2 -23 -38 7 -40 0
19 42 27 -53 0
16 -35 33 -36 -30 52 -16 -44 5 10 21 26 14 15 19 45 50 0
35 38 10 -13 -5 2 8 40 2 -49 0
5 24 28 30 40 0
9 -12 -20 0
7 37 58 60 19 37 41 48 48 0
-54 2
-48 3
