28 -33 -27 0
33 -24 5 7 12 32 52 -27 3 5 8 8 14 0
40 -3 0
6 -42 0
35 -57 0
11 16 38 41 53 56 -9 -53 0
9 28 30 6 12 15 25 -57 -19 0
51 -21 0
23 -22 -6 41 -46 -4 10 15 28 43 46 54 3 10 13 54 0
23 31 38 42 52 7 -3 -4 5 44 6 0
23 -58 -20 57 44 -18 14 0
10 -42 -19 35 47 48 15 -44 -46 42 -2 0
56 0
5 49 52 54 60 0
34 -19 6 18 33 34 42 8 -35 27 -4 -35 0
19 -9 10 16 25 35 15 31 35 27 -13 -11 0
60 43 -50 0
0
25 -56 20 -50 4 10 29 32 55 46 12 28 35 59 0
44 49 53 54 15 -38 -32 21 21 41 50 11 21 38 47 56 0
16 29 16 -44 -44 0
44 -57 6 -47 -28 27 41 47 0
-2 1
-2 2
-2 3
-68 3
28 -20 12 -56 -47 48 -52 10 0
8 -55 54 -8 -49 14 -33 18 -47 -51 0
22 32 36 -37 -10 0
10 -48 0
2 -22 14 43 47 47 58 0
34 -4 -48 18 35 36 44 13 8 19 20 26 33 0
10 19 30 41 43 0
10 23 55 59 59 36 -23 19 -53 -55 0
37 53 21 -7 0
5 26 42 0
21 -19 7 3 52 50 -33 60 -51 0
9 28 32 55 56 -57 54 -34 35 37 56 0
33 38 38 56 17 48 51 24 -16 -55 0
2 14 55 10 60 56 -52 -32 53 -16 -24 0
22 51 -28 1 3 15 29 30 0
3 -52 12 -52 44 -33 50 -12 -57 1 15 0
0
41 -3 -15 48 -40 -22 3 -18 0
13 -43 17 27 0
29 -3 -30 41 -31 0
-44 2
-44 3
