7 14 53 49 54 59 13 16 28 36 45 29 -55 -7 0
13 47 29 -23 -31 0
11 -41 -53 42 -18 40 0
16 36 39 20 24 36 46 24 34 38 52 0
24 -3 53 -22 -40 0
7 -12 -13 36 -19 5 10 17 42 55 16 16 50 50 50 0
36 6 14 32 33 34 21 -41 -22 2 -44 -13 0
0
4 21 49 54 42 41 42 43 45 56 0
24 -47 50 -49 52 -36 56 -9 0
0
38 -6 -33 29 0
17 18 41 46 46 -37 3 -9 -25 39 -23 29 -40 -50 0
9 40 44 -30 22 -9 11 -50 19 20 35 38 42 0
34 25 43 0
49 35 -56 -47 21 -8 51 -35 -19 46 0
9 -14 -16 38 0
36 -1 0
22 -21 39 -5 -9 18 -2 0
55 -32 12 28 30 36 58 48 -16 -38 0
57 -20 -7 20 -56 11 -17 24 30 40 0
30 34 58 -50 0
-2 1
-2 2
-2 3
8 23 36 49 51 7 29 31 38 13 24 43 0
28 33 33 55 -57 0
49 -42 0
6 21 53 4 19 32 53 18 -13 0
48 7 9 55 0
46 -45 -39 5 7 20 56 16 -16 0
56 -21 15 -27 -49 59 -55 52 0
0
44 -30 -57 8 31 36 12 21 27 0
40 54 0
30 35 9 -49 -14 15 -42 0
1 -13 -36 0
0
30 -8 0
44 -41 36 -21 31 -42 -46 46 -32 -25 0
5 19 60 1 5 0
26 46 52 53 57 55 -46 -12 0
1 29 0
2 6 54 27 -1 -13 51 -2 0
27 -53 -3 4 33 33 57 60 51 58 -55 -58 4 -4 0
-48 2
-47 3
