27 -29 -15 19 -24 -25 53 -13 -12 0
13 34 36 37 47 -2 52 -32 0
45 -20 32 3 6 25 44 45 47 49 0
24 -32 0
5 5 35 39 48 0
23 24 24 52 0
29 -5 -15 0
7 -37 -40 60 -5 -50 48 -34 0
20 48 27 -32 -27 11 14 32 0
5 21 42 47 2 27 35 51 60 -18 30 33 0
1 3 32 32 41 5 -4 46 -23 -5 0
7 15 43 47 -20 -46 0
7 -44 -56 0
45 -60 0
9 12 22 38 58 48 -47 26 -1 -41 55 -56 0
28 29 37 0
18 24 54 47 -52 -22 8 -59 -7 45 -60 0
38 -26 44 -12 -51 42 -55 0
57 -4 29 0
24 -8 -12 0
0
26 -25 -54 38 -34 4 19 31 51 55 0
-7 1
-7 2
-7 3
-68 3
-67 2
20 41 51 58 0
52 -11 -36 0
18 -19 -6 8 12 2 4 44 45 51 -27 0
24 -43 0
18 -8 -41 0
8 40 54 17 18 25 48 51 15 22 29 50 59 0
0
0
29 43 53 26 -18 15 29 23 38 59 36 -59 -15 0
14 38 51 44 -13 -60 25 33 0
24 -5 2 -11 -58 0
1 4 31 44 5 -42 8 10 23 28 48 9 35 49 56 58 0
1 30 31 34 45 20 21 41 50 55 0
0
35 -48 31 -5 -60 0
40 -10 0
9 20 39 46 49 15 34 38 4 1 -41 0
12 -27 -43 58 -23 13 -3 0
4 -26 -7 3 -3 -50 11 -22 9 -42 -39 20 -24 0
2 -39 4 10 24 43 56 15 28 37 48 11 -50 -20 0
-53 2
-54 3
