20 23 16 -43 -59 16 18 22 36 43 0
45 -55 -26 0
38 -13 50 -24 -28 0
1 19 21 35 35 33 -24 -31 0
5 -33 -39 36 1 50 -55 -20 0
50 -2 17 58 5 9 16 52 0
17 29 31 33 43 0
15 54 2 0
37 -18 -49 59 -29 33 -53 -45 49 -37 0
16 -4 -36 40 -4 -5 7 9 34 34 50 14 15 15 45 60 -47 0
10 19 23 48 21 28 8 14 56 8 -58 -4 0
3 10 1 1 20 26 42 15 17 39 41 -33 0
59 12 34 58 -34 -16 36 -27 -8 0
27 -29 -22 0
37 -43 -40 0
22 -57 48 -39 34 -46 -37 0
1 -37 0
9 22 45 51 7 -4 38 -30 2 27 32 -58 -12 0
4 -60 -1 0
53 -15 0
30 -13 6 -38 -24 31 32 51 26 55 -1 -28 0
58 -27 -47 20 23 30 50 0
-3 1
-3 2
-3 3
9 24 39 47 0
0
5 10 57 59 19 44 57 0
38 -5 -41 2 -49 -43 4 12 25 27 51 3 -26 -22 59 -42 0
8 21 25 33 37 -53 17 -23 -33 16 -20 0
7 -55 -29 0
0
2 10 15 20 8 -14 25 38 51 58 59 0
1 39 -29 -33 7 -48 -21 60 -43 15 26 30 53 0
0
42 -34 28 -25 0
59 -8 25 -10 17 -38 0
22 11 54 57 6 57 8 39 0
0
8 15 60 0
10 35 52 21 -3 -20 0
3 13 -2 10 -32 -12 0
37 -31 -47 31 -37 38 -60 -40 0
57 -48 -6 0
34 14 -12 -35 35 38 0
-39 2
-39 3
