15 41 58 60 3 14 43 49 60 47 0
8 -2 13 45 14 -31 12 -59 -8 0
15 -34 44 -50 35 -13 -20 0
20 -6 -11 4 7 15 18 46 34 -35 48 28 -36 0
29 -52 -39 16 20 0
0
54 -25 -6 10 25 30 42 44 28 -15 20 -15 10 -47 0
0
47 -16 0
2 6 36 43 57 10 35 39 52 -56 -14 0
2 -41 9 -45 -42 0
45 -60 37 -15 -14 39 -46 49 -59 0
17 -2 49 -20 -35 0
4 -5 17 20 34 43 58 44 -50 0
35 29 -19 20 -44 -45 0
0
47 -34 -16 22 -29 26 -20 -52 6 34 39 44 47 10 44 0
49 -54 0
9 -35 -52 6 29 50 0
4 22 27 -51 -54 0
5 33 35 9 19 27 46 0
2 8 9 22 36 17 37 48 43 -36 11 0
-2 1
-2 2
-2 3
13 -35 0
0
7 12 33 55 0
21 28 29 43 49 10 -47 -30 53 -45 37 -2 -54 52 -14 0
15 -11 -31 40 -46 11 -6 22 -48 -55 7 24 39 43 0
7 -11 0
4 8 35 50 52 16 -8 -43 37 51 26 34 59 0
10 -25 -13 56 -59 -35 52 54 0
12 30 43 46 0
1 -19 -11 0
8 -19 0
19 24 23 -3 9 22 31 35 53 35 -31 0
4 9 53 37 -22 -42 16 -27 -17 0
59 -23 10 -52 -28 8 -27 0
43 -14 13 -3 -16 23 30 34 54 60 29 -25 0
3 6 27 0
7 -42 -11 27 28 36 53 55 0
0
31 55 0
49 -15 3 8 16 58 -59 -55 0
-54 2
-47 3
