0
28 0
6 -42 1 17 0
59 0
45 -54 15 -41 -50 0
54 -51 -58 0
17 22 25 26 29 0
54 -40 -59 9 34 49 50 0
50 27 28 53 0
8 17 57 0
23 -13 -20 23 -32 11 -7 -48 57 -22 -48 33 0
5 39 43 49 50 53 -6 43 -19 -47 2 -60 0
0
17 -7 16 -3 7 -10 25 41 42 58 0
9 -50 50 -6 -54 2 3 22 26 33 5 -51 3 4 25 46 52 0
2 6 50 33 -26 0
8 -50 -5 0
38 -9 -54 6 14 7 -31 -23 0
1 -24 10 26 0
1 -21 8 46 -54 0
26 31 53 48 -13 0
36 -17 -22 47 -2 20 31 35 53 55 0
-11 1
-11 2
-11 3
-67 2
6 23 23 37 38 17 21 0
57 12 15 41 45 53 -53 -53 16 27 0
7 10 16 27 -25 39 0
41 -23 26 -41 -38 8 -57 -43 58 -23 0
26 -25 30 -30 -57 32 -48 -49 49 -41 -24 0
53 51 -22 -29 0
1 14 15 46 60 24 -13 -7 7 15 29 44 48 0
34 50 54 0
0
2 -52 46 -46 -38 4 36 48 0
21 27 0
33 35 37 42 53 0
59 -41 2 23 23 47 1 8 13 27 3 60 0
11 22 24 46 46 60 -38 -9 0
51 -48 0
2 -33 -5 12 -25 -27 55 0
26 -56 37 15 -36 40 0
45 -28 -20 17 19 40 0
11 25 41 31 40 50 0
28 36 56 60 -26 -54 0
-48 2
-49 3
