1 -40 7 16 16 47 47 -12 -21 9 -8 0
45 -4 36 -34 -11 0
21 -38 15 19 52 0
0
23 43 52 48 -16 0
24 -21 -38 24 37 -15 -14 17 -43 -13 0
23 -42 31 -37 0
55 -2 9 -41 0
14 17 38 51 17 -44 14 16 24 58 31 39 0
24 -24 -40 49 -21 48 -56 17 35 49 59 0
37 47 49 0
13 -3 -29 0
55 -59 0
2 17 34 53 14 -5 0
9 12 56 27 34 35 45 60 17 41 42 0
17 51 60 58 -18 7 7 30 43 60 12 -25 9 12 31 50 54 0
9 -59 3 11 1 -54 -10 30 -58 -31 0
22 -39 8 48 55 15 26 46 38 -34 -38 35 0
0
8 -37 3 12 18 33 37 40 39 -40 -18 35 -51 0
0
17 48 51 54 21 27 47 45 -48 -51 53 -60 15 0
-3 1
-3 2
-3 3
0
21 29 57 60 47 -23 -33 39 -4 0
23 -7 56 -14 -24 0
2 2 15 22 33 60 0
21 24 26 37 16 19 36 43 44 50 -47 -23 24 25 33 38 0
8 40 45 57 59 20 37 59 0
1 6 0
18 -25 0
2 6 9 31 35 -18 -38 7 -41 0
50 -12 -1 2 42 59 -9 0
14 -48 31 -23 -38 0
55 -9 -38 3 6 12 44 4 10 12 32 47 0
0
19 44 54 13 43 49 58 59 22 18 52 0
4 10 53 58 57 -48 -20 28 -31 -30 0
18 -45 18 20 48 0
9 -18 0
2 6 58 -45 17 23 58 25 36 36 14 38 40 55 0
12 -56 12 -22 53 -10 -9 0
3 7 20 55 46 -57 -28 0
-4 2
-4 3
