7 9 18 49 52 0
1 -2 0
37 -50 -55 5 -39 -33 49 -34 -37 0
19 -31 2 -8 -28 0
22 -38 3 -30 -50 11 20 21 34 52 3 9 17 23 37 0
1 6 19 20 33 -31 -60 29 -18 -39 0
15 33 51 9 -7 -26 39 54 11 0
20 -47 -53 0
51 -6 -49 0
32 -42 -12 11 12 12 34 3 9 11 42 0
53 -43 -58 0
55 57 1 33 36 40 47 41 0
51 -60 -24 29 -54 0
10 13 23 52 2 57 0
3 52 0
29 -28 17 0
45 46 -31 -56 0
44 -14 24 26 31 56 21 31 42 52 38 -51 -7 4 24 31 38 60 0
8 -7 -31 42 -52 11 -54 -49 44 -26 -29 0
36 -6 -55 1 47 56 0
33 -42 0
4 -59 -44 0
-13 1
-13 2
-13 3
-67 3
-66 2
33 50 15 -6 -43 43 -8 -55 49 -9 0
34 -26 -20 9 -53 -55 0
1 60 0
35 44 45 27 -25 -47 0
26 -47 -5 58 0
9 23 26 60 0
55 -42 -20 0
10 0
21 -34 32 -46 -59 47 -14 0
10 29 44 51 0
31 -46 -18 23 50 55 58 56 -25 0
18 -39 19 -1 -4 45 -54 -33 1 20 26 58 0
47 -45 -33 11 -21 -35 40 -30 -9 0
8 27 31 51 58 0
24 -35 28 -15 -14 0
40 -28 6 6 26 13 -29 0
26 31 38 0
5 -17 -47 37 -20 -15 7 9 25 57 60 0
18 -33 0
55 -2 41 -58 -47 0
-13 2
-13 3
