59 -53 -37 10 20 29 32 39 0
3 30 3 55 42 -24 0
33 -53 -1 12 18 25 34 38 14 21 24 44 8 -59 -18 0
22 -49 -41 57 14 29 54 0
31 -24 12 -34 -6 0
45 -43 21 -14 -5 0
16 -44 22 26 39 42 54 36 10 13 38 47 55 0
2 3 -42 10 13 16 19 49 19 58 14 31 48 0
54 -48 5 6 48 43 -54 -31 0
17 38 60 0
3 -53 -8 0
0
1 -32 -27 5 20 28 32 56 0
7 29 -21 58 -19 0
44 -17 0
2 21 39 50 56 52 -6 -3 37 0
0
49 -58 11 -17 -46 59 -26 0
10 11 12 43 54 59 -42 -40 0
16 19 24 5 10 17 26 41 36 47 49 49 0
4 11 57 57 23 -26 11 11 14 21 0
23 -49 56 -27 49 -22 -48 5 15 34 60 13 14 47 0
-8 1
-8 2
-8 3
-66 3
29 -60 7 13 21 0
1 5 29 43 59 50 0
56 -49 0
15 17 40 40 -52 -46 0
29 -21 -25 38 -33 44 -35 31 -22 40 42 43 56 0
26 0
53 42 -15 35 -2 -38 20 -57 27 -42 0
5 42 59 39 -53 -17 0
38 16 18 31 32 22 33 37 9 -40 -21 20 -20 0
39 24 50 29 -51 -3 37 -35 -18 0
0
3 35 40 42 -57 56 -53 0
1 -9 6 16 17 18 0
53 -1 0
25 27 38 -11 51 -18 -31 15 40 46 9 -51 0
6 6 8 39 40 59 -5 43 -30 -52 34 42 59 0
33 0
39 -30 54 -55 -56 16 18 26 30 42 0
4 6 19 34 49 18 32 39 43 45 -35 0
16 -18 44 -53 8 34 41 57 0
-47 2
-49 3
