29 53 0
39 -27 0
49 -8 19 33 51 56 14 20 59 41 -42 0
9 27 38 40 6 10 15 17 47 13 22 40 48 59 0
60 -7 -39 0
27 31 38 21 -37 -50 17 -53 0
14 -37 -59 33 -9 -26 0
44 51 20 44 48 60 60 -33 -53 0
11 20 30 40 52 12 21 28 54 58 57 -50 34 -6 0
42 -40 -51 0
39 47 22 60 20 -5 -41 0
9 -12 -59 38 -42 9 5 -37 -3 0
57 -52 28 45 0
47 -47 -49 60 57 -45 1 1 27 33 54 -11 0
8 -17 -54 0
51 -41 -49 0
34 0
58 60 55 34 38 6 13 29 41 52 0
25 -59 -57 0
29 -14 -37 59 -46 31 48 52 53 58 0
29 56 0
23 25 0
-2 1
-2 2
-2 3
-66 3
24 -38 -58 53 0
34 -57 13 0
8 -42 30 -38 -28 0
3 -49 13 -14 -28 28 10 33 47 54 0
17 27 -6 -5 28 -33 -46 0
54 -49 -45 41 -29 -24 14 -7 -28 22 25 6 27 44 45 46 0
38 58 7 30 54 59 0
13 45 46 49 52 7 15 57 25 -42 9 -38 -50 0
18 -55 -33 33 -21 -20 30 -58 14 41 43 54 0
21 -41 -32 1 11 18 19 23 15 -3 -15 0
0
54 -60 -54 53 -50 0
2 7 22 30 56 0
38 39 0
0
8 -37 -52 0
6 -25 0
8 15 60 30 57 27 36 44 49 11 15 25 46 0
10 23 28 40 18 18 29 51 0
19 -40 -23 59 22 29 35 51 53 47 -33 -18 23 -34 -10 0
-3 2
-3 3
