19 -23 38 -58 -33 35 -41 0
50 -34 23 -25 21 36 41 42 45 0
39 -58 -19 45 -51 6 19 28 42 0
47 -1 0
38 -25 -41 37 40 45 46 15 -58 0
2 39 50 48 -23 13 -26 -44 37 -39 -21 0
49 -42 -50 5 -42 40 -35 -38 10 17 36 60 0
31 22 -24 -9 28 -18 29 -3 -41 15 47 0
10 10 13 46 59 18 -55 5 -32 -41 5 54 0
52 -22 49 56 30 39 45 56 43 10 -39 0
19 -40 22 50 51 15 -22 -55 25 25 30 56 0
16 26 41 48 3 -45 31 -47 0
21 -32 -23 16 32 32 49 -28 -42 0
16 -32 -51 4 45 0
17 18 27 59 0
23 37 0
53 -31 2 15 19 23 39 50 -56 0
14 41 7 18 39 28 -59 12 -26 -11 0
19 28 31 54 24 -29 -18 0
10 21 60 55 -33 24 -1 -14 0
43 -56 40 -35 13 14 29 54 0
17 29 51 -12 -40 0
-2 1
-2 2
-2 3
34 0
10 34 39 43 50 0
52 57 58 47 -57 -7 0
14 21 28 34 47 55 12 -27 0
16 -52 42 -45 -33 5 28 32 52 56 1 2 11 21 50 0
58 60 2 27 29 37 46 33 -46 0
9 -46 4 21 48 -25 15 18 33 42 47 0
38 -8 -25 0
15 -45 -16 7 19 19 27 29 0
11 14 33 41 13 27 29 40 55 0
0
52 -4 41 -29 -4 19 -27 46 -46 0
12 -59 -40 30 -11 -14 44 53 12 0
51 -43 0
18 -38 18 44 46 55 59 8 41 60 -32 -10 32 51 0
11 36 24 -56 49 -22 49 -50 0
29 -25 -41 0
12 27 32 50 51 0
14 -15 -12 10 -8 -3 30 -16 18 21 34 0
5 36 42 43 47 45 -41 0
-19 2
-19 3
