22 26 37 58 9 18 24 25 0
19 23 33 35 19 5 22 28 44 51 0
38 -58 -2 27 -3 21 24 28 41 49 0
1 8 31 49 16 -57 -16 0
23 34 35 39 25 31 26 -3 0
27 -16 11 -5 34 -30 0
46 -38 -46 22 42 42 60 0
47 -14 -8 38 -9 0
37 41 0
33 -49 53 -40 32 -38 60 -22 -17 0
1 -25 44 -31 0
32 -26 33 49 -17 -50 3 17 25 46 47 44 -41 -22 0
29 -7 0
3 14 44 54 56 15 -50 -52 51 -49 -25 9 11 12 18 47 0
3 -60 1 -44 19 55 0
4 36 43 28 39 47 0
13 15 17 21 44 51 -28 -6 54 5 -36 40 43 56 59 0
3 -12 -59 46 -44 -44 29 38 44 50 57 -54 0
18 27 40 56 59 0
55 -1 -57 52 -42 -34 0
0
16 -43 -26 0
-2 1
-2 2
-2 3
50 52 -25 2 27 43 55 11 -54 -40 0
19 23 55 35 -54 -34 13 25 25 35 52 14 -30 -39 13 -35 -40 0
16 17 23 43 58 54 -20 -26 0
33 3 20 21 42 44 52 -37 -12 10 34 48 53 0
10 -21 24 -54 6 36 60 3 32 39 0
11 -24 -9 0
30 -46 42 -44 7 0
7 7 8 16 50 0
0
5 0
21 -13 -52 32 -12 -45 3 7 31 31 51 0
31 5 46 0
8 37 6 -40 0
4 45 0
21 26 59 60 6 15 47 53 54 2 10 11 4 37 54 58 12 16 46 51 56 0
57 -19 37 59 1 -12 0
0
10 17 47 -32 0
17 -32 -3 33 -18 -32 0
10 24 29 -22 55 -5 -40 0
-52 2
-48 3
