31 49 22 40 56 58 60 0
23 42 43 47 50 2 -50 -40 0
55 -53 -4 3 25 37 41 51 0
20 -11 -9 57 4 39 19 -17 -27 0
55 -47 -12 3 21 24 37 58 48 -55 -7 0
29 -20 24 -19 58 -10 -49 1 12 26 53 0
17 18 34 43 5 26 35 51 54 -54 -26 23 44 49 60 0
24 0
4 47 20 -52 -1 0
49 -14 30 -26 0
54 -2 5 15 20 -49 -41 13 45 50 57 0
28 56 -22 -21 0
27 -47 5 23 25 39 59 9 -48 -20 6 24 26 52 9 20 39 41 47 0
28 45 45 46 53 52 -60 0
10 33 36 7 -57 -55 20 -49 2 25 46 56 0
50 -40 33 52 54 49 -53 11 -21 -12 18 -14 0
11 -33 16 17 17 22 0
24 -56 -14 38 -11 3 -12 -3 0
6 13 33 42 9 33 -39 -34 27 -12 0
28 57 1 57 19 -31 -3 28 0
47 -3 -20 22 -27 17 34 0
14 2 24 44 53 37 43 44 58 59 0
-7 1
-7 2
-7 3
-67 3
16 -45 59 -3 13 -51 -5 0
35 -24 -56 12 26 30 48 49 9 -42 0
56 -58 56 0
1 18 56 0
3 25 40 48 56 28 -50 11 15 37 51 52 0
16 30 35 35 0
12 -36 9 43 4 -25 56 -46 0
25 -46 -16 13 17 19 45 0
40 -8 -1 5 -49 -21 0
10 57 28 42 47 4 -12 31 35 37 4 50 55 0
8 17 26 32 55 39 52 10 35 42 47 32 -54 0
14 -23 -44 16 -56 35 -49 21 30 30 0
28 -5 -56 19 25 28 36 13 18 29 40 40 4 0
46 -30 -50 58 -48 0
48 -29 0
1 26 53 44 -48 -41 0
14 -28 13 -30 -48 16 20 51 57 0
0
56 54 58 60 0
3 8 15 17 33 49 0
-48 2
-53 3
