5 48 56 59 -28 -38 19 -22 -25 9 27 54 0
11 14 45 55 0
10 18 24 34 44 14 21 28 34 59 2 -58 0
46 -4 -20 7 11 46 48 10 -42 -9 30 -27 0
3 -10 -15 8 10 28 47 20 30 0
54 54 -5 0
14 -50 -19 0
34 -29 -31 0
27 -43 -6 5 9 39 55 0
22 0
46 -52 0
30 53 58 11 39 40 44 56 8 13 26 27 53 29 0
10 34 42 59 0
3 23 33 3 33 35 50 55 0
9 23 25 8 -17 -28 0
50 -17 -9 24 -53 0
43 -53 26 36 51 58 47 -24 -56 0
56 -41 20 -45 33 -7 -18 0
2 21 46 50 56 37 25 43 45 50 56 0
24 -54 -41 30 -14 -37 27 -40 -8 0
40 -28 36 -56 -19 28 34 35 0
17 31 59 10 -54 11 -21 0
-2 1
-2 2
-2 3
-69 3
43 -35 28 -18 0
19 -20 32 -38 30 41 37 31 -15 0
40 -25 -46 48 -57 -17 0
5 13 22 26 28 0
20 44 3 19 27 33 36 60 -31 -51 0
15 -43 -9 23 -50 50 -40 0
0
1 19 47 51 60 15 -38 -24 59 -20 37 -5 5 43 60 0
48 -31 8 30 12 24 39 56 0
2 11 43 56 11 34 3 -41 1 9 16 20 0
36 39 42 50 -45 0
24 -34 50 -32 -30 45 -58 4 -42 0
35 -7 0
37 -15 -45 26 -23 3 -57 -10 0
48 -54 5 14 29 45 53 19 49 53 54 5 17 30 34 50 2 3 11 0
48 -23 5 11 25 48 51 0
9 49 28 -40 -45 36 -13 -59 12 -31 0
1 2 16 19 0
11 -15 0
16 -15 51 -11 -16 6 27 34 39 58 10 -15 -8 14 19 53 0
-37 2
-37 3
