0
18 22 29 -21 -18 0
22 -39 -20 0
26 -44 -34 0
28 -48 -30 10 -34 41 -8 0
42 -22 5 22 42 47 55 43 -43 0
46 -60 -8 24 1 8 13 38 54 3 7 39 0
16 -58 -10 33 56 48 -9 11 -30 0
44 -34 0
25 26 35 43 44 31 -54 11 45 -41 -11 0
51 -6 -31 19 20 44 36 42 44 50 0
18 10 -18 0
33 36 47 52 57 33 40 41 44 60 31 -15 1 57 0
22 35 53 57 0
15 22 26 50 54 39 -46 0
2 13 55 -29 -54 19 -5 53 -47 0
31 -9 24 35 40 46 3 22 33 38 50 0
55 -18 17 27 28 10 14 28 39 49 39 -14 -23 33 -17 0
22 25 45 46 44 -39 7 -9 0
7 38 59 -52 -57 37 -59 10 13 36 58 12 -25 -45 0
33 -41 27 8 -58 33 51 55 0
0
-3 1
-3 2
-3 3
-67 3
30 44 -28 -13 28 -27 0
16 45 60 41 -5 -55 22 -10 -55 0
13 41 54 45 0
16 -52 -30 12 -3 -22 10 40 0
37 -45 -50 0
3 7 41 57 47 -44 -6 0
18 -35 1 0
35 -55 -19 3 32 49 52 27 -31 3 26 38 56 0
4 -8 17 -18 30 -19 -8 31 -53 -59 0
35 37 45 52 0
52 -54 -9 14 -31 -60 16 29 37 47 0
31 -57 0
33 -11 40 0
45 7 13 15 49 59 12 -56 3 4 16 52 0
48 -4 12 -3 35 -13 0
30 -3 9 -37 0
39 -50 -12 54 -28 6 -4 0
4 6 23 48 54 0
38 -52 -39 0
49 -32 3 6 7 37 10 25 46 52 0
-48 2
-56 3
