0
5 14 43 55 -4 -11 0
34 -1 23 -28 -32 8 18 28 45 57 0
27 -19 3 14 50 59 0
23 -12 -11 5 16 43 60 31 -33 -27 0
11 -2 -26 59 -45 -42 44 -60 -58 0
38 51 11 -37 0
45 -35 43 -45 -50 0
32 -44 -1 0
44 8 -51 0
56 0
34 -55 -59 21 24 43 1 2 17 22 24 0
56 -10 -56 0
53 -10 28 -6 -44 50 -38 30 -18 0
59 22 28 41 0
29 -52 -23 13 -42 -59 6 36 34 -8 44 -51 0
48 -50 21 -29 0
0
2 15 26 46 21 -45 -14 48 -31 -55 29 48 0
39 -10 18 42 0
15 -11 -58 0
2 -46 -1 0
-3 1
-3 2
-3 3
54 0
25 -44 17 -56 -51 53 53 52 -11 -60 0
43 -21 13 -23 5 7 24 26 3 0
6 44 2 -58 57 -35 -11 7 55 3 0
4 -55 -42 56 -27 10 -12 0
46 50 59 60 32 20 33 40 22 36 0
21 -19 -21 14 18 36 39 42 51 0
37 47 52 57 60 5 -17 26 -52 0
11 -48 14 25 58 58 0
46 -54 53 -3 0
16 -37 0
40 -34 -21 24 46 52 0
3 8 51 55 44 0
15 -14 -59 27 -38 15 47 51 56 10 49 54 39 -20 -38 0
42 -28 -57 0
4 33 55 0
19 -1 27 -48 4 16 29 37 42 40 -12 -14 0
39 -55 4 13 35 51 58 12 -22 -22 18 -21 -60 0
12 15 20 23 53 1 4 4 20 41 -57 25 -5 -22 1 5 14 15 50 0
56 -5 -27 27 41 42 48 22 35 46 47 0
-8 2
-8 3
