4 6 36 45 16 -1 -1 0
7 18 27 0
16 -7 -2 0
35 -4 36 29 -23 49 -38 0
27 -49 -45 8 37 0
10 12 14 30 31 -28 0
28 -17 -26 16 16 23 59 16 23 0
2 59 0
1 23 39 45 56 48 0
0
3 34 36 38 51 0
7 9 26 32 58 0
54 9 -34 9 11 13 17 -47 -4 60 -50 0
51 42 -8 -5 18 36 0
18 34 46 52 54 33 40 48 7 46 52 60 0
56 -44 -58 58 -2 -23 1 12 39 53 54 0
22 49 8 42 57 -26 0
2 39 -33 54 -15 20 -21 -59 39 47 55 0
2 32 47 50 52 0
0
3 23 27 56 20 31 35 36 54 0
8 28 29 55 55 11 13 31 54 0
-4 1
-4 2
-4 3
-69 2
25 39 9 11 25 0
39 46 55 55 23 -44 16 50 58 -35 -4 7 -30 0
6 15 17 50 57 14 20 25 25 30 29 -59 57 -22 0
7 21 31 44 -54 0
30 -41 15 43 58 54 1 -28 5 8 0
28 -47 0
18 20 28 42 44 25 47 60 0
18 -25 -23 37 13 34 35 53 44 -7 -22 0
47 -57 -48 2 -31 -24 54 -35 19 50 0
50 -1 28 -1 24 -44 0
44 58 5 -60 0
32 51 59 -26 -23 2 -55 26 50 0
9 -29 -43 6 -23 31 43 53 8 -49 1 6 20 47 0
2 20 42 15 29 49 54 0
22 -3 -32 13 33 40 34 35 57 51 -5 -5 0
3 22 27 0
33 -13 -46 60 -6 47 -6 -43 33 60 0
18 -13 -59 14 28 55 0
46 -37 0
53 -38 11 15 40 47 3 17 26 49 48 0
-55 2
-49 3
