12 36 41 55 27 18 -47 -55 41 -33 -45 40 -38 0
9 17 25 29 0
3 30 44 52 59 8 -6 -39 6 -24 -38 0
52 -10 46 -20 30 50 4 8 11 57 0
57 -11 45 55 31 7 4 -55 0
16 18 42 11 -36 17 -33 -29 15 -5 -54 0
27 -13 -56 0
23 15 6 -36 -47 0
19 21 22 41 49 30 -10 58 -28 50 -23 56 -51 -16 0
21 28 47 5 18 38 48 48 4 38 60 58 -28 -12 0
2 39 44 47 12 -28 -60 42 -26 -21 0
4 -4 40 -27 22 11 14 29 43 57 0
40 -44 -16 37 -57 -1 13 0
18 25 0
48 -38 -54 0
19 -13 50 -12 47 -6 -46 0
10 17 21 27 36 19 -22 18 -31 -35 37 58 10 -1 0
15 -18 0
16 -25 1 1 10 14 51 38 -60 -19 35 29 -30 -20 0
58 -11 -45 23 -19 30 -59 38 -52 0
1 5 14 21 53 60 0
32 44 54 -13 -38 0
-47 1
-51 2
-53 3
-69 3
-69 2
6 34 2 49 9 20 21 37 25 -57 2 7 25 48 53 0
42 -36 2 -26 0
0
12 59 -53 -13 36 0
22 53 57 0
18 -38 -7 0
33 -46 28 29 32 52 0
22 -22 36 47 14 -10 7 7 19 47 0
13 49 60 0
0
43 -16 -6 55 -60 11 18 22 36 40 11 36 37 60 0
9 -40 -18 55 -22 2 14 9 12 53 0
4 -33 0
22 -44 -34 28 -10 -11 20 36 49 0
8 43 55 11 6 -46 17 30 39 57 0
8 0
32 -12 16 19 31 46 0
20 25 30 45 39 -31 -30 19 32 45 58 10 -44 7 20 35 47 60 0
23 24 28 44 54 0
15 54 0
-50 2
-53 3
