44 -20 18 22 46 55 0
10 -52 -54 33 41 18 -49 0
3 -5 7 20 36 0
28 -29 -8 43 9 43 11 21 50 0
29 -8 -53 18 0
2 7 16 22 50 0
57 -57 -27 34 -32 0
9 22 24 58 -34 14 25 53 0
0
6 27 43 60 0
49 -55 24 23 -26 -30 0
19 31 33 50 52 0
3 -35 9 -18 0
7 8 0
38 -45 25 36 53 57 60 48 -22 10 32 58 0
23 -23 13 15 25 43 26 32 44 50 18 -30 -28 11 0
4 -24 -38 0
17 -49 -9 9 36 40 4 46 24 -13 0
1 23 27 2 39 52 0
32 48 4 5 0
20 -43 1 9 19 43 59 43 -24 -13 20 -44 -30 0
49 -53 -19 16 30 37 49 60 -2 -36 35 -24 -2 0
-11 1
-11 2
-11 3
-68 2
38 -35 -1 0
11 -56 34 -14 -51 12 14 29 40 42 15 27 39 0
49 -15 0
11 19 7 -47 0
16 34 48 0
37 -15 57 -57 -2 0
32 43 44 60 37 -21 45 -50 -48 0
49 -14 -45 13 36 0
34 -26 -37 5 6 8 32 50 6 33 0
15 17 33 10 24 41 9 39 43 -31 -27 0
40 41 41 48 13 34 56 8 23 30 42 0
19 -35 -7 21 -28 -45 11 22 26 44 52 0
30 -9 0
24 -50 0
3 29 32 42 60 34 -52 37 38 39 53 42 -43 -44 0
0
3 8 35 51 54 12 -5 0
36 -43 0
1 10 12 19 35 52 -30 13 22 31 50 55 0
13 1 8 37 53 60 0
-47 2
-55 3
