21 37 9 -15 -2 56 -31 0
23 56 53 -4 42 -28 0
24 -14 0
43 -58 39 -39 0
5 12 19 29 33 59 -55 0
7 11 16 41 2 11 37 56 17 -60 -38 0
3 -2 -12 28 -3 -47 35 -50 -34 7 -27 -54 0
51 -2 -53 20 -43 20 -41 -45 60 -57 19 -18 0
52 58 0
47 -1 -44 4 15 24 47 51 55 -1 -44 0
46 -36 0
58 -44 -53 56 -31 -5 0
41 -51 36 -32 -11 0
20 17 -52 12 16 28 36 44 0
0
7 15 30 10 15 35 48 -28 0
36 -35 -4 12 39 0
5 0
17 -14 4 9 46 56 3 -58 -59 5 40 54 0
49 -5 0
13 -8 0
16 -15 -32 16 -53 0
-2 1
-2 2
-2 3
48 51 0
53 -26 -10 0
15 13 -5 -35 37 48 0
0
25 -52 1 33 4 17 48 58 25 -43 59 -38 -48 0
49 -40 2 -57 -55 0
26 26 37 49 0
37 -48 -12 2 3 32 42 6 34 53 59 41 -52 0
9 25 39 44 49 20 -7 0
17 19 29 33 0
52 -55 27 38 43 17 -4 -54 0
23 -54 3 39 45 46 59 43 -6 -39 0
43 -37 40 -44 30 -43 41 -58 35 50 0
53 24 33 37 48 0
0
8 28 31 51 55 0
19 35 49 58 60 0
7 19 20 51 0
14 -26 18 23 27 32 57 0
9 11 22 36 40 44 -40 5 -16 -14 0
-51 2
-55 3
