7 11 15 22 50 20 -1 -14 0
16 -41 17 55 0
2 -38 34 0
47 -36 -34 35 -9 -31 53 -32 0
42 10 12 19 48 48 3 6 20 38 51 49 50 0
42 -36 -11 11 -54 -26 7 19 36 51 28 42 45 57 -20 0
59 -1 -17 10 -52 0
4 27 29 51 0
16 -26 -44 12 16 26 4 12 -17 -50 0
59 -5 -36 1 7 22 25 42 0
46 -46 4 15 18 37 39 -40 16 18 31 41 0
48 -47 -19 41 -32 0
31 60 13 43 57 59 59 -3 -31 10 29 40 53 55 12 -32 -34 0
41 -45 -38 27 -3 -45 0
12 18 -3 0
45 -23 8 -57 -44 34 0
3 -34 20 24 28 43 49 4 4 17 37 51 0
22 33 53 53 51 -6 -37 49 -29 34 42 24 -5 -19 0
2 -34 -16 27 34 54 15 60 0
51 -32 -19 0
13 -55 15 24 45 50 -52 37 60 0
29 38 38 50 5 44 53 31 0
-8 1
-8 2
-8 3
-66 3
-69 2
12 27 36 37 43 40 -48 40 21 -60 -43 0
12 14 25 35 40 0
53 -46 19 -1 25 45 57 2 -33 0
44 -2 -42 13 0
2 46 18 -9 0
47 9 22 24 32 10 21 59 60 24 0
46 0
39 -50 -6 16 19 23 43 46 -40 0
1 3 32 49 11 3 17 0
14 42 11 15 26 31 32 16 0
47 -13 46 -53 0
1 4 31 -41 -57 31 -55 17 23 39 48 0
51 -56 -3 9 23 29 38 28 -59 0
40 -12 15 3 26 34 42 60 8 11 24 34 25 52 0
16 51 22 28 35 44 50 6 8 34 42 45 0
28 0
12 57 0
5 30 40 10 22 24 29 48 9 10 39 43 50 0
22 36 39 43 53 45 -39 -24 17 44 48 52 24 28 58 3 26 40 0
8 36 36 47 49 -26 9 -24 -55 0
-55 2
-52 3
