52 -1 -38 36 5 5 31 46 21 8 18 35 35 44 0
56 58 11 0
43 -1 -58 4 17 48 52 6 37 45 57 0
21 33 38 45 0
2 -42 -45 12 33 46 60 -6 -9 9 -24 -38 0
0
11 11 24 29 49 0
55 -42 -59 47 43 -24 60 -46 -33 5 -59 -19 0
0
10 27 46 8 -49 -42 17 -60 25 -37 0
49 0
18 21 48 15 -48 1 2 3 36 53 0
28 13 41 53 56 16 16 34 59 2 60 9 -32 0
44 5 10 37 52 47 -40 -41 28 44 58 60 0
16 17 20 33 34 60 10 52 31 35 57 0
17 -45 -45 5 3 6 6 53 54 0
21 41 18 27 38 42 58 10 -56 -16 0
24 -17 -49 50 -13 -33 0
1 2 4 44 47 28 -47 -27 0
19 -21 5 19 19 54 60 25 -34 0
20 -52 20 -8 -19 1 6 23 42 56 0
21 32 0
-6 1
-6 2
-6 3
28 -14 0
34 36 48 15 30 36 58 58 -51 -57 0
35 48 9 -33 0
0
30 -36 0
14 -13 24 43 32 -4 -35 8 24 35 52 48 -55 -5 0
6 25 49 0
9 16 30 21 28 49 55 3 29 24 -23 -31 33 -36 0
49 -19 -36 21 46 35 50 0
45 -54 0
3 35 42 50 56 0
42 44 50 -45 -28 2 48 54 55 46 -24 0
39 -17 51 -38 24 52 27 -29 5 15 46 46 55 0
28 48 3 13 17 33 42 26 -26 0
0
5 -14 -6 0
7 7 -23 16 54 9 35 57 0
12 16 33 -38 -8 22 -42 -15 0
30 -18 -29 0
28 -57 8 36 46 54 60 0
-21 2
-21 3
