28 -39 0
54 -21 12 -6 0
49 -31 -50 11 37 39 42 51 0
54 0
40 -20 -28 2 4 56 0
22 -8 57 -47 0
18 -14 -40 1 -31 -21 25 28 34 42 53 -34 7 14 22 55 0
3 15 56 36 -48 50 -51 -38 0
4 9 13 18 38 11 17 39 -15 -37 19 39 44 47 0
31 -13 -50 0
16 0
9 -57 -30 0
53 -41 11 -48 -17 49 -4 0
46 -25 60 -19 15 22 24 33 0
27 47 52 12 31 36 56 0
7 16 29 20 -35 51 -57 0
36 -50 0
41 -18 21 22 58 1 31 55 58 0
2 15 42 -33 -41 53 -57 -12 0
6 24 36 48 45 -48 14 -36 -38 12 31 33 39 41 44 -6 -18 0
57 -26 -55 14 16 27 60 0
7 -39 -17 19 42 -14 30 -14 1 35 35 0
-4 1
-4 2
-4 3
-68 2
0
8 25 27 45 55 6 7 9 43 45 31 37 9 60 -51 0
45 45 18 20 27 0
33 -38 28 -14 0
32 -47 0
37 -53 24 33 39 17 24 49 56 56 0
49 -7 -15 0
17 -45 -22 35 0
10 12 27 -59 50 -38 -3 0
20 28 0
1 -46 -13 0
6 11 51 0
1 8 54 -54 -43 11 15 35 30 31 1 -41 0
41 -46 -43 11 -57 14 35 35 37 39 0
24 28 48 -19 -20 58 -4 -37 25 30 35 35 0
52 0
52 -54 -30 6 29 45 0
32 37 41 48 60 55 -5 -53 21 27 37 54 32 -21 -1 29 -46 -20 0
1 12 12 22 35 3 32 37 0
58 -12 0
-4 2
-4 3
