1 -36 -31 18 38 41 44 0
50 0
52 -22 -8 11 56 12 -19 18 -43 -39 38 -29 0
14 45 0
4 16 17 32 46 22 31 51 56 0
53 -4 -54 11 38 41 47 49 35 -30 -59 0
26 36 8 21 23 45 25 -28 22 -38 0
29 -17 -11 31 40 56 45 52 56 -40 41 -5 0
27 -11 0
43 -23 -20 18 -2 -14 2 -13 0
6 29 33 7 20 38 41 0
33 -18 24 28 31 33 54 0
22 -30 1 -24 30 -8 0
6 -45 31 -60 38 -53 -42 34 39 14 -16 0
45 53 48 -37 0
6 14 52 53 0
39 -52 52 0
39 55 15 35 46 47 14 -4 0
31 31 33 40 55 17 25 27 51 52 31 -46 -9 35 39 48 56 57 0
44 5 11 49 54 16 35 11 38 51 54 30 -3 0
35 -40 2 36 53 54 8 19 60 55 -54 0
26 -46 -29 0
-2 1
-2 2
-2 3
-69 3
-67 2
11 12 21 32 53 23 -58 0
2 -52 12 27 52 0
14 37 -29 8 26 46 49 49 11 22 23 0
1 29 44 55 26 -22 0
15 -42 -12 36 -50 60 -15 -1 0
22 36 42 42 45 2 9 17 36 48 0
16 40 51 15 -51 5 -36 -6 16 -11 0
32 9 55 0
7 7 21 54 8 -34 -26 4 10 15 32 37 0
55 -56 0
9 47 41 -50 9 39 56 59 0
45 -7 3 22 27 0
24 -36 -6 5 5 15 33 40 35 -49 -45 22 34 43 50 0
13 -50 18 24 46 53 59 39 39 45 0
24 -47 -46 0
12 -52 56 -4 36 45 53 5 22 0
52 -10 26 -15 -12 0
4 10 25 34 60 3 -33 -26 0
41 3 11 18 42 44 55 -54 -49 10 17 46 50 0
22 -47 19 -4 55 -39 -39 0
-56 2
-56 3
