10 -11 10 27 44 50 16 -33 58 15 -29 0
55 -2 -47 22 -52 2 17 21 24 55 30 -27 -59 0
4 38 41 11 16 29 30 0
41 0
39 56 -50 26 0
8 22 -19 -34 39 -12 -21 0
11 -50 -56 52 -41 -6 44 -60 -24 0
0
16 20 34 37 56 33 8 15 28 22 -37 -45 57 -24 0
28 48 59 44 -6 -33 0
49 -26 0
3 8 39 42 58 0
17 27 33 38 57 36 37 45 60 0
50 51 51 -31 -40 55 0
40 -26 -18 52 -21 0
6 -47 -21 55 -23 32 -8 26 -2 -26 0
10 10 34 -2 0
26 47 4 -18 9 22 19 -28 -57 0
11 32 17 46 -60 -28 0
33 -14 5 -2 -60 0
2 -26 48 -30 -29 21 -6 40 0
3 45 0
-2 1
-2 2
-2 3
0
27 -32 0
24 -41 31 -43 -36 9 18 32 0
4 12 24 40 50 51 60 60 -19 0
29 -20 -3 3 -5 -3 0
58 0
34 -14 -48 43 -33 11 14 29 34 48 4 0
40 -12 20 51 -23 13 32 37 52 8 -28 0
26 -59 -29 55 -32 -22 0
1 13 14 26 57 0
1 -53 -6 37 -58 0
35 53 1 33 0
17 20 43 25 -12 8 24 32 42 46 7 23 24 31 40 5 7 22 51 0
35 -55 22 -31 10 33 41 0
0
50 -6 -46 2 43 47 49 58 0
5 -28 17 -26 38 -5 -22 33 -18 -9 0
25 58 -32 0
5 -44 -8 17 -13 12 12 50 57 0
14 24 32 34 0
-48 2
-48 3
