50 0
14 59 20 -47 -18 7 26 0
50 -44 3 33 48 0
53 48 -59 -34 25 -52 0
36 9 -29 -60 0
48 -15 4 51 7 13 -8 59 -22 0
55 -19 -3 31 -20 -25 56 0
40 -11 3 -49 5 -14 14 -16 13 29 42 0
52 -3 -21 0
14 -50 -38 53 -7 -59 46 2 60 0
6 -51 -58 26 35 49 59 1 6 9 13 47 0
49 -52 -29 51 58 0
21 -55 -53 0
7 -21 26 -17 -34 57 2 7 41 52 0
3 9 31 17 19 31 48 48 0
7 -15 46 -25 -32 40 -2 -4 0
32 49 2 21 48 53 57 21 -2 28 -16 0
17 -57 -46 49 -16 -40 0
11 -11 7 47 0
22 -48 6 7 9 40 0
20 -34 -15 0
28 -43 23 -51 22 -37 0
-7 1
-7 2
-7 3
3 41 55 55 -17 34 -35 -46 0
45 -49 12 48 55 0
43 29 -45 -36 0
5 -25 1 -21 -49 25 43 43 49 57 0
20 39 14 -32 -14 0
43 45 59 -4 20 -18 -21 1 -7 -50 0
38 -4 53 -41 -18 50 -10 -49 12 25 40 47 60 0
21 1 -37 -47 42 0
41 -16 -33 8 30 31 33 20 1 24 26 33 33 12 18 22 45 48 0
53 -33 7 14 20 35 24 5 2 13 23 34 58 0
18 -48 -33 33 39 51 0
6 7 8 9 24 4 -28 0
30 -1 -51 0
45 -15 -57 48 -51 -16 56 -8 0
28 -49 -18 0
3 -55 34 0
57 -13 17 35 52 60 50 31 -6 -53 0
30 12 45 56 58 -38 -47 0
11 16 30 7 -27 4 -20 0
41 -55 8 42 52 22 -45 -53 0
-9 2
-9 3
