3 -21 -35 6 33 -50 28 -20 -49 0
7 7 11 29 38 0
56 0
38 30 -50 -54 0
51 47 -5 -7 19 -35 -47 42 0
8 -57 -6 43 -28 0
0
7 -60 35 -47 19 20 46 48 60 0
8 37 46 48 14 -13 50 0
39 -47 -54 10 16 0
20 -56 23 -39 5 14 50 51 46 -20 0
3 17 20 41 52 37 -30 -1 20 38 4 13 22 0
15 -15 -46 3 10 18 25 47 32 -45 0
12 -2 0
26 -39 0
41 -21 0
8 -47 -40 55 -39 47 -27 -17 13 -44 -29 0
6 -56 22 40 50 58 22 -55 3 43 37 -27 0
21 31 42 52 52 28 -51 39 -33 3 -42 -1 0
37 -14 15 37 38 39 53 1 -55 7 18 40 44 0
25 0
9 9 14 52 38 55 15 22 30 42 50 0
-2 1
-2 2
-2 3
-68 2
2 6 15 38 38 0
41 44 58 5 25 37 15 -29 0
4 -52 49 -52 -40 0
45 -39 5 22 40 43 18 0
0
4 29 9 -57 1 0
41 -39 -5 36 -17 23 -18 -30 0
45 -27 2 9 30 24 59 59 34 -8 0
32 -54 -48 10 -27 -20 0
4 -1 15 25 46 46 59 7 -32 0
6 4 16 40 0
27 -48 1 13 21 49 51 13 41 44 0
16 -12 7 55 29 -23 -19 3 -49 -14 44 47 0
8 -32 -50 0
41 -45 25 -37 -10 17 -34 0
12 32 50 0
15 27 59 -39 32 -59 -39 0
38 57 58 59 0
0
41 -7 -51 22 22 32 39 0
-49 2
-52 3
