22 44 -3 -47 25 -37 6 22 41 58 1 1 35 36 59 0
57 -30 0
6 15 20 27 52 0
44 -40 -12 0
12 -24 0
20 52 47 -3 -43 0
9 20 28 48 55 0
4 -44 53 -23 0
44 -21 -15 0
1 28 40 51 -50 58 -9 -16 0
22 25 -39 -35 40 -24 0
5 0
59 14 42 51 60 5 17 42 45 57 18 -34 -18 0
48 0
2 13 43 -39 41 -5 -1 0
26 47 0
18 -42 0
53 28 43 46 55 0
8 -51 -39 44 56 60 0
52 -57 -24 5 22 28 0
12 22 23 31 53 -29 0
19 -44 16 32 37 53 42 -35 -7 8 43 53 59 23 -11 -18 0
-2 1
-2 2
-2 3
5 40 42 45 52 1 56 0
4 18 23 41 1 -46 -14 0
48 -14 23 -2 19 26 35 0
42 50 60 27 -18 15 42 47 51 56 9 11 22 38 57 0
28 41 45 47 51 12 -27 0
5 -16 0
4 35 53 0
52 -33 -25 6 37 47 48 24 -53 6 25 36 39 0
9 50 59 44 -9 -54 0
56 -29 28 -49 -58 38 -6 -38 40 -12 28 -10 -38 0
53 -20 7 -43 -27 40 0
20 -47 -6 0
42 24 29 37 54 0
60 -54 24 38 44 52 2 9 -55 -32 0
35 -5 0
2 16 26 50 36 42 55 24 -24 -28 58 0
15 -27 -13 6 -37 -2 5 -3 -10 0
11 26 0
11 -21 52 27 -32 5 7 54 0
37 -2 15 21 34 36 -26 -3 0
-2 2
-2 3
