37 -19 -37 0
25 33 0
48 -20 7 -33 3 13 14 18 48 0
25 33 23 -24 0
32 36 49 58 12 -30 18 -4 0
55 -22 0
24 -15 44 -54 46 56 0
59 -58 0
20 -60 -18 1 7 17 33 51 19 -39 -2 28 41 0
0
37 38 44 58 59 0
48 0
28 54 57 57 -21 -5 0
20 27 41 0
32 43 0
3 -7 -30 0
48 -8 -56 19 -12 -7 13 28 54 32 -5 -39 17 -59 0
0
44 -18 -59 21 3 6 43 57 1 39 42 55 0
24 -16 6 -50 16 -53 -35 0
23 27 37 -50 0
5 -1 4 7 46 49 54 40 -49 -21 0
-2 1
-2 2
-2 3
48 -37 7 7 8 48 36 -47 19 -24 -11 0
36 -15 34 35 55 0
27 -36 -4 22 27 39 0
1 -13 4 -27 5 -26 0
3 15 24 38 17 42 51 0
47 -35 0
45 -34 25 0
7 -55 6 36 58 15 -9 42 -57 -7 0
12 15 21 55 49 -13 -24 36 0
35 -52 9 20 29 35 15 39 42 0
24 36 12 24 42 0
40 -17 -53 38 -12 -34 28 -25 0
25 -3 0
15 30 54 56 0
0
0
17 -19 -48 3 8 31 0
51 -46 18 -57 -38 0
52 -21 -20 55 -35 0
21 -10 -31 1 -17 32 -11 49 -37 59 0
-2 2
-2 3
