44 -42 0
2 27 45 50 0
8 19 0
19 25 28 37 56 10 29 42 27 29 24 25 31 35 49 0
39 -12 -9 52 -22 -24 41 -12 -48 29 -11 0
5 19 33 51 60 18 29 34 49 53 0
23 -56 -21 0
55 -39 0
9 24 29 43 56 12 -47 -49 17 31 36 49 0
16 25 -35 2 4 5 17 27 15 -46 -39 0
22 30 53 -54 0
50 -20 24 -33 -39 0
58 -7 56 -60 -9 22 0
25 58 -34 -20 28 -49 -1 18 56 10 -20 0
6 6 50 36 0
11 17 3 -50 -10 0
42 -15 -12 0
32 -42 -50 13 -41 -29 42 46 48 51 0
46 -22 0
19 56 0
47 -21 -52 10 21 22 23 36 19 0
1 11 12 39 46 0
-6 1
-6 2
-6 3
12 20 -14 0
41 -48 -3 0
21 33 46 57 35 -37 3 -46 -9 20 -12 -40 0
53 -5 -60 24 37 46 54 41 -4 -42 46 -48 -44 2 -30 0
17 28 21 15 -57 -45 29 45 7 24 25 36 42 0
0
42 -10 6 40 44 48 49 0
55 -29 -27 0
47 -57 36 -56 -50 2 30 44 60 8 19 22 0
24 -3 44 24 25 55 45 -15 27 -31 -56 0
33 39 53 31 -27 -37 0
0
28 42 60 36 -40 33 -39 0
24 -20 -37 3 9 24 26 53 35 40 0
25 43 1 8 9 59 53 0
5 9 33 3 34 53 0
2 -50 -3 11 14 16 52 4 -21 0
33 54 -26 -29 0
0
1 -37 -38 0
-37 2
-37 3
