49 -16 55 -36 -12 0
2 3 21 48 58 0
13 24 49 12 21 28 54 58 0
0
20 -15 -47 0
30 -1 -25 52 -60 0
11 11 49 54 59 0
27 56 31 -38 8 21 30 33 52 0
56 -14 -21 8 -53 -56 26 33 38 44 4 -33 -24 0
54 -24 -22 3 14 30 58 10 58 0
5 10 8 0
0
3 13 33 50 -19 0
3 29 56 25 6 -30 -41 46 -45 0
18 49 51 52 0
19 42 6 34 49 8 10 25 31 0
26 37 51 53 0
17 35 42 47 31 -15 -50 53 -36 0
33 -57 -42 10 11 45 53 12 -50 -7 13 -3 -7 48 -46 -34 0
20 -3 0
12 25 26 31 41 51 -46 0
14 19 53 7 11 25 38 -46 0
-2 1
-2 2
-2 3
-69 2
12 12 24 45 57 27 58 58 59 0
37 -35 -35 0
15 0
21 42 44 3 21 46 51 15 -59 0
31 -50 55 -57 -58 5 17 25 0
43 7 17 22 24 0
31 43 60 24 -24 -17 4 9 10 27 7 -28 0
60 18 -51 -43 12 19 22 44 35 -45 -38 0
11 -42 22 -25 39 54 14 -29 54 56 0
24 33 30 -25 -50 3 -46 -3 0
24 -46 -42 1 -51 0
46 49 2 -37 -16 0
3 -6 -35 27 -57 7 -26 39 -44 18 -50 0
2 26 51 53 0
57 16 -25 -18 0
38 41 47 38 -51 16 -11 -31 9 49 55 34 -7 -30 0
31 -27 -32 0
30 -12 1 49 51 60 0
54 -47 1 -9 1 -17 0
0
-39 2
-39 3
