31 49 -52 11 -1 -11 0
29 -31 -22 0
39 -44 4 -11 -38 0
3 42 42 46 54 0
20 -18 -13 0
6 10 45 47 0
46 -13 60 -17 -55 31 -31 45 -6 0
6 -31 11 14 49 50 33 -39 0
35 -60 6 37 46 55 59 20 -9 -8 50 -29 -45 7 22 0
16 -44 38 -7 -29 0
1 -36 7 7 13 17 35 13 38 44 -57 -59 0
42 34 24 -26 38 50 0
10 5 20 51 32 -10 -35 22 -16 5 24 31 39 41 0
12 27 39 1 0
35 -18 -52 44 -22 14 21 4 -20 0
5 11 27 47 16 21 31 28 29 56 24 -44 0
31 47 48 36 -43 -41 26 -16 0
3 19 31 38 38 0
13 13 16 48 53 6 18 43 47 2 5 11 48 40 -9 -11 0
25 -27 9 -38 26 -12 -16 1 25 27 48 0
2 48 29 -13 0
21 -9 -38 16 -19 -27 48 54 60 58 -37 -42 60 -30 -50 0
-7 1
-7 2
-7 3
27 -60 22 -41 -50 45 -39 35 -58 -52 36 37 49 0
33 -42 0
2 15 20 30 57 25 25 52 -13 -46 0
0
3 -16 32 57 10 -32 -35 39 49 50 51 0
25 55 5 39 37 -28 0
28 32 57 40 -24 -43 34 -57 0
23 -30 -35 7 -49 7 43 0
20 31 -3 -50 12 -10 11 39 43 48 0
43 -36 -53 14 42 50 55 58 27 24 -14 0
0
37 3 4 36 53 39 46 51 55 36 -5 -29 0
26 27 51 53 46 0
26 -17 -45 23 29 47 49 0
24 50 -36 52 -55 34 -56 0
7 23 57 -4 24 31 59 34 -16 -13 0
1 7 21 33 0
2 3 29 54 58 0
11 -21 15 -57 -38 0
0
-7 2
-7 3
