7 -48 -42 0
13 21 31 48 0
33 -55 -6 4 38 57 0
23 -21 0
39 39 48 16 -10 16 0
32 -3 2 17 27 31 40 13 -28 0
7 16 43 49 0
35 37 51 26 39 56 28 -38 -24 0
48 -13 -25 3 4 31 41 5 35 0
6 17 35 37 13 -33 -2 9 -7 13 36 0
57 9 24 1 9 15 16 28 10 30 36 45 0
45 -38 -35 5 -24 0
12 -58 -9 3 -6 0
15 46 46 0
5 7 45 51 55 6 40 46 52 53 0
0
16 52 29 42 55 20 -45 2 4 14 20 25 0
12 46 21 48 9 -55 -8 24 -8 0
19 -28 -25 0
51 59 3 20 32 19 -28 21 -52 2 42 59 0
29 -22 -45 2 -58 19 38 34 58 0
0
-7 1
-7 2
-7 3
49 51 55 5 10 11 37 52 7 31 49 56 0
7 8 23 51 0
9 31 1 34 53 12 32 48 49 3 -27 -4 53 -32 -4 0
6 -52 -18 25 -6 10 13 20 48 50 0
9 43 9 -57 0
53 -53 -31 9 19 37 57 0
0
0
25 16 24 0
28 34 45 -10 -40 12 13 15 43 45 10 0
19 -18 -57 10 -12 -54 0
42 58 58 0
25 38 0
27 -42 58 0
50 -43 0
32 -3 0
25 26 46 50 56 40 -21 46 0
14 -17 -13 28 -7 -39 0
3 24 49 58 58 -1 20 -31 58 -11 -19 0
48 54 57 18 -25 59 -30 9 16 19 0
-55 2
-53 3
