15 -29 6 -10 -6 7 -49 -42 3 -18 -2 0
60 0
36 -39 -35 36 -36 -54 2 3 46 52 59 31 -2 0
59 -16 -9 0
19 22 24 27 -7 -59 29 30 58 26 28 31 0
49 -59 0
6 31 53 3 34 41 47 0
6 6 51 -9 12 25 42 49 54 0
9 10 11 51 1 12 18 53 0
5 10 11 24 0
58 -37 -60 5 -55 42 -34 0
52 -55 10 15 19 26 27 55 0
37 41 47 54 20 45 15 15 26 50 58 0
18 29 31 34 29 -30 0
23 -13 -52 15 -44 13 -55 22 32 0
37 44 0
0
13 -11 -45 34 -42 -40 32 -42 -54 21 25 33 51 53 0
0
13 2 28 40 47 50 9 12 17 24 25 -20 -33 0
34 -18 25 27 35 0
60 60 33 -58 -23 0
-3 1
-3 2
-3 3
47 -22 0
7 11 25 40 55 0
9 10 25 4 56 3 12 38 43 0
0
55 -53 0
53 -29 57 -30 23 -30 -19 0
5 -19 52 -15 -59 13 -2 0
39 -55 44 -19 48 -19 -20 11 -6 -42 12 26 30 58 0
42 -31 20 -31 47 -13 -17 20 -59 -50 0
33 41 44 31 -43 48 -1 0
2 5 28 29 47 45 -19 18 -25 0
0
31 -44 -35 4 54 15 26 52 0
30 -6 16 -48 -22 20 -3 -38 0
15 -25 18 22 24 28 50 0
26 -21 -23 50 -44 0
0
29 -57 31 31 38 45 52 0
20 35 47 58 0
52 -26 11 -24 0
-7 2
-7 3
