37 -46 -53 14 -55 26 -56 7 -13 -51 0
41 47 0
38 -16 0
6 8 24 48 60 59 0
10 -5 -41 35 -38 -29 8 -22 0
9 -57 -37 23 -16 46 -4 0
26 -56 -60 0
0
11 14 30 48 56 0
16 -19 -35 7 44 53 -49 0
46 -2 5 12 36 44 57 0
36 45 49 18 45 0
5 26 48 10 -28 -5 34 -48 14 -60 -45 0
29 -54 -50 7 10 25 55 3 24 29 35 44 9 12 13 31 41 44 0
13 18 25 49 56 15 -23 -16 0
37 -42 5 21 37 6 7 8 17 49 37 -15 0
35 44 -41 -53 0
43 -17 0
36 -7 -27 3 6 8 12 40 17 -12 18 23 46 57 0
58 -20 -21 9 36 37 41 51 56 -43 55 -59 44 -18 -26 0
0
5 -36 -37 41 -19 52 -25 2 5 14 19 0
-2 1
-2 2
-2 3
-66 3
-68 2
32 -39 50 20 31 0
25 -42 -7 19 34 40 8 -3 -25 5 12 40 -10 0
43 -23 -9 50 -14 -22 0
35 -21 43 -49 -46 0
48 -27 -27 41 -26 -48 16 18 18 47 53 54 0
36 -44 -34 9 27 45 58 0
0
0
14 -11 28 -37 12 12 21 29 6 18 25 38 60 54 0
0
5 35 22 -18 2 3 16 24 0
9 13 19 25 51 24 -26 -25 0
60 -7 0
9 26 37 40 57 21 58 -56 -58 8 28 47 -24 -24 0
38 -57 -52 0
52 -56 0
22 -39 -24 8 12 43 56 57 35 35 0
1 16 4 52 31 4 28 52 53 4 -55 0
39 42 0
39 60 9 -32 -48 14 -10 6 8 13 55 18 -13 0
-50 2
-53 3
