3 -33 -8 11 22 26 38 7 35 37 46 32 -10 0
2 35 45 53 58 12 0
13 -27 -58 50 -44 -20 44 -20 0
27 47 52 9 36 -44 40 -35 18 34 60 0
0
26 -39 2 23 33 25 -35 0
7 28 36 38 42 48 -30 0
26 -36 2 26 19 23 41 44 31 -5 0
41 -34 20 -9 -52 2 53 55 -35 -49 6 18 30 33 60 0
19 -17 7 8 15 45 53 11 22 8 -32 -44 0
18 21 53 54 59 20 22 31 6 -40 0
35 -42 -48 39 6 7 18 37 48 -16 0
0
14 7 9 18 36 50 34 -10 0
38 -54 0
40 -56 -43 0
34 -25 0
15 45 0
2 -42 -49 40 -40 -18 25 30 59 23 47 52 0
40 -50 41 43 45 47 59 0
11 31 50 2 28 45 46 51 -24 -20 32 -4 6 45 0
52 -32 6 -5 0
-2 1
-2 2
-2 3
17 21 36 0
34 -7 0
0
17 35 38 52 -15 -47 0
28 -59 7 -24 0
4 52 2 43 -48 -2 0
5 23 30 34 52 0
6 53 56 0
0
28 -50 -25 10 -57 0
11 -11 -33 19 -39 0
30 -3 49 -55 -44 9 -15 -14 0
32 -48 10 -44 -47 0
0
6 8 15 47 52 30 30 43 5 22 30 44 2 21 50 58 59 0
3 19 60 10 -53 -38 0
8 58 5 24 34 47 4 18 31 32 -26 -22 0
7 15 15 -9 -4 0
10 12 22 31 34 38 12 16 31 35 56 45 -12 0
16 42 50 52 36 -31 -58 30 -35 -56 0
-2 2
-2 3
