5 -57 -38 19 -18 -50 8 27 31 37 52 5 56 16 -4 -33 0
26 -23 -12 0
3 -33 -33 44 46 56 0
40 -1 -17 0
17 -17 -41 13 -25 -17 4 11 14 53 0
4 25 56 59 17 -29 -13 15 42 59 5 -24 0
3 28 42 47 56 16 35 36 10 55 56 56 27 -53 56 -44 -28 0
4 -16 -26 2 19 27 36 49 0
48 -48 -9 47 -8 -29 3 -36 -31 0
16 38 41 55 0
7 -7 0
34 -58 -25 2 -21 29 38 39 47 56 0
21 -21 23 46 47 52 60 18 -18 -25 0
5 16 24 30 40 25 32 43 46 22 -48 -23 55 -14 0
21 -27 -39 6 -39 10 44 53 54 28 33 0
44 -7 -19 0
0
14 30 45 58 50 -41 -38 0
4 22 41 41 55 33 -31 1 18 35 0
4 12 42 49 14 15 22 32 44 0
0
0
-8 1
-8 2
-8 3
-69 2
59 -33 4 11 35 11 43 60 11 25 33 47 48 0
12 -30 -18 7 28 -38 38 -16 0
1 17 32 37 51 2 60 21 36 42 58 59 16 -43 -45 22 32 41 0
37 -10 -54 55 -15 0
38 -20 6 11 30 35 40 43 -5 -21 0
11 1 3 13 -31 2 -48 -48 51 -42 -7 0
6 -27 0
27 39 58 21 51 55 60 0
28 -15 -6 57 -58 28 -41 -49 0
31 31 40 53 0
41 -5 -58 19 44 53 21 -10 54 -40 -21 37 -30 -51 0
56 -18 0
17 -52 18 21 22 40 56 29 -21 0
42 -13 -47 14 -25 11 -25 0
41 -17 -48 17 -32 19 30 0
21 -11 0
49 -47 19 0
51 -8 -39 29 -52 60 -36 -30 6 11 14 0
5 0
39 -36 14 -37 -9 7 9 28 41 42 6 30 37 52 60 0
-25 2
-25 3
