5 -59 -34 18 48 0
27 -12 16 -46 8 17 47 58 0
53 -22 23 11 -41 51 -47 -53 34 48 50 0
9 -35 31 35 23 -3 -48 37 -20 -14 0
12 17 45 49 0
58 53 1 -44 0
17 -44 50 -35 0
11 12 43 53 0
32 34 36 60 31 -45 -30 0
48 -21 54 -14 0
44 52 50 -7 0
56 -39 -14 4 29 52 3 21 22 28 42 47 -13 -55 24 24 30 31 0
35 -27 -28 26 -14 -13 0
14 -57 -5 0
14 35 47 9 37 42 44 59 0
25 -39 41 -8 20 21 33 49 13 25 49 0
18 2 -51 10 -17 2 7 39 0
25 -1 42 -60 -38 0
12 18 45 24 54 39 56 0
19 21 38 44 45 -46 30 32 35 -10 -16 0
0
29 -21 0
-5 1
-5 2
-5 3
49 0
17 -20 -26 23 -33 12 15 26 39 60 0
51 -34 14 -19 12 22 30 54 59 5 -22 0
0
19 -17 7 27 31 57 2 -42 49 -28 0
35 -22 -26 25 -48 20 29 44 48 0
28 58 24 -29 -48 0
5 -24 -15 56 -49 1 3 4 9 48 60 0
11 -43 -48 9 14 31 38 58 24 4 39 0
42 -6 0
19 26 -23 -55 10 14 36 0
10 39 45 53 2 6 -23 15 -7 0
11 60 5 0
2 5 38 46 0
21 46 58 0
27 35 59 0
35 -46 40 15 -23 25 -39 -9 0
14 21 46 55 -10 -30 47 -57 -4 17 -52 6 11 17 0
2 14 35 39 57 60 -50 9 14 14 39 44 0
16 50 31 13 49 12 -57 -60 47 -33 -10 0
-52 2
-48 3
