58 0
1 38 30 -47 -16 37 -46 0
0
20 28 24 -50 0
23 28 39 43 51 2 18 -25 -20 46 -29 44 -26 -54 0
23 28 -31 22 49 7 -43 -46 0
41 59 41 37 -6 -32 0
50 -10 -52 0
54 -36 -59 22 -10 -52 5 6 12 42 54 41 -8 -16 48 -4 -3 0
39 -39 -27 31 -53 -9 3 28 38 51 3 10 17 25 58 0
22 47 0
13 19 37 56 0
53 0
33 -13 9 33 37 8 0
37 -9 0
4 21 43 44 32 -1 17 0
7 -59 36 60 0
50 -18 -45 38 41 45 18 40 59 0
35 -17 -53 11 -2 2 12 56 11 -33 0
58 -9 -47 31 -47 54 -44 0
24 27 45 53 15 19 36 54 57 57 -25 0
13 22 50 7 38 -57 0
-13 1
-13 2
-13 3
22 35 40 52 15 49 0
35 -27 49 -52 -37 59 -24 0
27 -44 -15 0
57 10 -22 11 16 35 49 0
45 1 -19 -29 0
10 14 42 -47 8 -21 -47 0
19 -37 0
52 60 24 -49 -59 31 -35 -28 0
60 -9 15 -4 -23 55 -55 25 -21 -14 0
13 24 57 44 -59 23 -57 0
38 -4 16 -52 18 -33 -16 0
30 -29 13 -32 40 -10 18 40 56 0
11 26 28 26 41 14 -39 -10 0
47 -45 -47 0
25 0
42 -41 -28 18 26 17 48 0
7 -58 -21 0
21 39 49 59 16 -47 -2 43 -23 -28 30 -52 -47 0
32 -46 50 -27 0
2 -46 23 -56 -58 0
-50 2
-52 3
