6 7 13 15 23 3 -38 -12 0
4 21 9 55 56 11 31 -44 0
1 17 35 48 51 31 0
32 -17 0
0
10 19 30 47 0
23 38 48 48 11 26 33 38 55 29 42 47 53 47 58 -34 -16 0
29 -26 -36 22 -53 -31 2 -44 -34 22 -22 11 17 52 53 0
11 -56 -11 0
39 -43 7 18 22 39 54 28 -44 0
47 -20 -18 37 -59 -40 38 -39 -27 0
40 -16 0
19 -20 -3 32 -22 41 -31 11 25 16 -44 0
12 -21 47 -26 37 41 7 9 43 60 0
0
10 37 44 50 -27 -30 24 -9 0
17 20 24 43 1 1 5 22 28 0
26 -23 -44 47 -32 -27 6 14 20 21 34 0
5 -58 -49 15 -9 9 43 0
25 -60 17 26 29 46 58 15 -48 -17 23 -39 0
23 1 16 34 57 0
57 -57 -43 53 0
-7 1
-7 2
-7 3
28 -20 -34 26 -40 8 29 41 0
7 -16 -35 0
23 59 0
2 32 11 33 43 57 57 5 9 51 53 18 -48 -29 0
55 37 -49 54 -20 -24 0
37 -39 -34 6 -51 -40 0
18 -47 6 29 45 53 30 -4 0
17 41 51 0
1 15 50 59 45 -37 -36 11 -44 0
46 -37 12 14 16 20 51 54 8 12 17 20 45 29 31 40 41 42 0
15 57 0
11 12 47 60 23 48 60 12 43 16 -42 0
30 -23 -38 57 -53 -19 27 -23 -22 0
21 -16 -22 35 -33 -9 31 -2 -52 0
2 -37 -26 29 -50 5 -44 -5 0
10 -33 30 -44 -23 7 -25 -40 5 -59 0
56 -44 0
42 26 -10 47 -19 -17 0
55 -53 0
28 -60 -2 23 -5 -56 0
-26 2
-26 3
