29 -9 25 -51 2 5 11 21 21 -37 -27 14 42 49 58 0
12 37 4 7 34 44 60 0
23 25 45 10 22 0
5 13 16 37 59 0
15 59 -58 12 35 35 46 48 0
11 18 56 10 34 41 46 0
45 -31 33 -23 45 -31 -51 0
10 11 18 50 -22 -54 21 31 45 51 0
21 29 41 54 0
54 -53 -12 52 -25 -18 60 -21 -42 32 -37 41 -52 0
25 -60 -29 54 -39 -51 39 -40 12 43 58 60 0
59 -14 6 -45 -44 12 27 30 0
54 -31 0
12 11 0
49 51 58 12 18 23 41 48 49 -14 9 21 25 32 41 0
45 -43 26 0
25 -21 6 -5 21 28 53 60 17 22 42 52 0
5 18 23 30 53 1 3 21 30 52 0
33 46 55 59 17 -34 55 -20 -24 0
6 8 25 40 59 50 -32 6 -55 0
17 38 55 -36 0
10 15 17 -57 -5 19 -42 47 -21 0
-19 1
-19 2
-19 3
57 -10 -12 23 -49 56 -39 16 17 42 45 59 56 -26 0
38 47 53 56 24 0
23 41 3 -28 5 42 58 28 44 0
8 -4 -57 16 37 3 15 40 51 -59 -27 0
26 -49 0
58 -31 4 0
11 17 24 36 59 56 0
19 -44 54 -3 43 -43 -55 1 13 33 38 42 0
10 -54 -6 52 54 59 57 -22 4 6 10 0
32 -14 -28 16 -54 -37 0
16 -53 -23 12 29 29 31 60 0
6 -5 -48 14 0
51 -1 0
5 20 38 43 18 4 6 40 40 44 56 -26 9 -51 0
5 14 21 22 0
12 -42 -17 20 -41 -25 4 8 48 56 0
19 20 28 36 8 35 47 0
13 23 42 50 -34 0
28 -25 10 -44 -6 3 23 34 0
2 4 16 28 37 0
-51 2
-50 3
