37 -40 -42 0
18 -48 30 16 20 29 43 53 15 27 31 32 0
10 19 40 41 56 15 45 49 36 -30 -8 0
2 2 3 51 8 -7 -42 28 -27 -7 0
31 -38 -16 26 -10 -58 7 21 30 46 0
34 -33 -49 0
18 49 60 0
57 -18 -46 13 -8 57 26 -21 3 6 19 22 22 0
5 6 19 37 60 21 10 -17 23 25 30 40 55 0
7 -25 37 -26 0
29 -2 29 47 59 -8 47 -55 -55 0
4 11 33 60 1 -31 10 11 23 33 51 0
19 49 40 -59 -35 0
2 21 37 -53 0
18 14 -3 0
30 -33 -34 0
41 -5 0
6 7 14 19 29 -33 -54 0
19 32 32 42 60 14 19 24 42 0
35 -3 -44 3 55 35 -60 -53 5 47 0
4 11 16 60 60 48 -48 -17 10 -10 0
59 -33 0
-8 1
-8 2
-8 3
-68 3
27 52 5 6 43 44 49 29 -12 -23 48 -16 52 -47 0
30 49 26 -40 9 -24 -31 25 -10 -54 0
0
49 -9 56 -4 0
43 -46 -22 1 5 52 58 12 0
4 39 47 54 57 34 -10 -20 41 -6 26 0
9 14 55 58 4 6 30 41 49 0
4 -39 0
24 -41 -12 4 -19 0
39 47 55 0
18 39 58 9 10 12 57 3 32 14 -36 0
7 -43 -15 12 0
48 -14 -56 3 -20 40 -11 17 -5 21 -24 0
3 4 13 19 57 0
24 -10 3 -20 -16 15 31 45 55 28 -37 20 35 38 48 58 0
5 48 32 -20 0
57 -22 9 29 30 42 53 0
6 -27 16 33 36 51 28 -9 0
0
25 36 37 6 13 40 40 42 0
-47 2
-56 3
