18 45 -1 -48 30 -47 20 23 37 42 0
18 37 52 53 49 -36 0
17 -36 28 -14 32 -33 5 -38 12 -6 0
0
30 -13 0
6 23 59 0
23 25 26 28 46 0
27 30 32 34 37 22 32 10 24 31 46 48 17 -48 -35 0
28 -53 16 -1 0
0
10 -50 2 16 31 49 50 0
20 -45 6 13 16 -31 -2 55 0
1 -11 20 19 36 44 56 0
51 44 -52 -54 21 0
34 -13 -52 34 -24 -29 23 -57 9 20 52 59 26 39 42 45 0
10 -20 -7 13 -48 8 37 22 -19 -15 4 -16 -43 0
35 -42 25 -53 -32 0
3 42 50 14 15 56 57 -1 0
59 -42 -5 5 32 36 57 60 30 -28 -43 21 24 0
1 16 25 26 10 19 24 24 40 0
51 21 60 51 -30 -43 0
19 -29 -10 0
-6 1
-6 2
-6 3
-66 3
44 -14 0
48 -45 -4 28 32 59 56 -20 5 -41 0
14 15 44 0
58 -46 -1 4 28 39 47 0
5 -48 16 -44 -38 14 5 17 33 36 50 0
0
8 27 31 0
0
18 35 21 53 -23 7 28 57 30 0
30 41 54 12 26 -3 0
0
47 -57 -42 3 3 19 31 51 8 16 27 55 0
26 41 58 35 -44 7 46 10 -24 0
51 -52 -44 3 -18 -2 0
24 -11 -18 16 36 49 51 1 6 47 48 18 42 57 0
16 -26 -14 25 -53 -42 7 10 23 46 28 48 26 35 37 0
12 -22 25 31 43 13 -58 -4 17 -17 -41 0
53 -39 21 29 43 45 45 26 43 52 40 54 0
4 -18 -47 52 -6 19 20 39 5 -11 -35 53 -12 -16 0
1 22 31 56 27 -30 34 -27 4 10 28 41 48 58 -50 0
-10 2
-10 3
