29 -50 -27 24 44 48 0
34 19 -7 5 12 52 58 -33 0
38 22 -29 -50 0
52 -7 -54 3 13 33 -15 -51 40 -6 -49 0
19 32 -17 -32 0
24 -46 43 20 -9 -12 3 18 0
28 -28 -39 0
7 27 58 56 -58 0
20 -15 -56 0
11 18 32 3 -55 59 -60 -3 17 15 25 38 57 0
23 -7 3 6 7 35 56 0
18 -4 23 -31 -42 0
0
45 -38 -37 45 -16 8 10 -41 -9 6 -9 -6 0
58 -39 -20 36 44 0
1 4 59 46 -22 -5 0
29 -44 -21 20 30 32 2 13 34 42 0
37 6 51 52 54 60 7 13 17 42 0
0
8 11 14 28 46 -18 -23 31 -19 11 28 41 19 28 54 55 0
58 -30 -30 8 -30 -17 0
40 43 35 -51 44 -35 26 35 0
-8 1
-8 2
-8 3
8 35 36 8 38 -12 15 -50 0
59 -4 -31 2 13 44 44 21 51 -37 -1 8 -24 -49 0
47 -8 -48 51 -13 0
0
1 15 24 30 50 24 -43 -41 55 -7 -23 45 -50 -14 18 60 0
7 -21 9 -52 -16 3 15 20 43 52 0
21 43 47 48 49 0
31 -53 -38 18 -4 0
21 -35 -46 0
23 -53 47 -57 1 32 27 -27 0
4 7 28 29 52 0
16 18 37 51 0
7 -40 -46 0
42 -16 -13 60 -34 -32 0
20 -40 -24 30 34 35 35 16 42 51 18 20 32 47 0
8 37 46 0
31 -36 -14 48 -21 -5 3 5 59 18 -3 -17 22 37 48 0
7 18 44 55 50 -15 13 -38 0
51 -49 -30 13 -40 -20 40 -23 -13 0
44 -6 9 -39 -57 38 59 0
-9 2
-9 3
