45 -30 0
0
0
24 -53 7 11 40 46 46 1 33 50 4 -22 0
0
14 -44 55 -53 44 45 10 -15 -41 0
8 16 28 59 33 60 19 -51 -15 55 0
3 -47 51 -10 -47 25 -22 -53 29 32 51 0
6 31 44 46 58 47 -20 -54 0
8 8 11 12 27 28 36 38 41 0
16 -50 -12 19 33 40 0
28 -46 42 -22 -23 6 15 23 46 23 -35 0
55 -10 39 -19 -43 5 29 35 44 51 6 -33 0
29 -53 -26 8 24 27 27 52 1 50 51 52 0
1 38 38 52 11 34 50 16 51 -24 0
1 5 35 52 45 -17 -16 0
13 24 53 55 0
47 -40 -48 38 -57 9 15 17 23 5 14 17 37 32 -18 0
29 -41 30 -20 -12 0
4 8 44 51 23 -43 -36 45 -36 -38 55 -43 -29 0
12 -35 -17 34 -56 -26 7 17 17 37 37 0
10 -15 -20 0
-2 1
-2 2
-2 3
-69 2
13 21 40 47 22 45 47 15 -15 53 -4 -6 0
21 33 46 0
52 -24 -52 24 28 40 42 53 0
23 -38 -2 40 51 6 26 26 -1 0
28 46 4 38 41 49 0
6 50 0
14 15 43 12 25 28 0
38 -29 0
11 -11 -8 3 -3 -59 0
11 -58 11 -51 35 0
10 14 23 35 37 31 -29 -57 0
26 -52 -32 18 -35 5 13 20 57 52 0
28 32 34 42 60 3 4 11 17 57 0
20 0
58 -13 3 5 10 43 49 0
60 24 59 15 19 39 46 51 45 -30 -39 0
43 -34 3 5 13 60 21 -13 46 0
11 14 48 52 55 0
20 41 50 38 -55 -60 41 52 58 37 40 0
16 58 53 0
-2 2
-2 3
