36 44 54 0
26 -17 -52 0
6 42 58 3 24 25 34 38 25 -49 0
3 -20 -22 37 -23 0
12 14 0
11 -41 -39 26 33 8 -45 0
11 32 59 28 -46 35 -5 -17 11 20 0
15 31 40 43 0
42 -23 48 -46 0
30 -36 10 30 50 0
15 -34 -36 53 -13 0
43 -38 -27 17 37 44 52 0
5 20 25 39 49 -9 -9 27 -14 -7 0
23 28 50 37 -15 9 46 26 0
14 -22 -37 1 3 5 27 57 29 -29 0
0
4 -60 19 -14 36 0
6 11 1 32 21 30 34 38 40 -8 0
21 -18 -3 13 24 27 35 40 42 0
55 0
0
11 24 43 57 21 -43 29 -6 0
-2 1
-2 2
-2 3
8 28 29 60 39 49 0
3 11 22 36 57 0
4 13 41 42 -39 -4 1 11 48 54 55 0
3 33 42 0
51 -15 53 -57 -54 39 -53 0
28 32 21 -16 -18 0
6 15 34 43 18 41 60 0
51 -11 0
45 -36 15 -59 -51 0
54 -26 60 -39 15 20 60 0
40 -56 16 -20 0
7 17 23 44 46 0
1 -32 58 -4 1 -60 0
0
33 -21 -27 53 -6 -7 37 -21 56 -58 0
7 -55 32 -45 -19 0
23 -34 0
12 16 33 -32 -15 52 -51 -44 26 -49 0
18 31 36 60 0
58 -53 44 -30 -34 1 4 12 0
-2 2
-2 3
