26 27 38 47 21 28 36 -34 -34 0
12 -24 -52 51 -24 -34 0
23 23 37 46 -57 2 3 33 46 47 0
17 -25 -19 45 -40 -14 10 39 5 -17 0
5 48 0
2 17 27 2 40 0
25 38 44 49 11 0
35 -8 -46 24 -15 -42 35 -18 -47 4 33 33 51 0
1 29 6 10 11 45 50 30 -34 36 50 0
19 32 18 -20 0
27 -13 -59 2 -36 -33 0
16 22 56 56 -52 14 46 56 60 0
7 -53 -5 53 -39 -24 13 -49 -20 28 -52 -37 59 -11 -36 0
22 -41 10 -25 7 29 46 47 13 54 1 6 13 40 48 0
53 -42 35 14 22 40 55 57 49 -4 0
32 36 44 44 0
9 57 31 -14 -48 27 -25 3 29 31 0
26 -38 -29 40 -29 0
11 47 0
14 -9 31 -35 -1 0
27 -58 -43 30 -48 -9 18 20 33 55 3 -25 -52 0
0
-7 1
-7 2
-7 3
-69 3
8 56 29 31 40 43 6 33 35 56 -43 -28 50 -46 -22 0
33 -2 -28 3 -51 -28 29 -23 8 -12 -12 0
25 -1 18 -48 -59 15 48 56 47 0
5 -45 -47 55 -25 -25 10 36 41 55 0
32 22 -25 -4 12 19 37 59 31 38 54 0
12 -39 13 52 28 -31 0
14 35 39 43 0
22 -17 -10 18 -3 24 -18 14 -13 48 -19 -8 0
20 -36 0
21 0
24 -7 -58 0
44 -9 -3 1 9 33 45 60 18 42 -8 -55 0
41 36 -25 24 49 52 55 0
0
27 -4 40 53 15 33 35 55 29 -27 54 -30 -40 0
16 -47 -52 33 0
23 0
47 -35 -31 38 -27 -53 25 0
19 -9 21 -54 0
42 -29 -7 51 -46 -27 1 -7 -2 53 -40 50 -1 -15 0
-52 2
-47 3
