12 -48 -46 13 23 33 0
44 -26 -60 42 22 -7 23 -7 0
43 -8 0
40 -35 -57 13 23 29 53 0
46 55 15 -37 37 48 52 57 20 22 24 41 44 0
4 4 1 -55 -56 0
7 -6 -49 17 23 35 44 17 -42 3 11 3 6 30 0
59 -60 -24 41 5 -18 19 23 0
37 39 39 37 -47 23 25 41 6 -12 0
51 -53 34 -12 60 -12 -45 5 14 16 56 0
1 -50 5 36 0
30 35 39 57 53 -10 47 30 52 10 29 40 0
39 -30 -43 16 49 52 11 -3 -41 0
23 -31 26 -14 -17 56 -51 -48 28 -46 -43 50 -26 -54 0
55 23 -44 18 20 32 37 -1 -52 0
36 27 20 -57 -5 60 -3 0
16 47 47 47 55 40 -2 -43 49 -28 55 -20 -5 0
4 6 7 17 57 17 -40 -25 0
12 -34 6 28 38 39 55 22 5 23 46 57 0
20 28 33 43 38 47 0
11 -51 38 -52 -26 52 -29 -30 26 -29 -39 48 -44 0
37 24 32 38 37 -19 46 -7 -47 60 0
-2 1
-2 2
-2 3
38 41 43 0
25 -17 -58 28 33 36 0
3 17 30 47 23 -41 32 -35 -16 0
0
60 -34 -27 11 -7 -55 0
57 -1 13 32 52 57 37 0
9 20 29 22 -51 -7 36 -38 0
34 50 0
16 53 12 36 41 10 17 21 46 0
1 6 9 37 15 -18 -1 0
15 50 0
45 -50 10 -27 -29 41 -43 -35 3 -59 0
11 -19 7 27 37 43 12 40 46 10 17 44 55 0
0
48 -31 0
0
15 23 37 60 57 -22 -57 0
6 15 33 35 37 0
39 -16 18 37 53 4 4 33 58 60 5 16 44 0
56 -23 0
-2 2
-2 3
