26 -47 -20 11 -18 48 -42 -25 33 0
33 47 53 55 -18 -42 11 -48 0
0
54 60 0
3 45 -4 47 -9 -59 0
3 39 47 50 15 28 33 49 -49 3 0
39 -20 30 38 0
1 39 47 36 43 57 13 -14 0
37 32 34 60 0
30 -50 -13 42 -11 -24 0
42 -60 -14 43 -25 -21 8 32 60 0
43 11 -21 2 7 15 37 56 0
46 38 -5 -7 38 -10 32 -49 0
27 50 0
10 16 14 36 40 0
36 19 28 34 47 48 26 44 53 -36 0
17 -9 19 27 55 52 -2 7 -30 0
41 46 55 1 9 18 6 6 39 51 55 35 45 58 60 0
16 60 23 -19 6 16 37 51 43 -39 -12 34 -27 -33 0
27 -8 -32 0
2 -4 4 -44 -6 6 16 48 14 46 50 52 0
15 23 8 -39 -56 0
-4 1
-4 2
-4 3
25 -51 0
16 47 0
18 -49 17 -60 42 0
30 48 51 -20 -60 37 -50 4 -14 -20 6 -51 -25 0
12 17 20 33 37 14 19 21 0
0
52 -41 -46 22 33 40 23 -11 43 -45 -33 0
3 13 29 0
37 -27 -46 1 -57 6 -54 6 12 19 21 50 48 -55 0
23 -2 -36 0
32 -42 17 -2 29 40 41 53 54 0
26 -16 51 59 -21 0
30 44 51 53 58 50 0
42 -34 9 58 42 -24 0
7 10 55 19 -56 -38 0
37 0
1 -1 13 -9 -17 53 -49 -18 14 28 0
26 53 -41 -59 5 28 5 22 55 26 -31 0
36 -5 -57 0
20 22 42 23 33 47 48 50 12 -31 0
-53 2
-48 3
