6 25 37 0
45 58 -36 -28 24 -19 -21 0
4 -39 -16 0
31 58 55 -51 0
6 11 14 20 52 9 -19 54 -30 10 26 27 39 60 0
10 13 22 0
35 -24 33 -31 -36 3 7 8 14 29 20 22 28 35 9 20 25 0
10 20 28 33 41 3 4 14 24 0
34 51 11 18 30 42 42 32 50 36 59 0
19 -52 17 42 31 -8 -9 0
4 14 29 57 53 -22 -24 43 -34 42 -40 -46 0
0
36 -34 0
40 42 52 -44 0
44 -31 -39 13 16 24 33 39 43 20 -8 0
2 33 54 56 23 -53 -41 0
41 -18 -32 23 -9 2 11 25 0
40 37 -38 -33 15 -39 13 59 0
43 43 54 59 58 -55 50 29 -48 30 40 47 56 0
20 55 60 1 30 21 -58 33 -57 -1 48 -41 -46 0
17 -37 0
42 -7 48 33 57 60 0
-4 1
-4 2
-4 3
58 52 -53 14 -3 -10 15 54 0
38 -31 16 -25 -38 33 -1 -24 12 12 0
51 18 23 52 54 56 -17 -29 0
3 -13 -57 38 -59 0
9 13 41 6 -16 35 -50 -38 5 -14 -26 28 -23 0
12 -40 53 -44 -28 16 -7 -3 32 -21 -18 0
13 -7 20 -58 -39 0
1 11 26 44 41 -59 -12 0
37 41 45 46 47 0
56 -15 0
19 -34 -5 34 49 14 -59 -1 0
13 0
43 46 11 17 19 22 31 0
17 -52 1 -34 -33 60 -48 -35 46 -41 21 0
58 -35 0
15 0
12 59 43 52 0
0
52 -18 25 31 38 55 24 30 49 0
54 -48 -39 1 -12 -10 31 -41 0
-48 2
-51 3
