6 24 27 30 39 55 -55 46 42 -16 8 24 46 58 0
50 -27 55 -12 -52 24 52 9 32 48 50 4 -41 -1 0
7 -35 -56 33 -50 39 7 -4 -20 0
11 20 24 43 58 38 -47 0
3 -48 -7 5 15 16 38 51 0
25 31 -45 -28 0
39 33 -36 -33 1 -39 0
36 0
36 -46 -30 25 -2 0
1 21 30 50 0
27 -16 0
22 -54 0
18 53 45 -1 60 -11 0
53 -47 -46 0
15 -23 -1 38 -43 -42 23 -40 0
37 -31 51 -52 -37 29 -4 -44 41 -53 -4 0
7 -56 -8 8 12 37 40 2 -10 22 28 39 54 55 0
11 -51 -46 40 -10 -51 0
51 -60 -28 0
16 -36 -50 32 -10 -19 47 -11 -39 0
12 34 8 -1 -44 1 59 0
3 -10 51 -52 -50 48 0
-3 1
-3 2
-3 3
-67 3
56 -49 -47 32 43 53 -55 -41 18 -27 16 -7 0
22 -26 -13 0
40 -12 -37 52 -41 -3 4 -59 0
46 46 47 51 54 2 56 39 -56 0
44 -20 -13 51 54 23 -7 5 -56 -37 14 -1 -23 0
0
49 0
1 14 44 56 6 34 40 13 13 36 51 52 53 10 0
53 -46 39 -25 22 -58 0
0
30 -35 0
8 -46 3 19 31 42 46 43 -49 -21 4 41 46 0
1 -57 -21 42 -40 -26 13 -9 -56 34 -33 -31 0
1 -28 -6 0
1 20 26 47 16 24 31 48 55 10 -16 -55 54 -25 8 -22 0
2 0
0
15 19 50 -35 12 18 19 56 0
21 34 4 -33 48 -31 -8 44 -42 35 0
46 -11 -6 0
-50 2
-49 3
