26 32 36 42 47 0
4 25 31 36 13 14 44 58 -52 0
48 -51 49 -37 60 -48 19 -41 6 24 36 0
39 -52 -53 30 32 49 51 17 18 25 35 49 3 4 8 24 0
23 25 43 1 3 6 6 24 0
28 29 36 -42 -36 7 13 -26 0
34 4 -41 15 -57 0
19 29 32 41 -58 -27 0
8 19 28 54 12 13 13 15 38 0
42 -6 0
23 -28 55 -40 0
0
18 -52 3 14 17 19 49 39 -13 -24 19 -50 39 -41 -35 0
7 27 53 0
13 -17 30 -4 -37 9 -35 -15 18 -21 0
18 21 23 41 23 24 53 42 -58 4 -41 -16 0
52 -8 -26 3 -59 -1 0
58 -45 -54 0
26 -41 26 39 43 57 60 47 -39 -33 0
31 -5 -6 13 38 56 57 0
50 -13 10 42 0
49 -32 -29 27 -20 -9 0
-2 1
-2 2
-2 3
37 41 21 34 35 36 11 26 31 32 40 0
36 -45 -3 9 0
44 0
0
24 -49 -40 0
13 45 46 47 57 55 -11 -5 0
17 -37 56 -59 -7 0
24 33 52 32 -29 -46 11 42 0
0
12 17 29 44 60 6 10 9 14 35 39 41 9 12 -12 -35 0
40 44 55 56 60 14 24 38 45 4 -57 0
15 17 44 57 1 25 45 28 -3 -25 3 10 11 15 49 10 0
49 -3 -18 2 -13 0
34 -60 -51 54 -15 57 -9 0
3 38 0
51 -36 -54 44 -26 -1 42 -21 0
30 -47 -56 10 24 26 53 48 -31 0
8 -43 6 28 38 4 -35 -54 34 -47 -21 0
48 0
7 22 24 36 40 0
-4 2
-4 3
