11 -11 42 20 -37 16 30 59 0
11 -50 22 -21 40 -18 0
40 49 0
30 41 -55 -19 0
38 40 44 47 2 11 23 -32 56 -5 -5 0
36 -18 0
5 7 8 13 3 4 40 46 45 -21 -44 22 -44 7 54 0
40 -1 -46 22 47 49 56 -18 0
45 -41 -31 54 -5 29 -24 15 -33 -28 9 -8 -16 0
59 -14 8 26 46 51 14 -10 32 -19 -28 0
55 -60 1 -8 -18 0
1 -45 -57 13 -21 49 -31 -42 0
42 -25 -22 22 39 45 45 45 0
0
2 -5 47 25 -44 40 -29 -53 0
22 22 -50 -3 0
11 -30 -33 32 -49 -52 32 -43 -4 59 -15 0
30 47 -32 38 48 0
12 30 42 47 50 0
4 8 9 12 21 43 -6 -22 21 -41 -12 28 -26 -5 0
15 49 3 -34 0
15 -51 -58 59 -22 3 7 26 45 0
-5 1
-5 2
-5 3
-69 3
9 10 38 55 29 52 1 -40 -38 0
1 3 30 0
4 55 9 18 38 42 52 9 24 37 2 6 42 45 48 0
16 -32 -27 0
59 -40 -1 9 33 35 51 6 29 40 0
56 -30 -56 54 58 0
33 34 40 41 43 0
14 -48 -47 30 -11 15 42 46 47 53 51 -56 -44 10 36 38 52 54 0
18 -5 -24 13 16 0
17 -57 0
60 -44 0
34 -38 2 27 5 23 28 58 44 -1 -37 18 19 26 27 43 0
11 37 40 60 -18 0
0
57 -16 0
12 33 13 27 -58 -55 38 -14 -18 0
10 30 32 33 52 27 41 42 45 5 -44 -31 50 -50 0
3 5 29 43 5 7 29 0
54 -46 -14 0
48 -28 -50 46 -58 -16 0
-30 2
-30 3
