47 0
7 24 33 0
11 14 35 12 -49 -59 27 48 53 0
2 -11 18 -34 -19 38 -10 -40 0
28 37 41 47 0
3 12 32 38 57 32 -56 56 -33 27 -38 -23 0
49 49 26 31 32 60 -1 -52 0
43 -32 -10 0
9 12 18 36 47 10 8 13 29 36 54 9 -53 -26 36 58 0
26 39 53 31 -39 -44 0
11 -57 0
4 -35 14 -35 -19 54 -16 19 -30 -11 0
13 16 22 41 15 23 29 34 50 32 -58 26 32 32 40 47 53 -18 -23 0
8 14 24 42 58 53 -53 -48 34 56 0
5 27 32 54 5 38 28 35 43 29 -47 0
6 19 29 45 58 0
22 0
31 15 -9 9 -27 -25 26 -19 -10 0
2 8 11 37 60 46 -12 -4 56 -7 -26 26 -13 27 0
29 -25 -21 1 -44 0
18 -57 40 -7 0
26 12 25 59 60 0
-16 1
-16 2
-16 3
34 -3 30 -5 -5 0
7 40 43 46 54 56 -41 -39 13 17 27 60 18 23 29 30 32 8 14 20 55 0
4 16 18 35 16 17 0
48 -13 -45 4 20 38 44 59 58 -31 11 27 53 0
49 -45 -43 0
21 -22 29 52 54 0
18 0
51 -3 -34 16 33 36 0
12 -37 -6 0
29 43 -52 31 32 41 -3 0
28 38 52 55 60 8 36 40 58 24 -3 -23 18 -15 0
1 -56 -23 34 -11 15 31 42 45 55 0
36 -59 -25 15 -33 -9 52 -35 44 51 53 2 -22 0
31 54 58 25 -27 -24 0
38 -50 44 -28 26 21 -1 0
14 -37 13 23 26 35 40 0
54 -20 17 32 51 0
21 23 30 33 51 0
32 -4 -24 11 0
16 15 17 33 52 59 25 -25 -60 1 2 31 34 42 -16 0
-55 2
-55 3
