9 23 36 -53 12 -29 -56 4 29 50 58 0
43 -31 -57 9 -54 27 -58 4 47 42 0
32 34 46 0
43 -23 2 6 8 43 55 -53 -19 1 12 15 0
0
0
1 -11 -10 0
54 24 -36 -52 0
5 36 -40 -57 49 -53 29 7 -37 0
10 35 55 0
56 -37 0
14 -32 10 -49 11 22 32 36 36 0
59 -11 1 -30 -7 0
7 -58 16 34 38 42 52 54 -23 -5 0
49 -8 17 20 52 0
8 17 58 52 -60 -44 31 -48 -59 13 37 58 0
23 32 16 -41 -17 19 0
39 -56 30 -56 -38 7 54 0
56 13 -37 -6 42 57 57 18 -42 36 -33 -49 0
51 -39 44 50 18 -36 0
2 10 25 45 55 7 -26 0
3 13 17 25 19 40 59 14 -36 -51 0
-20 1
-20 2
-20 3
-66 2
3 39 26 27 36 3 -11 -2 42 -37 -31 12 -19 -43 0
4 -13 -30 10 -50 -21 0
9 33 37 59 0
50 -31 12 -5 0
9 -41 31 -14 12 -18 -41 40 -5 0
0
13 28 46 50 0
11 14 49 0
36 41 58 59 2 -34 -13 47 52 58 29 -39 0
36 -10 -23 27 35 48 53 56 0
16 20 40 54 58 32 15 28 48 49 13 -24 41 -7 -20 0
3 -37 24 41 44 12 -2 -42 0
25 -56 -6 34 -44 -30 52 -34 9 31 42 48 0
9 20 46 21 1 31 35 47 0
40 -48 6 -52 0
18 -5 -31 4 9 24 51 56 36 38 51 0
31 34 34 40 17 28 45 21 34 27 43 0
14 38 59 0
2 30 36 53 57 27 -30 -58 0
10 -20 -22 26 -32 -6 1 -28 32 -31 -45 0
-47 2
-52 3
