6 59 59 60 22 -20 -9 49 -30 -20 21 28 41 50 56 0
33 -30 5 -34 0
30 31 54 2 -57 -36 33 -23 0
46 -51 -31 39 -36 -15 21 0
47 -53 -13 9 -5 -31 32 40 52 0
46 -43 -40 40 -15 -4 19 21 48 56 3 11 47 0
0
27 -60 -7 1 -50 31 -13 -59 0
50 -44 28 -42 0
9 18 18 24 59 29 32 35 49 1 23 43 59 2 -8 -53 0
1 33 56 60 59 -34 -54 30 4 0
12 20 29 49 49 -25 -31 0
12 -29 8 32 57 -10 26 -8 0
14 -56 -56 11 37 54 0
20 -20 -55 39 -34 -8 0
28 -39 11 -31 0
6 46 50 54 56 -51 -56 0
4 -38 -41 51 -3 -52 1 20 21 42 0
30 -30 -28 9 28 46 50 24 -31 8 -11 33 -23 0
21 28 24 -9 -44 24 -25 -16 0
7 9 21 29 15 26 60 50 -13 0
26 -15 -36 26 -39 60 -56 -45 0
-12 1
-12 2
-12 3
-69 3
56 24 12 -58 -42 9 13 16 17 38 11 15 29 41 42 0
12 22 36 47 58 17 21 39 56 12 -44 0
32 -60 -16 0
1 -32 0
20 26 30 40 48 11 27 48 51 56 -3 0
12 25 25 45 4 35 11 35 49 0
42 46 56 -3 35 11 23 20 -10 -46 0
20 -7 -35 50 60 60 6 8 23 23 29 41 -49 -37 0
2 15 40 58 20 20 -9 60 0
16 28 50 22 29 54 0
28 -51 11 15 32 12 32 54 26 39 50 0
5 -16 -10 15 -55 -55 9 -39 9 10 45 8 -23 -34 0
16 -51 -26 46 -56 10 33 35 43 53 23 -12 21 -27 0
45 -24 7 -34 25 -60 13 -59 0
18 20 32 58 57 -38 -43 0
16 -9 -3 55 -3 -50 0
0
51 -57 2 17 54 0
5 16 55 56 49 -56 56 -11 21 -37 7 9 30 0
0
-50 2
-54 3
