8 14 39 45 58 1 14 27 36 59 0
7 3 -28 -52 3 27 39 43 29 -10 0
15 23 26 49 17 -25 -34 0
12 -36 -13 48 -26 -8 0
29 -21 9 -38 -55 40 -29 12 12 59 48 -36 0
6 59 6 59 0
13 -58 -54 17 -26 54 -10 0
35 -46 -22 19 0
0
13 13 48 49 60 17 -19 24 -34 0
51 -2 -5 18 -56 0
0
12 15 25 8 23 12 -54 0
46 -38 -12 51 -18 32 -58 0
26 -46 25 -48 -50 1 5 17 10 -28 -15 0
14 16 49 13 59 19 21 49 0
43 -43 16 -56 -50 7 -38 44 52 52 53 -56 0
24 -4 7 25 33 33 0
1 -14 -11 2 41 -58 -2 41 -21 -42 39 60 0
9 -40 -50 10 12 31 34 51 7 21 49 -7 -16 0
4 13 36 39 49 -47 -9 11 -14 31 -24 20 23 0
40 4 10 52 12 36 44 0
-21 1
-21 2
-21 3
56 1 9 40 55 -25 -45 0
43 -2 -37 0
10 32 37 45 -52 3 -51 0
0
13 20 20 27 -45 15 -19 0
57 -40 -7 20 33 56 60 0
9 11 12 29 33 49 0
17 31 39 42 46 3 29 32 46 58 0
58 -41 0
9 -31 -48 17 -10 -31 10 37 51 57 46 -24 0
7 14 24 0
14 -6 0
0
7 -17 0
31 8 25 28 54 18 30 0
1 21 30 57 59 42 51 17 -51 -45 0
25 49 58 32 -16 -11 0
47 -55 -13 44 -42 -39 30 -25 60 -17 18 -41 0
2 16 32 55 8 -15 -47 0
5 38 54 56 -54 -16 50 -36 -41 23 25 28 50 31 0
-21 2
-21 3
