2 4 2 -6 -45 32 -16 -43 10 28 54 27 -28 -41 0
0
3 16 28 40 24 53 6 34 57 0
14 16 35 51 55 -56 13 -37 -27 0
19 -37 0
47 0
22 32 41 50 59 16 29 13 26 43 47 0
35 40 44 0
26 -25 8 9 17 36 59 52 -36 -22 26 33 0
59 -15 -19 8 19 0
53 27 -33 -4 0
47 -57 -35 0
21 -11 -20 59 -28 24 -2 29 -30 -20 0
40 -29 34 -11 -42 0
54 -28 24 30 22 30 52 14 -43 -21 42 -28 -28 0
8 -46 -34 26 47 48 0
16 21 20 31 39 58 0
15 23 36 45 0
23 28 53 60 19 -51 -55 0
17 17 41 44 4 -18 0
15 -38 59 -37 -32 0
6 -42 0
-2 1
-2 2
-2 3
-66 2
10 47 23 -24 -52 17 42 56 -19 -52 0
33 -59 -20 59 -56 0
16 -47 -8 0
21 21 53 -60 -41 23 -28 -20 32 0
9 -32 -46 19 55 22 44 0
20 -7 0
41 -50 38 -15 -57 23 -33 -56 5 -41 18 0
14 44 8 -8 2 49 5 6 18 53 54 24 -40 -22 0
19 21 52 56 0
8 -30 37 -58 0
13 15 20 21 33 13 -14 -57 13 45 54 0
43 -10 0
27 -22 0
50 -30 -32 0
20 24 50 55 14 -8 -15 7 -36 0
8 2 4 27 48 51 14 24 43 8 -9 0
4 0
30 57 12 13 14 49 55 59 -3 0
1 -26 -43 11 -55 -13 0
59 -14 0
-24 2
-24 3
