19 35 51 4 -25 -42 41 -25 -49 9 42 46 56 25 -25 0
34 49 49 58 20 -37 -35 16 18 32 37 47 0
27 -56 -6 6 44 21 -36 44 46 0
16 -18 17 -14 0
34 6 9 18 36 53 22 -30 0
9 18 19 56 0
52 -10 -9 19 -46 0
46 -34 28 42 50 60 13 -32 0
4 9 21 34 51 19 29 36 53 51 -25 31 -39 -8 47 0
0
33 -50 -28 8 -59 -22 3 12 33 39 49 16 -43 0
57 -9 -51 25 41 53 55 0
23 -28 0
42 54 59 17 37 49 17 55 13 -35 -31 0
55 -2 2 8 12 46 46 39 -33 0
26 -47 -37 0
0
51 -27 6 -9 -1 26 29 49 54 59 45 -54 -44 45 -17 -7 0
0
6 39 0
49 -9 -60 22 28 37 48 56 11 -57 0
1 34 56 21 -17 -3 19 -22 -45 23 43 52 52 35 38 0
-4 1
-4 2
-4 3
-66 2
51 -34 39 44 47 40 48 57 -8 0
49 -13 -28 6 8 37 57 57 11 -35 -21 6 -44 49 -28 -41 0
36 -52 57 -34 0
34 -15 15 -26 -36 29 38 48 53 56 0
49 -14 -49 0
23 -40 -9 17 -6 -9 7 8 9 18 -55 -10 0
49 -17 -19 46 -55 -30 6 37 50 52 0
44 0
55 -6 -13 55 -30 -17 48 -57 -47 0
12 -53 -60 22 -48 38 -14 -28 50 -60 -17 2 59 0
4 18 42 56 58 59 0
36 -36 -9 4 6 13 -44 0
54 -43 -38 10 -30 20 21 29 54 55 10 20 36 39 41 0
9 12 24 53 0
1 33 34 45 3 34 34 39 0
36 -40 56 -49 -30 0
53 -47 1 -31 46 -57 36 -16 5 47 0
36 -49 -53 29 -51 -57 43 -15 -49 0
41 -14 3 4 9 0
0
-13 2
-13 3
