0
11 -34 -26 15 18 32 47 51 0
35 -48 -40 30 -60 -20 0
21 38 50 40 -2 -47 0
7 -45 0
29 26 53 -35 2 42 50 60 -34 -28 0
11 50 51 3 16 20 52 28 -5 -1 12 -37 43 47 0
35 35 59 0
6 33 38 48 14 -54 59 -46 -44 0
1 24 40 30 0
40 -34 -23 37 -26 0
8 37 56 0
13 30 36 36 39 36 -55 10 -42 -27 0
41 -30 -35 0
26 60 29 -20 -27 22 39 45 56 0
15 -11 46 -44 50 -38 -5 7 29 54 54 59 -24 0
10 15 16 59 0
39 -17 -47 1 4 14 49 51 35 -21 -20 0
33 -28 25 -28 -39 5 10 21 21 60 5 57 0
32 38 40 41 54 41 -11 26 37 43 52 55 38 -37 0
23 -7 -19 37 42 39 -32 0
24 -19 -24 0
-8 1
-8 2
-8 3
-66 3
36 -19 -56 6 38 53 0
6 36 5 3 12 15 19 0
21 -9 1 3 14 50 58 -34 0
8 48 50 53 34 -35 0
0
20 0
7 -50 -38 0
6 42 6 34 43 57 -4 -5 0
58 13 -56 0
11 32 35 37 49 0
60 -28 24 -30 -56 32 33 39 0
1 7 30 53 60 23 -51 17 -24 -43 38 0
33 -22 3 16 17 16 21 25 29 30 52 -11 -19 34 -39 0
4 21 39 42 0
52 -8 11 23 47 50 10 28 60 6 11 18 25 49 0
19 -44 -49 13 -29 -26 4 26 33 34 -31 2 17 33 51 0
21 52 56 0
27 -50 -4 58 -3 -2 42 -32 50 -29 0
37 -23 32 -35 47 -14 33 -4 -37 0
17 18 43 1 15 30 43 57 2 -16 -11 7 -40 -26 0
-8 2
-8 3
