48 -18 -49 7 11 18 32 0
4 25 50 55 46 -14 -5 13 19 50 0
37 -39 -26 51 -18 60 -14 -48 31 -3 -11 0
52 -38 -19 0
14 35 0
23 -2 -59 9 44 56 57 25 -17 -38 0
35 -43 -24 6 35 60 3 45 58 0
14 56 21 25 25 27 57 0
18 42 51 54 34 58 12 -47 -52 0
56 -44 -2 58 -60 18 -58 0
0
17 18 39 56 -15 0
27 -58 -22 32 -31 -20 16 16 33 37 32 -59 -49 27 -18 0
19 -45 -25 0
25 -17 12 -55 0
2 -50 -23 50 -3 6 7 19 24 0
50 -55 -29 35 41 54 56 0
53 15 36 52 60 30 -16 -25 0
51 -22 -3 6 18 38 54 60 0
1 -8 4 -36 12 37 56 11 -35 -37 0
6 -15 -6 3 22 29 33 53 16 -40 -24 36 -45 11 23 58 0
34 38 32 4 29 35 38 40 0
-4 1
-4 2
-4 3
24 -5 -40 44 -1 0
32 -9 54 -24 0
59 -29 0
53 -12 41 -50 -32 34 50 59 0
2 -34 0
0
11 29 29 0
54 -50 -26 52 -34 4 14 16 53 10 11 26 46 0
31 -56 13 18 22 44 44 0
0
34 -8 36 -47 0
23 -15 41 -38 -11 58 -25 -28 42 -28 -7 26 34 44 0
6 -10 0
8 -34 -7 16 26 49 57 2 31 38 39 10 23 36 42 52 0
36 18 27 34 36 58 33 -45 -60 44 -10 0
31 -21 0
34 -26 -51 54 -46 -22 0
3 -50 -15 14 46 55 9 0
8 -38 -15 26 -34 0
27 29 31 47 46 58 26 -43 -6 13 -37 0
-4 2
-4 3
