28 -37 -48 59 0
18 45 0
14 40 34 -42 17 -31 32 0
6 44 34 -27 -22 0
35 -31 23 -13 24 27 31 52 0
34 47 0
55 -60 29 -23 -34 0
19 35 36 46 46 0
9 28 22 30 46 29 -19 51 -60 0
17 31 56 31 -22 -16 46 -38 0
15 -25 32 -54 2 -18 22 13 26 33 55 0
0
49 -50 -55 9 -2 27 35 43 50 53 9 49 51 0
24 -34 48 -55 -46 0
18 -19 -43 45 26 43 59 0
25 28 36 0
24 41 0
14 32 14 -53 -49 8 21 25 46 7 -6 -2 0
48 -14 0
19 -54 36 -26 -33 5 27 42 53 57 19 -2 7 10 13 40 47 0
5 -37 -47 0
15 16 21 22 36 -23 -55 0
-2 1
-2 2
-2 3
-68 3
6 16 25 58 6 -23 -55 1 31 44 0
13 -53 -28 0
57 -19 40 28 39 10 -28 0
60 -8 55 -45 -52 14 24 35 35 56 0
2 15 15 19 20 33 -31 0
7 -19 -21 55 -29 -45 32 54 60 0
58 -7 -49 12 40 0
4 18 30 56 0
43 -42 -28 5 18 30 0
23 -14 -21 0
30 39 49 0
25 -41 17 25 36 41 48 18 30 0
40 -57 32 -35 0
51 48 -26 -32 49 -10 25 43 44 0
5 10 16 20 54 59 -34 -54 32 43 59 59 31 33 44 0
40 -3 -1 23 25 50 60 14 38 39 60 0
34 -47 -33 0
14 18 30 40 -9 50 52 -20 0
47 -45 22 25 27 48 49 0
32 -6 -9 2 -12 -55 21 33 53 57 7 16 21 38 24 -20 0
-2 2
-2 3
