23 -34 -16 0
16 -18 -58 13 -51 37 -35 51 -6 -49 17 -52 -52 0
1 6 19 28 46 -18 -1 0
9 19 47 50 -27 10 45 0
28 -38 0
31 -57 14 -1 -12 9 10 11 14 49 20 34 34 36 36 2 13 13 23 38 0
10 -59 41 3 -54 40 -41 0
23 -55 60 -23 39 -53 12 -49 5 8 18 42 45 0
48 0
40 58 3 -21 -50 2 -44 20 26 42 48 56 0
0
1 4 18 54 4 13 17 33 60 12 -40 0
48 -40 -40 0
30 -46 -43 53 -16 -22 12 21 34 40 56 7 -49 -8 0
22 32 37 20 -58 11 -50 55 -31 -46 0
34 -34 -28 36 20 -44 58 -60 -40 0
11 32 46 -57 -50 36 -48 22 -33 -33 0
26 36 37 0
40 -48 16 41 0
53 -60 3 -2 2 12 44 45 55 2 -31 -26 0
14 -39 54 -38 33 -39 0
1 0
-47 1
-49 2
-47 3
0
42 -44 -13 5 16 22 28 51 33 -37 -33 5 30 32 42 44 0
2 4 7 25 47 14 22 24 38 46 16 6 -1 0
2 9 25 53 58 25 -33 28 -48 12 0
10 25 40 48 56 9 16 0
50 -31 35 -10 -7 8 21 44 49 58 12 32 -17 0
32 50 57 48 -41 -37 8 -29 -42 2 44 0
28 -51 0
3 20 27 40 23 -42 11 18 46 3 8 23 0
25 33 33 38 13 -19 9 -60 13 14 16 59 20 0
13 -40 -60 30 41 49 51 52 34 -10 50 11 -4 -11 0
27 -23 18 32 4 -10 -51 24 33 53 56 60 0
2 58 0
33 26 51 14 2 27 31 58 -40 0
54 -29 34 -24 -51 19 -8 7 20 21 0
0
9 26 29 47 55 49 -59 54 -24 -15 0
9 26 29 40 60 4 -22 -48 0
27 59 25 -31 16 -37 -21 2 4 9 39 49 -50 -50 0
42 -10 -59 8 32 36 47 54 -7 -56 0
-53 2
-51 3
