37 38 53 35 -20 -9 52 -18 -2 0
57 -26 10 22 26 1 5 11 22 36 46 -2 3 0
0
4 -35 -30 54 -36 28 0
32 -14 -36 20 21 36 40 -32 -34 1 9 34 57 0
19 -44 -56 41 -24 -21 51 9 37 42 0
34 53 59 6 20 35 6 34 36 54 57 33 -40 0
55 -40 1 24 25 16 -5 -56 18 46 52 6 0
4 -48 -29 41 -32 3 5 9 53 14 45 0
15 59 0
25 -28 0
11 20 20 27 35 29 35 -51 -43 38 -42 -47 4 57 0
30 35 47 60 0
2 21 57 11 43 44 53 8 11 38 55 40 -51 -57 13 21 50 0
42 -7 -38 7 26 58 27 -35 -49 26 28 45 58 0
36 -47 -10 9 -59 -19 11 -60 53 -13 -37 0
31 -43 56 -30 -49 47 -21 49 9 23 33 35 52 0
0
36 -32 22 25 43 0
15 -55 -49 0
20 27 -55 -53 25 -50 33 53 0
19 -32 -58 0
-11 1
-11 2
-11 3
55 -3 -34 56 -11 0
33 -15 6 17 57 0
59 -20 0
60 -13 -49 35 -39 -21 44 -28 32 44 37 -29 -21 0
14 22 24 40 42 47 -34 16 -29 57 -18 0
15 -47 17 -19 -37 25 -10 -21 0
0
16 8 -56 -45 0
27 0
8 36 47 48 50 36 47 0
54 -55 -47 15 59 12 16 23 35 56 39 54 36 0
33 57 -59 0
59 -11 48 -17 -48 22 44 50 2 -41 -58 0
35 -35 4 5 15 51 5 35 44 56 -38 -26 0
42 42 47 2 -42 0
53 -56 -41 0
32 -16 0
29 -47 -12 58 -59 -3 24 -15 -59 39 -10 -49 0
58 -6 -21 2 -23 -23 0
39 23 -60 -13 12 0
-55 2
-50 3
