5 -3 26 36 2 9 31 34 41 14 18 19 26 37 0
3 -33 33 -8 -33 34 -34 -25 0
12 25 26 -54 -34 0
3 -2 -57 43 -38 11 47 27 -20 -52 23 -27 0
46 -9 -12 5 14 23 40 48 0
2 5 -2 -6 10 13 14 22 59 14 -53 -14 0
0
20 -32 30 -7 -11 0
27 30 42 40 -23 0
6 -30 -29 53 58 29 -34 -44 41 49 0
0
6 0
18 26 33 36 43 0
12 0
58 -45 36 -11 -33 0
12 16 25 50 17 2 5 10 30 31 7 33 34 53 53 0
5 12 15 35 39 -23 28 37 47 53 56 40 40 58 0
0
38 -46 -45 12 -48 -50 0
23 -35 16 19 26 51 52 0
20 -58 -29 13 43 44 50 36 -22 0
33 55 18 -30 -57 0
-2 1
-2 2
-2 3
39 -53 -9 30 -47 -8 2 32 45 5 8 38 48 50 0
49 50 50 56 0
21 17 -57 -28 25 -47 0
17 -23 -49 1 11 20 40 53 2 19 22 0
44 -1 -28 0
28 52 12 -49 13 26 35 39 45 50 15 20 34 49 0
13 -7 -29 0
20 -6 38 45 58 0
26 31 39 47 -25 -42 39 -31 -10 4 4 8 45 60 0
1 10 23 32 44 2 23 32 38 0
39 -56 -8 6 7 49 53 58 53 -49 19 -39 -11 0
49 -21 -5 1 -7 -19 0
22 24 43 11 16 19 42 54 0
0
52 -7 52 -33 -4 22 24 33 0
42 54 55 56 0
21 52 13 -41 -16 0
1 17 50 42 45 18 0
19 -26 0
39 -34 60 -40 37 -7 -46 13 -36 -11 0
-45 2
-45 3
