13 22 8 12 39 40 59 0
26 -18 -15 43 -11 17 24 31 40 40 0
31 31 52 60 58 -38 6 46 55 -15 0
27 -11 -55 0
24 -29 8 15 22 57 58 46 -38 -21 37 0
18 -27 -50 49 -43 4 25 0
39 -58 37 -10 -49 0
2 9 16 53 17 -20 0
33 45 -41 -25 57 -46 -43 0
18 25 43 -34 -54 0
9 27 48 0
33 43 46 48 52 49 -9 -57 46 -24 0
30 -59 10 19 40 45 0
27 44 48 50 51 0
4 13 54 55 40 -1 -8 23 -47 -17 18 29 31 42 46 6 41 44 60 0
19 -30 48 -45 2 13 21 44 50 13 22 47 54 13 44 0
60 -25 18 -12 1 -26 0
37 -42 -11 10 16 37 38 59 55 -27 0
17 24 24 32 50 14 23 3 -57 -60 35 0
25 28 45 6 16 34 56 30 37 47 47 10 8 30 34 0
21 -10 -13 2 -1 -9 39 -24 -56 47 0
22 -6 58 -36 49 -5 -36 55 -13 -6 0
-10 1
-10 2
-10 3
24 36 44 49 23 27 0
12 26 27 43 13 56 0
27 -46 16 58 2 12 28 57 10 45 0
49 -51 -23 18 58 12 16 25 49 0
48 -29 32 -4 3 14 23 47 52 0
13 -34 -12 3 0
1 12 16 49 1 -42 0
37 -23 -28 7 43 59 55 -8 0
9 46 5 0
43 -24 7 15 8 -26 16 -46 -34 0
43 -36 -44 19 -42 -30 5 8 45 48 53 0
22 -36 0
2 -54 17 52 8 10 34 40 57 34 -57 -18 0
52 -14 38 -38 -21 22 47 47 -28 -51 9 -13 0
43 -54 8 5 31 53 31 -45 -27 5 14 36 0
24 -1 -47 23 -24 1 23 23 30 42 20 24 36 41 46 56 0
10 -38 -7 59 -57 -1 24 47 52 0
5 21 30 37 56 40 -23 -51 52 -54 18 39 0
27 48 28 -40 -26 33 42 46 47 55 0
19 -13 -34 37 -20 -37 0
-10 2
-10 3
