24 0
9 -12 -7 55 2 -19 0
42 -44 58 -22 17 10 -20 -51 4 6 21 41 0
34 -58 -14 32 33 53 30 39 1 2 29 44 57 0
11 23 26 40 45 -31 -48 0
23 25 0
12 -6 -2 40 56 58 43 0
18 -15 -3 0
0
14 -47 13 -56 -46 19 28 37 38 48 0
1 9 42 53 0
35 -21 -49 32 -57 3 4 0
53 -25 25 42 52 3 -13 -4 0
9 57 4 49 54 -26 -45 25 -25 4 13 41 0
9 -58 0
41 -20 -47 0
0
20 29 35 40 56 47 53 31 -7 -23 14 22 46 57 60 0
3 6 18 32 51 60 -4 9 -7 10 -36 -58 23 -6 -58 0
1 9 18 27 59 49 -57 11 53 0
24 -14 7 -28 -39 38 -53 -36 21 23 24 39 15 -39 -19 0
54 -40 8 3 6 47 4 25 33 35 47 0
-4 1
-4 2
-4 3
-67 2
21 -18 -26 54 -52 -1 3 -18 0
13 16 46 48 49 31 -41 9 -36 -23 21 23 23 50 52 0
46 0
21 -54 0
4 10 53 6 -47 -21 41 -10 25 -9 -30 0
14 18 21 28 58 29 -14 -2 4 19 21 54 0
55 -36 -55 52 -52 -25 8 8 22 48 14 35 39 14 16 22 0
30 -40 0
58 -35 2 4 7 21 44 -42 -56 0
14 27 51 52 0
3 -26 0
41 -3 -51 38 -46 0
4 9 20 24 26 17 -26 47 -24 31 39 37 -53 0
1 21 57 57 60 36 -54 6 9 40 44 16 18 55 56 35 49 0
26 38 -30 0
30 36 0
24 46 51 58 17 -7 8 -34 10 -19 11 11 0
46 -54 17 -28 -14 14 22 40 43 0
27 27 28 42 56 20 -34 18 22 38 47 30 -60 39 -42 0
53 55 55 56 0
-4 2
-4 3
