11 10 -37 -8 9 35 47 0
10 34 35 43 48 23 -47 0
8 18 -38 -15 45 -7 -23 8 40 43 52 0
8 11 16 39 49 14 -31 20 0
4 8 17 34 42 17 49 50 3 33 44 37 -54 -44 0
31 -7 -43 20 -56 1 15 22 30 36 0
50 -27 -32 36 -42 52 -17 11 34 38 42 0
52 56 56 0
11 25 0
20 -10 26 -53 0
2 4 24 40 57 56 -16 -58 5 -55 -9 43 -40 0
42 -40 -5 4 6 33 39 53 5 34 47 0
50 -24 0
0
45 -27 4 9 20 28 0
7 40 42 55 58 30 -15 -49 41 0
0
30 -35 19 24 38 44 53 40 -6 52 -9 -28 0
13 31 33 52 0
29 44 33 -40 0
8 3 -54 -30 20 57 0
0
-11 1
-11 2
-11 3
-68 2
8 38 -7 4 -31 -12 0
54 -59 51 0
2 -57 31 -53 0
9 15 38 0
7 32 37 54 0
57 59 60 -54 -49 10 -29 9 -25 0
8 -60 33 -2 -30 26 -38 2 30 55 0
56 -38 0
43 -4 -3 0
35 36 41 47 50 0
2 -29 0
18 -41 60 -31 23 27 34 60 0
7 27 40 48 17 -44 -3 0
54 -16 4 42 51 55 56 33 40 52 52 0
37 16 38 8 31 32 33 0
11 13 45 57 44 -28 11 23 26 22 -20 -46 20 -52 -45 0
56 -28 40 -33 -16 46 -45 53 -48 0
37 -28 10 -33 52 -52 6 7 32 33 42 12 0
34 -51 17 36 0
1 -11 -21 13 37 -56 -10 0
-20 2
-20 3
