11 -19 4 22 34 0
23 -47 -53 33 39 47 51 26 -45 0
8 -30 10 -19 -26 0
16 -11 -13 17 -14 -57 0
0
58 -56 17 37 49 4 8 37 13 0
15 -19 -37 55 -21 -38 0
11 -50 15 16 16 18 39 44 0
2 44 0
31 -42 -12 4 13 18 0
4 -26 -44 58 -60 23 -52 -35 0
30 -9 -38 13 14 38 0
1 16 25 8 47 0
33 -34 -1 6 8 17 39 43 30 58 -20 -18 0
18 36 43 47 47 6 31 39 45 14 28 43 -17 0
30 -44 48 -21 60 -12 -46 0
17 24 30 49 0
23 -2 31 41 0
39 -59 9 28 41 0
27 50 7 0
50 -33 -33 34 -13 23 27 31 43 13 15 35 38 52 20 -54 -17 0
19 21 27 0
-2 1
-2 2
-2 3
-69 2
60 -3 43 -15 23 -51 -42 0
9 -26 -28 0
2 17 45 51 13 -59 -14 26 44 44 51 12 24 31 45 10 15 0
3 -38 22 -20 19 28 32 0
21 0
0
37 44 45 49 47 -3 34 -54 -29 2 32 54 57 28 38 46 0
40 -55 19 34 46 52 56 60 -1 52 -22 14 -50 0
3 6 37 50 54 25 -60 0
24 -23 -18 23 -43 41 39 -44 -29 0
3 30 31 37 1 10 30 37 42 29 -51 -39 0
3 -27 4 33 0
6 12 29 43 -59 -46 35 10 19 21 26 44 36 -36 0
20 -34 27 -46 3 25 31 0
33 -16 0
22 -55 58 -9 42 -29 -44 0
4 21 25 53 60 8 31 54 35 -2 54 0
37 -15 -60 25 26 55 19 -1 -25 44 -29 -7 0
39 42 50 57 24 -58 -28 18 23 28 40 59 0
53 -2 -32 52 -9 0
-4 2
-4 3
