34 -24 -5 30 57 59 -43 -28 0
31 -46 4 23 32 54 0
27 -44 0
43 -1 -3 29 -44 0
47 -18 -60 18 0
0
8 -46 -53 19 32 35 44 3 2 -2 4 36 40 55 0
7 22 25 43 42 -13 -48 35 -2 8 -20 0
6 -50 -52 0
37 44 0
60 -23 25 -10 -48 0
2 2 8 32 49 35 36 55 56 58 0
28 -18 -1 0
4 23 39 45 6 -33 -34 5 20 4 23 43 53 56 0
52 0
55 -57 0
9 14 -12 -39 0
12 13 47 50 53 0
0
48 56 0
7 15 58 22 26 34 12 -40 0
6 -31 -14 19 32 45 47 54 42 -31 10 37 40 52 54 0
-2 1
-2 2
-2 3
59 -3 53 12 22 56 -8 -30 25 41 48 54 0
7 10 22 33 46 17 28 51 44 -57 58 -14 0
2 -22 -38 51 -28 18 30 6 34 46 52 52 -41 0
39 -46 -42 19 35 38 46 48 0
7 -38 -38 0
9 -54 -8 0
5 -21 -35 56 -10 -30 0
46 -36 -50 9 27 48 54 26 -26 0
31 48 56 35 -35 29 -4 19 -15 12 -1 0
3 39 47 50 -4 -33 0
37 -32 -4 0
11 25 47 58 -39 -31 26 56 33 0
0
13 -18 -19 0
4 16 40 59 60 0
29 -4 -26 22 24 40 42 20 -16 -19 0
11 -21 -50 0
51 -16 -52 48 -11 -34 9 49 59 60 0
26 -19 24 34 45 54 29 35 22 -33 -2 17 -30 -36 0
8 24 54 0
-2 2
-2 3
