36 -12 35 37 37 40 18 -4 0
0
3 43 58 58 30 60 -42 0
3 50 0
3 -5 20 -2 -20 0
59 -5 0
49 -44 -10 24 0
40 58 0
50 -46 -43 43 0
58 -57 10 27 32 34 50 27 -21 11 12 45 49 54 -5 -2 0
7 39 56 -33 -27 0
30 0
24 26 36 8 26 39 47 32 37 41 54 0
2 8 26 53 59 -15 -42 48 -3 -7 14 -12 -30 0
37 8 10 24 39 57 -40 25 -56 0
30 -10 -9 38 -21 -33 0
26 34 50 52 46 -33 60 -23 0
46 -10 -39 37 -47 5 14 60 0
55 -14 8 -41 -39 16 53 0
45 -25 -28 39 -51 -24 0
25 -7 -26 13 -49 -13 42 -20 -6 11 -53 57 0
36 42 53 20 -53 -55 38 -10 0
-2 1
-2 2
-2 3
-69 2
1 31 39 42 56 52 -54 2 29 29 56 0
1 20 21 27 32 10 21 56 -19 0
3 12 17 51 -9 0
0
2 -36 11 -52 32 -54 -29 8 41 47 47 0
38 -20 56 -48 -43 0
13 22 4 -9 -3 34 56 -11 -30 0
47 47 0
15 49 54 25 -35 7 26 30 32 59 -58 -6 4 4 16 0
36 58 0
41 0
21 42 0
39 -59 -30 0
54 -21 3 8 50 0
5 54 57 28 -58 -37 31 24 -40 0
29 1 17 17 -51 0
37 -29 54 -54 38 -22 -29 0
25 47 -33 -33 0
33 -22 -46 27 -40 1 4 13 54 0
5 57 57 -4 -59 32 -4 51 60 4 0
-5 2
-5 3
