14 -34 -29 20 26 30 46 0
2 7 12 16 44 5 -48 -12 0
5 -25 23 53 0
17 -36 23 -57 0
43 -47 -13 6 -21 0
27 59 59 51 57 58 43 0
11 -31 -20 0
25 -36 -21 0
3 -52 1 36 9 23 31 0
4 -6 -17 14 -24 0
9 -7 46 -4 0
29 -8 -15 1 8 51 -51 -6 0
27 -45 24 -36 -9 11 13 32 0
48 14 -12 0
3 17 19 0
42 5 13 37 47 0
4 24 34 35 1 13 0
2 14 27 47 50 51 -18 19 37 8 0
2 5 39 51 56 36 38 13 16 29 42 55 30 -9 10 -20 0
24 -54 -3 53 56 17 -13 -17 2 26 46 57 0
11 -2 0
33 -24 -46 33 -54 -28 49 -47 60 -12 -25 25 43 0
-17 1
-17 2
-17 3
-66 3
55 0
0
35 -24 18 22 22 -27 -54 33 -1 0
6 -53 -47 16 20 60 31 42 7 -46 0
26 32 32 53 41 -9 -35 0
6 -13 -27 13 16 54 54 -25 -19 0
60 -19 0
25 -22 34 -55 -60 55 59 0
4 20 33 43 46 -52 6 -41 -1 1 17 36 44 46 0
43 7 19 36 23 59 0
19 21 29 40 55 17 -59 -57 11 -36 6 -19 -45 0
11 48 52 -29 30 30 33 33 56 0
9 13 54 11 21 37 42 43 29 56 15 -32 -42 0
28 46 48 50 46 0
20 -30 -27 60 -49 -37 0
13 -29 7 12 22 36 50 0
60 49 -24 -52 44 -44 8 23 24 46 49 0
1 -50 0
44 -21 -39 36 10 13 45 45 0
54 -60 -30 59 -60 -38 0
-48 2
-50 3
