38 28 30 36 43 55 58 -16 0
32 38 43 60 25 18 30 32 53 29 23 -47 -50 0
1 58 35 40 47 52 52 0
17 32 56 8 37 15 -47 0
13 29 42 45 8 -9 -59 0
5 -29 -40 58 0
48 -47 -39 0
1 -20 -51 2 8 33 54 55 1 -48 0
58 -23 -42 28 -40 60 -6 2 -23 5 -42 0
8 39 43 -39 -37 60 0
25 -12 -47 43 -5 -30 5 -52 9 24 56 24 -11 0
48 -42 -48 11 -40 -24 17 39 47 0
26 52 0
14 -19 0
53 18 -32 49 55 60 0
3 29 0
10 -12 -1 1 19 25 34 37 58 -11 22 47 48 0
20 -39 49 -55 -47 0
34 -38 -29 1 28 28 31 50 -43 -9 7 16 30 40 56 0
58 44 -38 14 -50 0
15 -55 -41 13 -30 6 -25 0
59 10 -19 19 -1 -39 3 12 26 41 44 56 -33 0
-3 1
-3 2
-3 3
-67 3
-69 2
26 39 55 1 6 48 60 37 -10 -22 0
41 -44 -10 10 45 55 56 29 0
46 -44 31 -38 0
0
10 12 55 7 42 0
44 0
11 17 42 42 25 -29 -9 10 -33 14 -21 0
60 -11 -44 24 24 26 27 45 37 -52 0
34 -25 -59 2 -17 -2 0
21 42 24 -20 -10 0
26 -45 -9 12 -39 0
9 -34 0
15 16 35 0
0
52 -46 11 13 16 45 0
31 -4 -60 0
55 -20 -53 57 0
49 -44 0
52 -59 -2 32 -40 -46 16 -43 -39 51 0
34 -54 -33 0
-3 2
-3 3
