14 -22 -50 0
54 -1 0
7 26 51 -6 35 -32 0
6 -29 49 -48 -30 0
46 54 56 -41 -8 21 23 34 38 41 0
59 0
2 13 59 3 -56 -50 0
15 -7 -57 12 39 43 5 17 22 33 45 0
0
12 29 38 51 1 -25 -32 15 -9 -56 55 -23 50 -15 -31 0
6 -41 0
6 50 54 58 40 50 5 -19 -13 0
25 56 18 41 43 0
15 42 6 14 20 28 6 -17 0
0
29 -57 -60 15 23 48 7 -53 0
5 2 5 15 30 45 3 5 11 32 33 0
20 -28 27 -31 29 -58 0
42 24 -9 -49 0
16 43 57 58 5 6 0
23 29 35 0
35 -33 -58 28 -16 -57 38 -23 15 -20 0
-3 1
-3 2
-3 3
-67 2
46 -33 -18 6 0
39 -39 0
0
18 22 3 -59 -41 0
14 22 25 29 7 -14 -44 55 57 48 -22 -10 37 0
44 54 32 -41 -1 0
3 46 -27 -18 5 28 40 56 34 -16 -57 1 -11 -3 0
42 -40 -39 18 29 41 50 54 0
58 8 1 24 45 53 0
58 -13 -32 56 -2 -3 0
42 -9 -31 21 0
16 -51 -8 1 25 28 41 47 44 47 49 -25 0
40 -7 -27 40 -6 -20 0
18 34 38 0
42 -7 -4 0
15 35 43 55 55 49 -46 0
48 -38 -55 0
9 27 31 48 9 30 0
44 44 52 0
58 -46 -47 17 36 49 36 40 43 0
-3 2
-3 3
