29 -22 -5 0
59 -14 -30 14 -5 32 44 49 0
55 -27 -42 30 50 34 -35 0
0
29 -43 4 -51 0
18 39 40 42 32 -30 -39 0
7 7 9 32 46 32 52 59 3 5 12 33 60 0
34 -20 -20 0
31 53 27 49 60 11 12 47 49 29 31 34 44 23 30 0
8 26 0
22 33 45 56 7 36 51 0
20 -32 44 58 27 -9 -42 3 11 36 54 57 0
6 55 1 10 41 -5 -4 0
10 17 31 -52 42 44 54 57 -25 -30 0
60 21 45 56 0
49 -43 -58 9 57 -4 0
0
4 -56 -56 33 -39 17 -25 -25 0
22 1 2 23 0
58 -50 38 -4 -48 48 -3 58 -11 0
43 1 40 58 2 9 19 42 57 5 40 5 0
46 -1 10 59 15 26 27 28 38 39 -45 45 -35 -36 0
-12 1
-12 2
-12 3
37 54 59 6 16 19 33 45 0
33 -17 17 -14 60 -55 0
57 -39 -57 54 -11 -24 0
59 -29 -6 0
13 -22 40 4 8 38 0
19 -26 -4 19 39 49 -4 -16 35 -54 0
44 -11 -15 46 48 3 28 34 44 60 0
56 -57 -55 0
6 49 8 -4 23 27 33 55 7 8 16 46 50 27 50 58 0
59 -49 -27 23 -36 14 58 0
7 18 47 21 -21 -33 39 -24 0
39 -37 0
6 10 16 0
1 29 52 60 0
59 -43 -44 2 10 32 -16 5 0
1 -11 -53 22 47 51 60 0
5 6 36 5 -52 -9 47 -13 -30 0
8 18 22 48 48 23 -6 1 15 49 55 0
34 -11 19 31 35 0
25 40 44 6 10 12 16 31 0
-47 2
-56 3
