29 34 35 39 59 6 -45 -46 0
59 -17 52 -53 -51 3 7 11 49 60 -5 -52 7 -40 0
27 -55 -5 16 -46 0
60 -44 -26 4 -22 -51 14 0
11 -40 -11 6 -30 -28 0
15 -47 50 -34 33 -50 -56 0
4 -19 -19 16 -19 -29 52 -60 33 56 57 -13 0
43 -19 -18 27 30 52 56 57 7 -2 -48 0
43 -12 0
40 -6 -45 33 -8 -13 0
12 -7 0
14 10 10 22 25 58 16 -9 -8 41 -44 -37 22 -2 -49 0
54 -8 -25 58 -32 10 37 0
10 32 3 -26 -9 4 -4 -11 23 24 49 52 0
47 -31 -38 39 -23 -4 11 13 22 0
0
23 -13 -38 0
0
3 -6 -49 24 34 45 58 60 0
3 19 36 48 54 57 25 26 38 1 51 53 0
39 -22 -55 49 -8 20 -29 13 49 52 53 54 5 -14 -55 0
25 26 33 50 50 0
-2 1
-2 2
-2 3
17 32 13 -5 -9 11 -26 12 22 30 41 44 6 27 60 0
51 -34 0
56 -1 0
7 9 24 -18 -28 9 9 13 46 37 0
33 59 0
29 -29 33 -35 26 -33 -35 0
2 5 5 25 0
3 7 18 19 59 8 25 38 0
48 52 26 26 0
60 -20 11 -16 32 -23 -13 0
0
29 54 8 30 35 39 58 -9 -58 36 -24 0
37 -18 -45 1 -25 42 -29 18 33 41 43 57 22 56 58 0
15 -5 -51 25 -32 -44 59 -17 9 32 37 49 59 0
40 -40 7 18 40 44 58 59 0
7 14 49 15 36 46 48 5 -45 0
58 -37 0
15 -32 49 -11 0
37 37 43 -52 -26 50 -43 5 -12 -40 1 -27 -47 0
13 -24 0
-52 2
-52 3
