21 0
14 17 45 54 0
49 40 -24 -2 36 0
0
17 -31 -46 57 56 -16 36 -39 30 -44 -24 0
26 13 15 29 41 57 33 -30 -55 15 -14 -26 47 -24 0
2 19 19 20 35 45 47 10 41 43 45 6 7 29 45 46 0
54 -35 -60 8 26 36 53 7 -24 -5 0
20 31 27 -3 0
10 -52 -17 20 -41 -37 7 25 39 55 0
4 6 13 21 42 15 -55 -41 8 0
25 0
32 55 0
18 -48 11 15 -58 44 -57 18 21 0
40 -57 9 -30 47 -34 41 -17 -45 0
18 -23 11 -13 -14 10 34 19 0
23 -59 10 46 0
54 -15 6 -58 0
60 -48 3 54 -53 24 -22 0
29 42 0
6 -17 17 45 58 18 -59 32 -46 34 -45 0
29 43 16 -57 -6 3 7 30 37 0
-2 1
-2 2
-2 3
-67 2
25 37 46 3 42 47 -31 16 24 43 54 12 17 31 46 55 0
31 -38 -42 0
16 -12 10 -57 -14 0
49 -44 14 0
12 10 56 0
20 23 37 7 54 55 -32 19 22 39 50 0
45 -34 45 -51 -1 6 -46 -9 49 51 -60 0
7 11 16 30 42 33 50 0
17 -53 53 -21 -12 42 -27 -6 0
35 -33 0
32 2 9 9 46 48 2 35 55 0
3 0
33 39 39 42 58 -24 -39 34 0
31 47 48 45 -45 47 -59 -1 14 43 60 0
27 46 58 15 -48 23 -37 34 -33 -30 12 34 46 0
31 -5 -47 38 -48 0
55 -43 49 -16 11 33 42 48 48 -52 19 24 41 59 0
50 -17 -12 0
23 -5 -34 40 -58 21 46 55 2 -24 -42 0
31 -31 -48 0
-2 2
-2 3
