1 -4 17 -42 33 -57 -13 9 11 0
33 -21 -34 19 -12 -11 44 -22 -34 0
6 9 1 48 51 53 57 2 -41 -39 0
15 17 52 57 14 31 35 43 54 30 -30 0
38 -54 -5 23 -31 -53 0
40 -19 46 -22 -23 47 50 36 -37 0
21 -58 -18 3 42 57 0
42 0
19 30 9 9 18 25 51 0
42 -20 11 15 26 31 0
0
53 -5 0
23 26 27 30 5 -27 -29 35 0
43 -46 -49 41 -11 12 13 18 58 60 48 -21 -32 0
43 -10 -15 0
47 -25 31 -1 25 -46 26 -42 -59 9 26 42 45 0
0
2 0
11 -58 -42 0
13 13 22 15 17 33 42 45 6 7 13 18 20 7 13 19 42 42 5 -23 0
23 25 26 27 43 4 31 41 -9 -14 10 -10 0
10 40 53 58 60 5 -51 -2 0
-7 1
-7 2
-7 3
-69 2
33 -12 -3 12 -29 6 10 11 14 45 42 -52 0
19 -34 -43 56 -32 17 58 43 0
14 -50 0
11 31 -43 -44 20 58 53 -42 0
5 -41 -23 3 16 28 30 37 8 17 24 30 60 0
32 -31 -51 28 31 35 36 34 -9 0
4 27 48 18 -48 -40 0
49 -45 -14 6 11 37 40 59 0
41 -23 -1 50 16 -47 -54 52 -19 0
11 47 14 23 25 39 42 46 -22 59 -45 -32 0
2 18 21 48 50 46 28 0
56 -29 -31 20 27 53 6 16 27 45 0
33 -60 23 37 42 2 18 36 37 58 23 33 39 0
0
54 55 2 26 47 56 58 8 15 0
8 -46 -2 6 33 0
10 42 43 44 52 57 -34 -4 6 18 18 22 29 42 0
47 -35 56 -13 13 -36 7 21 22 34 41 9 36 47 56 0
55 -42 -19 10 -46 6 8 26 52 0
5 30 46 51 17 60 -48 -12 55 -1 10 -13 -5 0
-56 2
-54 3
