35 -29 -23 35 -49 14 16 38 -35 -60 0
5 14 40 50 -10 0
48 -58 41 -16 35 -52 0
14 11 13 42 5 4 8 28 37 59 0
24 -30 0
15 -18 -36 0
57 -26 -23 8 -1 -29 37 -15 -28 0
13 26 26 42 49 42 35 59 26 -45 -20 33 56 0
15 -41 -3 12 22 29 48 50 51 31 59 3 14 21 50 0
15 -33 -45 3 28 36 39 45 50 59 26 -27 0
45 -38 0
9 -21 36 19 -46 0
41 24 53 0
13 25 43 51 6 15 33 41 -18 -5 10 14 19 30 49 42 -18 -19 0
0
0
1 33 50 0
2 -22 50 -59 -3 0
36 46 44 -44 6 -31 0
45 -60 -25 0
25 36 26 32 36 48 60 0
25 -13 -16 9 36 53 0
-6 1
-6 2
-6 3
-67 2
34 -7 5 6 32 33 0
1 45 48 56 49 -9 -13 0
16 16 34 45 -11 -17 0
0
17 43 29 49 42 -35 37 -42 -54 0
43 -35 -9 24 -21 0
56 -40 0
54 43 -53 3 -28 -40 7 52 0
42 37 60 0
4 -13 -36 45 -56 -28 7 43 60 -37 -23 0
8 -25 0
1 8 10 47 3 6 7 36 9 12 43 50 57 0
60 -51 14 45 26 -39 -39 40 50 56 58 39 44 52 58 0
31 32 12 35 56 17 32 32 0
2 -6 1 -8 -55 46 -5 53 -41 0
43 0
37 -18 -27 33 -20 -11 7 40 50 51 53 24 42 57 56 -41 -40 0
9 -53 30 0
33 -59 58 -44 3 38 41 43 0
20 -34 23 32 41 46 12 18 60 0
-49 2
-54 3
