5 34 37 39 51 25 -22 -54 9 35 39 52 0
54 6 6 29 47 -27 0
20 23 48 21 0
43 7 -22 0
36 -13 -56 0
51 -30 -35 49 -36 -39 0
17 -41 -10 18 -46 -41 25 -26 -1 0
21 -58 43 0
53 -2 14 -7 25 -39 0
45 -39 15 23 40 56 15 -40 -21 27 -2 0
27 33 6 59 28 -27 0
27 -43 60 -55 -44 0
42 43 -50 -52 35 -50 0
2 15 35 38 44 30 -9 -3 12 38 22 60 7 27 28 0
4 10 44 44 57 2 42 53 0
43 -54 -27 7 -13 39 57 29 -15 -19 60 -45 0
2 -3 0
18 -7 -36 0
10 -54 -8 2 -9 -19 4 38 44 40 -60 0
11 -17 -25 43 -18 10 10 21 35 45 15 52 0
33 40 43 20 0
12 13 19 46 9 30 -24 14 -34 18 -14 0
-2 1
-2 2
-2 3
16 17 18 35 30 -16 0
4 13 17 39 51 3 26 59 59 9 19 32 34 0
5 8 39 46 7 0
40 -33 -40 20 -40 12 -15 0
35 -24 -16 11 -40 -46 0
18 -13 21 -10 0
37 -13 -1 32 0
32 -14 -12 2 21 45 0
2 26 43 45 0
7 -32 22 -15 0
53 -22 -38 0
51 -36 20 -39 -16 15 19 53 58 9 -36 0
7 17 29 35 36 0
20 22 26 26 41 35 -55 28 -24 33 34 35 53 0
16 38 59 32 52 35 49 55 34 36 46 57 60 11 -45 0
10 37 47 2 2 0
18 -44 12 -37 41 59 21 31 9 17 17 34 52 0
44 -26 -31 24 -14 -31 3 -25 -60 6 -33 19 42 43 59 0
0
6 -54 -30 0
-2 2
-2 3
