2 -40 -41 0
8 -10 0
57 -50 11 21 29 46 56 0
0
17 46 47 0
50 -1 1 7 16 39 52 34 -56 0
59 -56 24 -23 0
15 40 45 51 0
33 -36 0
24 58 0
13 -49 -4 3 18 30 14 22 60 39 -6 -32 6 17 24 0
20 28 42 48 58 0
14 -12 0
15 -2 9 -22 38 -51 18 -48 6 11 19 28 45 0
38 46 12 -54 -30 57 -35 0
37 -9 -1 51 6 0
53 53 -23 9 -17 0
4 19 22 5 8 26 51 0
6 8 14 20 28 52 -8 -45 1 6 38 48 55 0
39 -31 -58 0
7 -3 -33 36 -47 -4 9 -53 4 21 53 56 0
0
-31 1
-31 2
-31 3
55 18 -23 -30 26 29 9 9 40 41 0
0
31 17 -53 1 -30 -13 47 -13 -5 28 -3 0
58 -33 -11 49 13 16 39 56 0
37 -21 19 45 46 47 0
2 28 47 54 6 47 52 58 25 46 0
2 17 23 47 56 34 -9 23 34 57 0
24 0
53 -15 0
1 7 47 -23 46 53 1 25 27 49 0
22 -26 -20 0
59 -60 -2 10 -11 49 -26 0
17 29 0
22 -16 -2 55 0
24 33 46 50 12 32 56 56 59 0
40 -12 -24 2 -50 -23 0
10 36 38 45 55 12 25 25 36 57 36 -26 -45 0
1 28 36 0
0
14 27 50 58 60 8 50 50 51 11 31 -42 -12 0
-43 2
-43 3
