3 8 22 34 -47 0
0
8 11 27 35 49 -18 -32 24 -13 0
14 -53 17 -49 -52 3 26 28 42 46 39 45 49 50 52 0
52 -23 -7 0
32 43 53 56 -32 0
22 -52 -29 11 26 49 22 -19 0
14 49 54 16 53 23 33 36 60 60 0
0
39 -34 -18 35 0
9 16 39 52 17 -35 14 -60 -11 0
8 53 10 21 29 50 54 0
8 23 23 55 60 34 -15 14 -37 -16 37 -56 -39 21 39 47 0
15 -58 -46 6 25 29 45 0
3 5 27 41 39 -44 0
53 -30 -41 45 50 55 60 0
18 25 30 6 32 35 19 29 51 0
58 -50 19 34 35 -6 17 23 41 41 49 0
15 -42 -35 0
45 -33 0
26 -27 27 -29 -26 0
2 24 57 48 -33 21 -14 -48 0
-2 1
-2 2
-2 3
-69 2
0
0
0
8 10 18 25 36 0
6 -50 0
54 -31 13 19 54 56 19 52 32 -54 -44 0
3 -29 3 5 7 10 2 23 26 15 16 41 12 -2 -28 0
20 29 0
55 -48 4 -58 -9 2 9 24 27 57 0
13 -4 13 -37 33 -59 -52 1 14 20 23 46 19 -18 -42 0
20 -41 35 37 13 19 21 36 37 0
0
19 -24 -5 40 -46 -47 15 -42 -44 0
14 19 20 21 31 -48 0
32 47 37 0
46 -14 -8 0
29 -14 -50 52 -56 -44 9 36 47 49 54 0
10 34 41 43 52 0
0
16 -2 22 -9 0
-49 2
-50 3
