24 30 46 55 59 49 -24 0
27 59 0
22 -36 -28 9 -56 -46 26 50 23 -56 -13 6 12 21 22 0
6 -35 -42 27 -51 34 -33 -6 16 -55 -36 51 -56 -35 0
17 34 40 52 60 -32 -43 29 57 39 -27 10 37 0
28 -2 5 7 48 6 16 49 36 0
38 -9 34 42 44 0
19 43 -53 42 -12 -59 15 -18 -29 6 36 39 46 0
4 4 33 34 53 40 -18 -3 14 24 50 60 -37 7 -59 -10 0
12 13 58 6 28 31 20 -4 -2 39 0
3 6 29 33 0
29 12 40 43 51 12 24 31 33 36 0
3 20 40 19 -5 24 -35 12 15 56 0
6 40 11 53 27 -34 -48 42 -43 0
24 24 34 44 58 13 -16 13 -25 0
3 4 32 35 46 23 -60 25 32 36 57 0
25 26 30 58 26 37 0
18 30 46 48 52 17 37 38 57 59 0
22 -33 20 -45 -42 15 -23 -38 0
8 20 29 36 53 15 -46 -4 57 -46 52 0
2 44 5 16 25 45 21 -28 0
50 -31 -19 30 40 8 -60 0
-2 1
-2 2
-2 3
-69 3
13 20 49 50 52 13 32 50 41 53 0
56 -21 56 15 -35 -53 37 -52 0
45 -9 12 32 45 19 33 50 0
15 49 55 0
38 -53 -52 40 -30 -10 0
3 28 44 54 37 -14 4 26 31 40 58 53 -4 -13 11 28 47 53 0
34 -23 6 16 39 39 11 25 44 24 -49 0
17 -3 0
57 -21 -23 27 34 48 53 37 -49 0
0
0
34 47 0
20 -19 11 -20 -14 37 24 0
2 -59 29 -19 -41 0
42 -20 21 -11 19 52 54 0
24 0
0
23 -56 -41 0
25 47 2 -51 26 37 47 56 57 48 -57 0
54 -17 17 24 26 28 54 14 -53 -35 15 -15 0
-2 2
-2 3
