48 59 53 -21 0
33 40 43 56 44 0
46 60 0
10 -43 29 -38 -14 40 -44 -4 27 -35 -1 0
0
48 51 -44 -22 0
16 36 40 51 30 28 28 45 0
60 -30 20 54 34 -20 -19 0
22 -26 -45 52 -55 57 -31 -55 29 36 39 56 0
12 13 35 56 59 0
4 8 27 0
41 -47 -32 50 33 35 39 56 37 -27 6 28 28 0
12 -45 2 -52 0
8 38 5 -34 -59 2 2 60 -39 -56 3 -25 -17 0
0
22 42 -19 -32 0
1 -7 -15 11 25 27 29 55 24 41 0
22 -57 30 51 0
20 -56 12 22 42 49 58 15 -28 -5 14 17 29 30 49 0
0
15 20 31 34 40 41 -23 -59 0
11 38 59 27 -54 9 9 13 34 32 -37 0
-6 1
-6 2
-6 3
-69 3
9 52 58 30 33 37 59 22 -12 -32 0
0
11 44 4 8 32 -37 -33 3 -48 -47 0
39 -37 39 46 59 60 30 -36 13 -57 -53 0
3 -28 3 -60 -13 44 -13 -60 0
0
5 24 33 49 10 -45 -4 27 24 -26 -35 0
19 53 0
7 8 49 3 24 27 0
28 35 43 41 -55 0
7 53 57 10 -15 54 -26 -2 0
3 31 35 44 47 0
41 -13 0
2 -25 29 -31 -11 3 19 29 57 -26 -21 0
60 -4 49 -12 -59 2 53 12 0
24 38 43 52 53 0
2 31 32 45 14 -55 -48 18 33 45 58 0
3 21 34 44 23 -23 -34 55 -36 7 21 37 43 50 0
31 -12 20 -53 -54 10 15 35 36 0
27 -60 -13 34 -32 17 55 0
-25 2
-25 3
