0
8 17 41 17 -14 0
35 -8 -36 1 20 45 56 5 10 18 33 44 0
34 0
56 -13 -32 22 34 0
60 -29 -18 0
23 -12 -7 0
36 -29 -38 0
47 -46 -48 0
44 -6 32 45 47 30 -38 -17 0
59 -18 14 -54 0
31 0
21 58 20 24 36 1 10 17 23 0
3 0
60 -48 -45 60 -35 -53 36 40 44 56 -13 -54 37 38 46 48 0
49 5 3 -39 -53 43 -46 -16 0
36 -14 -30 39 59 60 28 -4 0
10 18 40 54 0
16 30 38 51 56 18 -37 -24 28 -7 60 -50 2 0
29 59 36 -53 -8 0
17 -26 -36 21 -28 11 12 20 32 42 0
53 -56 -5 22 -32 -58 0
-3 1
-3 2
-3 3
0
39 -10 42 40 -24 42 58 0
39 -37 -17 0
8 52 54 60 29 42 45 54 4 46 16 -27 0
30 -47 3 18 39 56 52 -12 18 -45 -18 0
5 -26 -20 59 -31 6 18 22 24 0
41 -13 43 49 49 17 25 31 47 40 -9 0
11 18 22 40 54 0
10 13 13 -41 16 35 0
15 23 45 56 9 -32 0
12 -40 -16 0
4 30 34 3 18 38 48 54 8 8 9 9 49 55 37 41 54 56 0
6 -42 56 -2 7 -39 -17 0
24 37 46 -24 28 -11 55 -27 0
27 29 39 40 60 -36 -25 48 53 59 0
8 28 43 20 24 48 0
17 -45 -1 0
33 -7 0
13 27 31 -47 -46 12 32 42 46 52 11 -6 0
51 -59 10 23 25 26 36 2 -3 -18 0
-18 2
-18 3
