18 33 33 15 -35 45 -52 21 -26 0
0
14 24 27 34 47 16 -53 -31 13 -3 18 -40 0
7 -20 -26 21 39 45 48 12 -20 0
12 42 58 11 -22 -54 36 55 58 0
40 50 0
8 -14 47 15 -58 0
8 5 11 56 60 13 -29 0
4 8 15 31 58 34 -56 0
6 31 58 59 9 14 15 16 47 56 -25 0
47 -35 -7 51 -14 -55 30 16 25 27 52 60 0
11 24 40 51 4 36 37 56 11 24 31 41 52 41 -3 -12 0
10 -23 -41 9 -29 0
60 -47 -9 23 45 49 11 -35 21 -26 0
5 -2 -33 0
6 -25 43 -3 -51 3 -4 0
9 -24 -49 4 14 23 31 48 0
5 -16 -1 5 -38 0
47 -57 -56 38 -3 25 -34 42 -1 0
10 15 17 23 49 49 -2 -60 0
32 -32 0
41 -45 25 28 45 46 58 55 -32 31 -55 -12 0
-2 1
-2 2
-2 3
12 33 34 55 12 -47 27 54 0
24 -28 29 42 46 49 14 22 23 25 41 0
6 -60 24 -30 -36 29 -32 -17 24 -56 0
38 6 -28 59 -52 0
0
44 -47 0
33 35 35 34 -26 0
38 43 60 0
47 -20 51 -35 -11 0
5 37 39 43 56 56 -56 7 -59 2 20 25 39 0
3 -24 -12 0
6 10 46 55 57 0
37 50 0
8 -7 16 -11 -12 11 0
1 19 23 39 49 40 -37 29 35 8 -30 -33 0
22 -52 -44 19 56 17 18 49 0
14 -31 40 -24 4 -60 -31 0
14 -28 47 -22 -29 39 -20 30 56 59 58 -11 0
4 47 -56 11 -54 -7 7 7 14 36 58 0
14 19 55 34 -43 0
-25 2
-25 3
