40 -24 -18 53 21 -33 -35 0
52 4 22 31 9 55 2 8 21 29 0
5 -31 -39 31 60 2 14 15 17 52 0
46 -39 47 -40 8 8 18 27 59 0
8 -42 0
24 58 -5 32 -36 5 18 17 22 22 28 56 0
40 44 43 -53 58 -16 10 0
43 45 40 -22 6 30 56 30 -23 -38 0
5 -40 58 -21 -60 4 -48 -13 34 -31 -16 0
49 -6 55 8 -11 16 38 41 49 58 0
4 32 44 35 21 28 29 40 48 0
31 -31 0
19 7 -43 -34 51 -8 -12 49 0
37 -1 3 -24 -52 46 -33 -53 30 46 60 35 0
53 -53 44 60 13 -49 8 18 40 0
9 26 60 33 -37 -6 0
6 10 26 55 -17 -15 0
3 -21 -56 20 36 56 57 2 36 47 -40 -25 0
0
20 36 36 60 21 27 28 58 -10 11 37 0
53 -42 -31 0
41 42 46 28 -35 0
-2 1
-2 2
-2 3
-68 3
6 0
48 3 -58 0
0
7 15 42 46 45 -25 -36 36 -43 0
52 -22 47 -52 35 -3 0
55 -10 41 50 6 -59 0
0
18 30 48 33 -43 -43 0
3 42 51 5 -32 -3 5 8 27 28 33 35 -44 14 29 57 0
0
54 59 14 20 31 6 -30 -21 55 -49 0
5 -59 0
13 17 46 0
0
36 0
34 45 0
47 -40 17 -36 -56 0
12 17 28 46 37 -4 26 22 -54 20 -55 -46 0
2 22 0
10 39 29 29 51 51 2 14 31 35 40 0
-2 2
-2 3
