45 -38 -49 0
4 11 26 32 7 8 39 40 10 -57 -44 0
33 -42 -29 0
49 -29 3 27 43 46 28 -25 0
10 -40 -57 36 -32 -48 4 26 34 59 23 -50 0
28 -31 7 -9 -35 5 -5 51 -40 -5 29 -56 0
27 57 15 -11 0
30 -41 -50 14 33 41 47 0
58 -8 -31 23 0
41 -37 48 -31 0
5 10 50 20 45 4 36 38 57 0
4 -12 24 -39 -26 39 -29 -49 53 -8 -4 0
13 -52 -59 7 11 13 22 53 49 -31 -18 48 -43 0
0
11 30 30 56 13 -6 -14 6 52 13 39 0
34 46 51 0
3 42 47 49 52 22 -8 52 -21 0
51 -41 0
11 -10 2 38 52 30 -12 0
47 -19 -37 47 -46 -59 0
49 -59 29 59 0
51 -44 -39 6 6 21 43 52 19 -39 -12 58 -7 0
-2 1
-2 2
-2 3
21 -38 9 -13 38 -7 0
7 -13 -12 12 40 51 0
6 38 41 51 -52 -26 0
28 45 5 19 37 0
17 -48 -52 20 -7 58 -44 -18 0
40 46 48 60 -4 3 22 27 0
3 3 43 45 31 -11 0
2 -36 38 -44 43 -6 -53 3 26 42 10 -45 0
12 14 32 49 0
5 -11 25 29 34 43 48 0
5 -50 50 -35 -42 18 37 43 51 0
10 -45 0
0
24 -26 37 46 47 53 55 0
38 -31 -26 20 -3 47 -21 0
10 27 45 55 55 -13 -39 0
6 12 26 52 18 -39 28 -35 -58 1 -14 -50 33 43 50 53 0
3 9 35 40 50 41 -34 32 -47 -13 24 34 35 57 57 37 -19 0
26 -52 -3 47 -14 0
14 23 59 45 -27 -10 0
-47 2
-50 3
