1 18 27 40 5 36 39 41 47 23 28 -45 -52 15 18 50 0
31 -18 -4 0
38 40 48 60 19 -11 -8 0
15 35 44 3 20 0
21 -22 -17 25 30 45 47 6 -55 -60 2 21 0
9 -12 24 -20 8 56 0
7 25 55 55 41 58 31 50 -45 0
13 15 36 37 53 0
1 -36 0
37 -49 -43 4 -8 0
12 -33 26 -45 -44 5 9 54 22 26 32 38 44 9 18 32 0
0
37 -39 52 -1 -7 0
46 -34 57 60 0
57 -57 0
27 -4 -48 34 -20 -32 0
50 -32 -49 20 -13 59 -48 0
27 -9 -42 0
5 18 31 36 46 32 54 -2 0
10 41 56 60 0
26 49 52 60 3 22 47 58 20 26 40 50 60 -1 0
2 14 21 56 0
-10 1
-10 2
-10 3
-66 2
30 60 13 0
11 -30 10 15 19 24 0
31 -20 -25 10 13 0
5 58 2 21 45 14 -46 -29 13 28 48 0
7 -36 36 -45 18 -21 13 -38 -27 0
8 -37 35 -13 -48 0
34 40 59 -20 58 -52 0
55 -4 12 35 1 17 20 45 45 0
48 -36 -52 33 60 0
31 -55 -30 0
2 -17 -33 0
1 43 43 25 -31 -38 2 38 45 45 41 -9 -55 0
26 59 59 0
32 -13 -44 38 -20 34 41 12 -36 0
0
14 -17 -36 13 -10 -56 53 -44 -27 0
39 46 55 14 -33 -28 24 -21 0
58 -45 -49 11 19 45 26 26 29 58 24 -21 24 35 40 44 54 0
6 17 33 57 59 0
22 -23 2 9 15 46 54 59 60 0
-15 2
-15 3
