2 11 20 23 48 5 0
14 -32 -33 0
6 38 43 52 0
0
4 -38 -4 23 -13 10 23 26 30 49 0
3 11 13 22 57 38 57 0
9 16 34 36 58 0
15 16 45 48 49 45 -39 0
0
41 0
31 -24 45 -43 60 -60 -42 0
1 3 39 0
3 4 20 34 59 55 2 22 0
9 31 34 33 -15 0
8 21 21 24 28 0
8 17 35 36 11 -56 0
13 16 51 0
22 -10 -5 33 -14 -28 0
8 -32 -59 0
0
51 -46 -11 1 9 37 39 39 0
38 38 48 56 0
-6 1
-6 2
-6 3
-67 3
48 -24 -20 16 -46 0
7 18 25 34 39 31 -37 -13 5 7 39 32 -39 -6 0
23 34 46 25 6 -15 -27 19 0
30 45 56 -35 -11 0
58 -52 -30 0
12 45 50 -29 -17 33 24 -26 -2 0
52 -3 0
32 -34 4 29 40 0
0
19 25 27 55 57 11 -38 -41 1 35 0
37 48 51 11 14 28 33 41 10 -42 40 -36 -10 0
18 20 35 35 10 -47 -35 0
60 0
52 -27 2 19 39 51 58 25 -27 -3 0
2 -4 7 25 36 46 23 -27 -54 50 0
2 38 41 44 53 4 34 -29 0
37 51 0
0
3 9 15 46 0
25 -19 -3 4 -5 0
-46 2
-46 3
