36 -7 -56 38 -12 -2 49 -43 25 -37 -31 25 -8 -8 0
9 -2 0
42 -15 56 6 51 15 25 32 2 -4 -9 0
20 22 35 38 4 21 27 29 46 -14 50 0
42 -54 0
4 8 0
33 -10 -19 2 13 18 55 60 43 -38 -5 2 58 0
47 -47 0
39 12 -5 -29 2 -25 30 -2 0
26 -27 4 -59 0
28 -56 5 31 33 57 0
3 -46 -9 11 41 0
31 32 50 59 44 -14 58 -18 -54 0
7 31 37 57 -29 -9 0
26 42 51 60 -4 -7 0
6 -48 -47 0
38 40 46 58 22 -23 0
1 -7 0
53 25 -16 39 -28 10 -55 -15 0
15 -46 60 -39 45 38 58 0
51 -48 -19 22 -44 0
7 -18 29 -51 -28 24 -41 0
-13 1
-13 2
-13 3
-68 3
17 53 10 17 50 49 -5 10 20 33 38 40 2 -41 -20 0
31 -42 0
52 -11 -22 11 0
42 -18 -30 47 -8 -34 0
10 16 22 50 14 20 39 0
43 -15 13 -57 0
0
17 44 0
5 24 54 41 -56 -39 43 -23 0
50 -5 8 50 56 20 -34 14 29 46 0
28 -48 0
33 -58 -23 21 37 56 -21 0
24 31 40 48 0
17 29 47 54 8 15 36 0
1 -8 10 20 26 45 48 10 22 0
29 -49 -31 0
23 43 46 47 59 1 28 28 29 0
14 -29 -9 24 25 59 60 17 -36 0
31 -44 17 22 35 44 0
54 9 16 19 34 5 -39 -20 1 7 12 0
-50 2
-50 3
