0
8 29 58 59 31 -57 28 30 39 0
1 48 39 -27 18 -46 35 49 47 -3 -12 0
21 35 51 38 -35 -36 0
6 29 34 19 -41 18 -44 22 -48 43 -50 -8 0
30 -23 -8 0
6 16 41 49 50 3 8 42 60 2 19 29 41 58 0
5 40 44 22 23 26 34 60 -2 0
0
35 -57 -29 6 28 29 33 2 26 8 17 49 7 -43 0
21 48 51 51 60 51 8 -24 0
0
15 -14 0
49 6 14 52 4 20 33 55 -58 -15 0
2 4 15 32 42 1 25 30 58 5 34 48 53 -16 -10 6 17 35 0
27 29 32 42 14 22 33 39 53 0
5 28 46 49 55 21 -11 -57 25 -37 0
31 -27 -36 0
56 -14 -41 37 40 59 21 -18 0
30 -9 -24 9 -30 8 -17 -21 0
2 -31 -32 51 -27 0
0
-9 1
-9 2
-9 3
4 12 34 55 1 43 51 58 0
10 38 40 37 38 7 26 38 39 39 5 10 47 60 28 -6 -19 0
57 -45 0
33 -18 -24 17 29 30 32 51 0
8 -4 26 36 59 0
33 -39 0
0
17 19 60 19 -21 30 -21 35 -29 0
54 -46 0
39 8 -55 0
46 -17 -46 17 18 22 46 58 -59 -36 0
29 -22 0
20 -25 -20 53 -4 0
1 12 31 18 38 59 0
5 -8 0
29 0
2 7 26 33 20 -45 12 39 42 60 11 -51 -40 13 -16 0
50 -11 0
31 9 32 49 0
35 8 18 44 56 58 0
-53 2
-50 3
