1 -49 0
4 18 18 20 32 -4 18 44 45 0
12 -57 -4 29 -58 42 0
37 -48 -47 57 -60 4 6 17 27 28 0
59 53 -27 0
58 -4 -57 0
3 -21 -9 11 16 7 25 31 0
2 4 25 48 0
3 39 42 54 30 2 11 16 40 3 12 -23 0
5 -33 28 2 17 18 27 58 0
6 -26 -35 9 -45 44 -28 0
2 -13 -6 22 -52 -38 9 -5 26 44 49 55 0
41 -33 -41 41 -59 -26 34 -53 -36 0
33 37 54 42 -1 4 50 31 -30 0
25 -9 46 57 5 25 42 51 57 0
18 -10 41 -29 -43 56 -17 2 7 0
58 32 49 0
60 -7 10 -15 0
12 -54 -57 33 -10 15 -54 -47 0
1 14 18 47 13 -60 -30 6 0
45 -52 -36 22 0
58 -39 11 35 60 -11 14 17 33 47 0
-7 1
-7 2
-7 3
8 22 27 28 0
12 -16 -27 56 -45 -54 5 -17 -28 38 7 38 48 55 0
23 -51 -52 8 -9 53 -56 -3 52 -14 -37 19 40 55 56 59 0
10 33 46 50 55 17 -48 23 29 50 55 0
34 -15 -3 4 -48 12 15 16 47 47 0
27 32 58 60 34 -42 -21 3 13 22 32 45 47 0
58 -16 -44 18 42 42 57 0
0
39 -15 37 -55 0
39 -17 -30 57 -41 43 -46 -23 23 55 0
7 35 16 -22 0
60 -34 0
15 -38 51 -31 3 5 19 24 0
34 -22 0
20 24 25 54 3 -17 -16 0
59 -20 -56 5 17 27 15 41 -54 -18 0
34 0
34 38 7 8 9 28 58 0
18 31 44 48 -59 40 -43 -48 31 -42 -5 30 -26 0
0
-20 2
-20 3
