6 -54 26 -37 45 -6 -32 27 -3 -7 0
38 19 40 49 4 0
19 23 50 60 4 19 30 54 8 15 26 34 22 -1 -16 26 0
50 -14 -34 0
26 -28 -9 40 -24 33 -41 -14 56 -7 -25 0
24 -53 37 -23 0
0
4 5 46 48 0
60 -17 0
50 -14 0
21 21 50 59 3 -10 23 -15 21 23 32 38 41 0
11 13 5 -14 -24 0
40 52 -55 -20 50 -4 -1 0
31 -50 27 -18 -54 44 -9 -47 0
10 15 27 29 44 0
56 -27 3 21 32 43 46 39 57 1 2 11 15 49 0
31 39 -21 -38 23 25 57 -14 -1 9 -18 -35 0
20 20 42 12 -60 0
44 -33 0
11 -53 48 -42 58 -48 13 -51 -18 0
35 -12 -31 10 38 -7 -28 5 24 32 57 0
29 35 51 52 20 -25 -58 30 -44 -40 0
-6 1
-6 2
-6 3
-66 3
46 -15 41 -23 -19 17 18 59 -12 0
17 24 48 0
30 -17 47 -7 -46 2 13 32 37 26 -53 0
9 60 0
15 29 38 -42 0
17 1 16 44 24 -20 -11 9 24 41 47 53 22 -2 0
53 -20 0
4 -44 -6 41 -30 -13 0
23 28 0
16 50 2 29 0
38 -41 20 -48 -58 0
1 54 -41 0
12 -19 -57 3 6 34 0
46 32 59 0
1 12 14 25 43 52 -31 0
14 20 26 28 30 8 -10 0
25 28 40 48 0
0
38 -30 1 8 23 41 41 49 0
25 -39 0
-6 2
-6 3
