46 -39 22 -29 0
59 -19 -5 0
1 -18 -35 13 23 48 59 -53 -56 1 -28 0
57 -30 0
9 -16 0
10 -58 52 -27 -4 13 -47 -7 58 0
33 -31 -51 0
1 5 11 43 53 0
0
11 -59 -56 4 -11 13 16 21 22 0
53 -34 1 27 28 39 48 10 -33 -26 0
56 -15 18 -33 7 -44 -36 0
43 -5 0
22 -51 -19 23 -41 -59 24 -38 0
16 -49 -47 9 16 8 59 0
34 -1 0
29 45 54 58 26 -9 -7 0
13 0
28 -27 58 -10 -5 0
19 -45 -7 17 -11 -54 16 -51 0
4 -15 -4 35 -58 -59 22 34 36 58 40 -28 -24 0
15 -46 -44 21 -14 -15 13 9 43 52 5 -13 0
-2 1
-2 2
-2 3
2 31 19 -3 43 -50 30 -42 26 -10 0
42 45 0
15 39 51 53 56 54 4 12 35 39 52 0
21 23 60 -47 -29 0
27 -54 -6 59 -23 -52 10 15 27 0
51 -18 49 -49 -27 0
22 -13 12 16 35 -29 -37 52 0
37 46 55 -20 0
23 -16 0
0
2 11 20 27 40 7 18 20 32 0
52 -14 -26 8 15 49 57 57 0
21 35 52 1 9 23 26 48 0
3 25 29 41 55 29 -37 -45 11 -59 -15 43 -15 0
17 -11 13 -19 -19 0
31 -47 -25 19 44 -37 28 51 0
11 40 16 35 54 56 9 21 24 30 42 0
51 -43 -8 0
31 -32 1 13 16 25 51 51 52 0
14 21 23 24 8 11 29 47 1 12 16 32 57 0
-5 2
-5 3
