48 -14 54 0
17 -32 0
11 -55 18 -22 -48 20 -12 -36 13 19 42 46 54 48 -33 -37 0
17 34 52 0
10 13 22 39 57 15 -15 0
3 17 22 -18 54 55 59 0
9 36 40 25 -23 -59 0
5 9 11 23 48 0
2 -2 -15 5 24 49 55 10 20 0
1 17 -28 17 22 37 41 0
57 0
57 -59 -30 11 47 -60 -42 8 -39 31 34 51 0
0
20 -48 25 48 52 53 33 -20 5 -35 0
37 -9 10 -37 23 33 42 43 48 20 52 0
60 -33 -12 19 -26 -33 24 0
0
42 -19 6 17 13 52 53 0
18 55 60 24 -46 0
17 -23 -46 49 -10 -53 29 -58 -36 0
9 30 35 50 4 31 38 39 39 -38 0
27 -46 -19 2 20 38 6 -15 -26 9 28 55 27 -8 -21 0
-6 1
-6 2
-6 3
20 21 36 20 -43 0
1 24 30 -9 -54 23 24 33 45 14 -2 -13 19 -46 -46 0
31 33 47 49 56 57 0
4 36 41 5 9 11 12 34 2 -54 0
0
2 -50 37 38 44 5 13 28 30 44 0
2 29 58 17 26 46 56 4 14 0
29 41 53 36 43 44 53 21 -1 -53 5 10 12 24 48 42 -4 0
41 -40 19 21 32 52 4 13 19 20 28 0
46 0
11 -21 42 -27 0
18 23 28 -18 31 -30 40 -7 0
0
14 14 15 16 59 0
26 -31 31 -37 -43 0
54 -2 52 -60 0
15 17 -46 -15 2 22 0
14 -14 -11 35 -46 5 -28 27 -48 -42 30 -11 -57 0
19 -56 0
14 -7 0
-6 2
-6 3
