56 -21 45 0
22 -57 -31 11 -52 42 -56 20 -9 -26 0
28 -45 54 -12 41 0
37 -55 -42 17 -53 12 0
58 -37 -59 10 0
34 -20 0
9 -35 3 -37 5 -42 -30 22 26 27 48 53 14 0
0
13 20 25 28 58 3 28 31 0
12 48 0
21 -39 0
14 -27 -39 55 -35 -46 0
43 -18 -41 6 -38 -9 40 45 59 0
36 -41 0
13 22 -31 1 20 25 26 48 0
36 -4 -32 12 32 46 8 51 4 29 55 47 -5 -54 0
0
11 41 51 22 -58 -42 32 40 54 3 15 19 0
7 15 35 0
55 -35 -43 58 -26 -35 0
7 18 40 44 57 0
28 2 -27 -50 49 -25 -60 0
-15 1
-15 2
-15 3
23 -17 -39 0
40 -5 -40 21 -57 -47 0
1 2 6 0
26 28 40 43 0
24 -21 -31 0
1 41 43 50 7 -51 -51 0
46 -51 -24 16 -2 15 -57 -34 0
47 -47 -52 0
3 40 55 21 -18 -32 27 -1 19 -9 0
12 56 19 -47 -41 42 58 -52 -55 0
45 25 0
49 -42 10 -46 -17 0
1 7 30 33 35 0
55 -23 -46 50 18 25 31 34 45 51 -17 -20 0
2 -29 -4 18 47 38 -15 -36 16 -36 -16 0
17 -6 -24 0
0
45 -35 -7 51 -8 9 34 36 51 0
44 17 29 37 46 56 21 35 42 0
58 -6 22 47 51 0
-52 2
-54 3
