17 46 -44 -5 0
16 22 33 33 45 12 44 46 47 53 3 5 14 20 23 0
25 -55 9 10 17 26 36 0
46 -9 -43 0
0
31 -2 -5 0
12 -31 18 31 31 31 43 0
27 43 0
52 21 17 23 41 50 56 0
18 0
44 -10 -59 0
60 -15 21 -38 -8 8 -38 24 38 39 58 0
6 -59 0
7 24 31 37 46 0
14 25 48 60 20 21 35 47 9 32 53 54 0
17 25 0
35 -28 -29 0
50 -25 24 28 46 48 9 48 55 58 0
30 -31 -12 35 -50 36 -13 -57 18 -3 -7 0
39 43 51 35 -12 0
32 -16 45 -5 8 -18 35 39 0
0
-2 1
-2 2
-2 3
-67 3
34 -26 23 -23 28 -17 -44 0
53 -44 -41 34 39 8 32 44 46 1 -14 -52 0
16 -10 -35 51 4 20 28 37 0
44 -51 25 19 30 33 42 0
11 22 42 48 32 -1 1 15 45 -13 -20 0
23 23 36 0
17 -7 10 -40 57 -43 -2 5 58 45 0
49 -8 57 -21 25 51 57 0
6 55 56 0
18 8 12 14 27 -32 -33 17 18 0
2 -27 9 -29 -6 0
7 -27 -39 6 -12 -14 0
0
18 -6 -25 0
23 -36 -22 15 16 28 37 0
37 36 -37 20 0
5 23 34 37 19 -2 -10 58 0
6 -47 -6 50 -49 41 -57 31 -34 -59 0
12 -8 23 55 59 -26 -23 41 -37 -19 0
32 -11 -13 48 -11 0
-12 2
-12 3
