37 -20 45 55 56 59 36 -16 -59 44 -33 0
4 35 50 53 51 -35 -13 7 53 58 59 20 25 30 52 0
1 -37 0
5 -45 -24 4 -29 -33 60 -9 -60 11 18 30 31 0
41 -25 5 -51 -22 47 -12 43 51 54 50 0
15 -43 -15 48 0
4 45 0
13 -22 0
55 -20 0
3 18 40 54 31 -54 -45 31 -16 -41 36 -39 16 43 48 48 56 0
2 15 17 31 53 3 11 12 22 28 0
41 29 0
26 0
58 -60 39 -55 -55 25 -36 0
31 55 55 55 41 -2 -4 0
19 40 27 38 39 57 57 40 51 19 31 0
48 -7 -38 30 -48 0
4 35 42 44 58 47 25 52 57 0
51 -35 -57 55 -2 42 -5 -31 46 -22 -35 22 29 36 45 0
26 -17 18 24 57 58 0
10 11 37 58 26 29 38 39 59 55 0
0
-5 1
-5 2
-5 3
16 -56 -23 0
4 14 25 47 -34 53 -30 1 30 43 0
22 32 38 48 3 23 35 41 13 -17 -4 48 -10 -6 0
30 -33 -36 47 -45 0
18 28 -30 0
53 -50 31 49 49 -1 0
20 -3 -36 0
60 -3 0
19 34 18 -1 4 24 29 37 53 2 -53 52 -52 -35 0
9 20 28 38 38 -8 -46 0
3 0
35 -47 -49 57 -8 -17 0
4 -9 -40 42 -8 27 -52 -30 0
15 53 0
47 -31 19 45 0
36 -34 -56 8 14 22 27 32 -42 -44 0
24 -40 -45 7 -27 -3 0
32 -19 0
6 -50 46 -51 0
11 29 31 0
-56 2
-48 3
