15 26 37 49 28 -54 8 15 20 34 39 -33 -12 30 -42 0
3 9 10 40 54 6 50 29 37 25 0
11 -56 -43 43 -1 53 0
3 7 8 22 0
52 -36 1 15 23 58 53 -29 0
53 -37 -49 0
53 -24 33 -27 3 -38 -8 3 15 17 0
5 9 52 55 57 55 -32 29 -57 0
52 53 -50 -11 3 -30 -15 0
47 -37 -10 60 -30 -18 17 12 1 -1 -3 0
0
36 -11 24 -33 -41 34 37 58 0
6 24 24 52 52 7 33 33 44 32 -5 -35 0
5 25 27 34 48 0
10 -41 -46 42 47 59 59 56 -32 -45 2 -30 0
24 5 -19 15 -1 -36 20 0
13 11 22 46 55 0
0
36 -52 0
11 -17 -26 0
57 4 17 -52 -48 12 26 0
6 16 30 58 31 -32 -18 0
-13 1
-13 2
-13 3
-66 3
45 -7 -14 0
7 8 11 17 5 8 22 30 40 32 33 43 44 0
27 3 24 45 51 55 2 10 20 35 7 11 39 39 43 -10 0
17 -3 -35 1 -43 -41 50 -10 -31 41 46 -54 -52 0
9 -41 -17 33 -1 -57 11 15 39 57 0
51 54 44 48 49 23 47 -32 60 -16 0
20 23 24 26 51 -25 0
1 14 28 37 53 0
60 -60 44 -2 58 51 57 0
9 -23 -43 0
0
36 -33 24 -29 40 -53 0
32 -27 -24 11 -43 0
18 -55 0
9 -12 35 -35 9 43 25 -54 0
60 -28 55 -11 -48 29 -41 56 -55 22 -59 -9 0
3 -4 -12 1 -53 -8 8 30 47 33 -36 2 0
0
10 -26 54 -5 5 -51 -25 22 52 22 41 51 57 0
1 20 60 6 -56 -36 17 19 26 45 0
-49 2
-53 3
