14 23 54 12 44 51 0
47 -20 -43 0
19 40 9 49 0
20 21 27 27 -20 0
3 29 41 5 5 24 37 0
37 -33 -46 6 13 16 42 2 24 47 23 -43 -19 0
50 14 17 41 53 24 -46 21 -47 -12 0
1 -49 8 18 52 55 59 0
38 55 47 -38 -19 0
54 -33 -10 0
54 -19 -48 54 -42 -39 6 7 24 39 0
5 20 35 43 54 43 53 -19 44 0
15 -18 29 -27 -27 0
32 -6 -11 0
50 -56 -43 14 27 38 -36 -60 4 32 49 0
6 -44 -56 0
53 -38 -16 0
2 30 42 45 51 12 40 47 58 0
17 36 41 58 59 30 -3 -53 10 26 40 41 3 33 0
49 54 59 12 -29 -26 0
4 8 14 41 0
11 25 28 47 15 -28 -56 0
-21 1
-21 2
-21 3
-67 2
5 10 34 47 57 50 -29 36 -17 -46 24 26 26 35 58 0
0
44 -23 5 -13 -43 0
23 -18 11 12 50 51 56 29 -8 3 11 21 44 24 -50 0
9 -36 8 0
19 20 26 37 58 17 3 17 37 10 31 37 37 46 16 -18 -13 0
6 11 14 15 48 20 -17 -35 24 32 49 60 12 -31 18 0
58 45 -49 -29 18 26 35 38 57 0
1 3 9 37 47 14 28 41 41 45 6 -48 0
2 18 20 32 -32 -27 49 -46 0
22 0
43 49 59 39 -55 39 -33 -15 0
35 -21 22 -32 45 7 -54 21 -2 -47 0
5 -43 19 -19 60 -28 0
41 -22 0
10 11 24 53 57 0
59 -8 12 -9 44 36 37 40 54 57 0
32 -55 6 -14 0
0
12 40 55 13 22 37 54 54 46 -50 -47 28 0
-49 2
-47 3
