7 25 33 4 -17 47 -35 0
57 -46 -40 0
40 -14 19 24 38 60 13 -42 -55 15 0
38 -7 -34 0
35 -1 0
51 -22 14 60 16 18 48 50 2 31 36 32 0
33 -52 -18 22 33 0
8 -11 16 -42 -51 1 54 54 59 7 -7 16 19 36 0
0
42 -29 53 -16 49 24 -24 -56 0
18 22 0
20 45 0
23 45 0
44 -4 34 -49 -28 28 -33 -31 0
47 -56 -4 48 0
40 -20 -4 31 32 32 50 52 -60 29 -52 -60 0
51 5 25 34 54 57 23 -60 11 22 28 43 56 0
51 -10 0
20 -51 -34 35 41 0
52 -32 -36 9 24 58 -60 -19 12 -33 -46 0
51 -58 24 -29 -7 58 -37 26 28 43 0
48 -22 -47 0
-2 1
-2 2
-2 3
10 -2 9 17 22 52 39 -10 35 0
8 -15 -26 0
4 16 53 55 0
23 -22 45 -53 -47 25 48 -36 -53 24 24 35 60 0
19 -23 25 -16 37 -22 -34 0
36 -53 11 15 21 27 33 52 -24 59 -26 34 35 38 49 52 0
60 -1 -46 0
45 -24 -5 25 -7 0
12 -57 -16 0
7 -21 27 -59 -36 20 -21 -52 1 5 45 0
51 -52 -35 12 24 31 54 0
34 -27 -18 29 17 59 0
37 -47 59 -24 -49 36 -46 0
27 -30 9 -10 -16 0
47 -17 14 -34 0
32 0
14 16 -54 -20 0
24 -16 -4 0
22 36 18 -2 0
6 -25 -50 21 -27 29 -29 29 -40 -21 21 -34 -2 0
-2 2
-2 3
