49 -56 -10 26 -26 -15 5 50 0
5 6 30 51 51 13 0
6 9 45 10 -27 0
26 41 17 -9 44 -13 -22 16 44 58 0
42 51 53 0
9 9 51 46 -33 -27 0
18 27 37 41 59 55 -18 -55 30 -22 -25 0
31 -60 -24 0
5 -31 20 32 44 10 -60 -29 0
11 13 18 59 24 29 53 38 -37 -55 5 28 31 53 7 -14 0
19 -33 -42 0
30 -2 -33 0
1 22 60 55 -49 0
38 -15 19 43 59 0
32 -12 0
16 -21 -8 38 45 47 -1 -13 0
29 37 33 55 0
37 46 22 31 34 44 1 14 33 57 59 15 23 28 52 0
59 -5 -52 0
21 -36 -28 14 40 40 51 55 0
50 57 7 -55 0
24 54 0
-2 1
-2 2
-2 3
-68 3
7 11 14 45 37 -40 -33 40 -5 14 -22 -36 0
12 48 48 57 14 35 14 -41 12 -12 -4 0
17 -34 16 -21 -57 16 30 0
56 -48 0
2 17 54 40 -1 47 -48 14 -16 0
52 -10 -24 0
10 -20 2 -48 0
3 13 26 44 45 3 8 30 41 55 10 32 60 0
20 28 42 49 51 45 -44 4 60 0
21 31 -35 55 28 -47 -49 0
4 12 30 33 14 -36 -31 0
45 -14 2 30 45 6 -21 0
17 -57 2 12 50 55 0
24 35 49 -31 0
0
24 -27 -40 0
1 -47 -33 10 -2 0
16 23 35 39 45 7 15 31 16 49 13 48 53 50 -21 -57 0
0
17 45 45 40 0
-24 2
-24 3
