12 14 16 59 -6 -1 0
45 -59 0
32 -45 9 -5 -39 27 28 0
30 -37 15 -23 -11 14 15 16 39 50 -25 0
12 37 43 4 -28 -25 28 -59 10 15 40 45 0
7 18 21 36 51 6 -13 -51 1 49 51 0
33 -25 20 -10 3 17 51 43 49 59 46 -48 0
23 -25 14 -10 57 -17 30 -35 7 36 37 40 0
11 51 4 4 32 55 0
0
18 40 38 -14 31 -13 0
8 14 -11 -2 19 19 23 27 53 42 -58 0
37 -6 0
44 -38 0
33 -34 -19 0
0
10 -38 -24 46 -38 -53 25 -13 7 46 48 52 0
0
43 -8 -20 15 42 0
31 53 -53 36 -19 20 -16 0
41 -8 53 11 30 44 0
15 -12 5 5 -4 -39 0
-2 1
-2 2
-2 3
12 -47 5 -10 11 30 45 27 -44 -7 45 -54 -49 0
8 8 32 51 54 10 -60 -21 5 -40 -17 38 -54 0
44 -59 -14 36 50 -51 39 -34 -40 28 54 58 0
31 0
46 -8 59 0
14 -33 57 -46 57 0
0
3 -32 19 21 37 37 43 0
49 53 17 -54 -19 47 0
14 24 40 49 50 5 11 42 43 0
46 60 24 -23 -55 0
22 -12 0
3 -26 -52 0
21 36 45 4 -57 0
37 -41 -50 1 57 0
9 -5 0
14 -43 -57 11 18 45 58 34 -28 -55 23 46 59 14 45 47 53 60 0
32 -21 44 -34 0
24 36 36 49 0
35 -26 0
-2 2
-2 3
