17 41 9 29 40 50 59 1 27 35 48 53 36 47 31 -19 -9 0
2 41 0
4 12 18 31 40 1 9 57 59 0
15 20 49 60 0
43 41 -36 9 27 36 58 2 59 0
14 -58 -49 36 -46 -25 0
22 -22 -31 30 -25 2 41 46 -46 -43 2 -56 0
6 19 22 45 54 0
13 33 42 45 50 33 0
8 37 50 12 13 41 2 10 36 43 0
28 -42 47 58 59 0
0
0
38 40 55 46 -5 0
46 -34 -18 53 -22 -2 10 -56 -12 5 18 25 30 0
19 -32 -11 0
30 -12 -23 36 -9 -15 25 -2 14 16 20 22 56 12 23 35 55 0
19 35 49 24 -2 -11 12 -32 -49 38 -48 15 19 33 53 57 0
28 -27 -9 7 20 42 33 -2 -58 0
0
5 38 54 2 9 25 36 0
21 -37 0
-2 1
-2 2
-2 3
0
3 -32 16 39 45 45 50 0
46 -33 -28 5 9 48 10 -53 -42 0
47 -60 19 -41 -28 0
36 -32 0
32 56 40 -20 24 -10 -39 0
2 -24 -42 0
41 -58 -25 0
58 -2 48 -27 -29 0
52 -18 -33 58 -51 -33 0
26 -46 54 -25 -48 26 31 33 40 55 0
0
57 -15 -2 0
1 -7 -48 18 -37 29 35 36 43 58 0
8 10 21 48 58 0
27 43 52 56 41 0
59 -15 -46 49 -48 20 -12 -25 0
26 -42 -17 5 -23 -6 0
44 4 5 8 40 27 50 0
16 12 16 25 35 9 -13 0
-10 2
-10 3
