16 22 38 0
29 -24 -55 0
51 -16 -47 35 0
19 -13 7 15 27 28 41 17 -48 0
26 -6 36 39 47 0
27 0
2 9 33 36 60 58 -12 0
36 -46 -37 10 35 -58 0
17 17 22 55 0
17 -57 0
21 -32 -58 0
0
25 -18 1 12 26 24 -48 -39 18 -7 -51 0
55 -23 -1 57 -41 1 4 40 7 58 0
8 17 33 8 7 42 44 0
27 -4 0
11 -35 -16 0
15 24 46 2 17 23 28 40 49 -60 -44 18 43 0
23 -50 -54 24 39 -1 45 0
16 -53 -39 35 55 46 -34 -7 0
51 -57 -51 21 22 34 37 13 -28 29 45 22 40 43 46 0
21 -52 19 22 56 57 27 -56 -8 59 -48 -12 0
-2 1
-2 2
-2 3
13 30 31 39 50 0
8 -28 1 8 24 31 55 0
2 -25 41 45 49 55 48 -24 0
22 35 0
41 -50 0
7 12 52 9 -2 33 -42 -46 5 35 22 -3 0
7 30 34 41 56 8 18 20 0
12 40 43 11 15 40 0
57 -10 7 23 35 45 0
54 -59 -55 21 -34 8 11 25 11 -4 0
26 -38 -37 0
6 0
20 -47 57 -60 -45 28 -46 0
55 -27 -28 11 14 17 30 0
16 17 41 44 47 47 -45 0
11 20 28 32 0
7 -6 24 -8 -9 8 11 19 28 29 22 -38 -15 0
14 51 55 17 29 -48 6 9 20 38 58 0
55 39 -7 -48 5 27 37 0
6 10 32 42 55 5 8 48 0
-2 2
-2 3
