12 35 45 50 56 31 -40 -20 31 -5 -12 46 -54 -56 0
20 34 60 -5 -56 0
30 -11 37 -40 29 -33 7 -3 9 42 0
33 -37 42 -58 49 -49 -15 7 -54 0
50 -1 2 7 0
37 20 -15 -28 0
27 0
44 12 -53 15 -50 8 14 29 55 0
7 12 13 30 33 0
51 -59 33 -28 -34 0
56 3 7 33 58 10 27 0
33 -60 -48 24 -58 -2 18 25 8 11 53 55 0
48 -27 5 -33 48 -51 -22 20 -15 -10 0
39 23 45 53 0
25 30 31 35 48 0
16 -20 6 26 0
10 -38 -36 54 -59 4 35 36 42 55 -18 -48 0
3 -43 -19 4 -32 -24 25 37 43 57 0
33 34 18 -33 21 26 47 57 -35 -22 3 -4 -40 0
3 -8 9 27 36 50 57 -51 -52 0
34 44 46 46 0
11 -56 47 -12 25 -31 0
-2 1
-2 2
-2 3
39 50 4 17 52 13 -7 -47 11 -22 -34 13 -52 0
27 -59 -28 50 -28 50 -35 50 -49 0
34 -51 -25 0
14 -46 -2 26 -5 21 32 43 12 56 0
26 30 35 41 49 4 -6 28 -59 0
51 -60 1 -44 -59 9 59 49 -33 14 26 47 60 0
53 -33 -54 31 -9 8 41 45 50 54 0
60 27 -56 -20 52 0
46 -49 51 -58 12 4 -26 -21 6 -44 -42 0
37 43 59 60 0
32 -35 -8 58 -47 -55 60 -4 0
22 -7 -23 14 -36 0
14 24 55 4 32 0
22 -25 -60 22 -34 -23 24 35 35 41 52 -40 -57 0
11 -41 -31 9 -14 2 -44 -39 12 34 0
14 25 30 31 42 5 -17 43 -59 -22 0
1 3 55 38 -31 -46 15 18 30 53 10 32 32 36 50 0
0
24 54 11 34 36 37 0
0
-50 2
-49 3
