26 -32 -44 29 18 -42 44 0
47 -3 -58 1 26 33 58 0
5 26 29 34 56 8 15 33 37 6 20 39 39 47 0
57 -37 33 -27 -59 8 0
49 -20 -3 53 -21 -11 27 27 49 0
10 15 20 37 40 29 -18 0
0
30 -44 22 -22 -2 42 -60 -9 0
11 -19 10 15 20 43 0
33 39 59 23 -16 48 -55 49 -21 -60 0
29 30 34 35 37 15 -30 20 38 47 0
45 -54 0
38 -3 -47 45 -50 -38 55 -60 -27 29 27 -30 0
16 -60 -46 0
17 38 50 27 -30 0
32 -56 -46 10 -9 0
2 5 28 29 31 0
3 24 27 24 -9 -49 39 -31 -16 34 -1 -47 18 -22 0
42 -56 -56 24 -37 -53 0
23 38 0
41 -13 -57 0
25 -38 33 37 29 -40 -2 0
-3 1
-3 2
-3 3
-68 2
54 -17 9 11 22 -29 27 -34 0
3 13 3 10 13 35 60 17 -9 -11 49 -33 -55 10 -32 0
13 -9 -7 5 -39 38 20 -44 0
9 36 -37 -19 57 -9 -27 0
0
13 -44 -11 48 -60 0
4 -38 -55 22 -53 -48 0
1 -48 -47 2 41 59 25 -32 8 -14 24 -33 -36 0
50 0
22 -6 -19 26 -54 29 -19 43 -50 0
4 6 43 60 0
7 -53 -41 60 -36 -2 0
39 53 56 25 -10 2 -46 -2 12 -1 -3 39 44 0
30 -36 0
0
56 -35 -9 1 10 25 28 54 58 -30 -55 10 -41 -14 24 -40 -51 0
13 28 57 57 59 38 -41 -59 0
33 52 17 -19 -16 45 -3 17 29 35 42 44 44 -1 -23 0
55 -38 -35 55 -29 0
49 -27 -2 5 23 27 32 46 8 27 29 46 53 0
-11 2
-11 3
