1 47 55 16 37 47 56 34 -12 -43 6 31 44 0
7 -30 -52 37 48 50 11 19 20 21 2 -31 -46 60 -41 -49 0
14 -21 -4 10 14 28 50 0
47 -59 -37 53 0
18 -41 5 16 46 47 54 44 -11 -7 11 39 46 55 37 -39 0
8 41 50 51 10 13 33 51 42 -39 0
48 56 56 60 -37 0
9 16 37 41 7 17 20 21 27 0
30 15 -43 0
0
48 -58 -20 0
35 -32 48 -25 -5 22 -30 -14 0
19 -16 -24 50 -9 -40 0
59 -22 9 -7 51 54 55 8 15 26 57 0
58 -23 9 0
20 -35 -57 25 -27 18 0
8 -57 15 0
7 13 32 54 19 -23 0
47 7 -1 -60 0
16 -49 -49 10 -14 -24 0
15 32 39 46 36 -41 -50 28 -42 0
50 -26 -37 19 -59 -47 0
-2 1
-2 2
-2 3
-66 2
49 0
20 -23 4 -16 -25 35 -34 0
33 60 26 43 38 -53 0
12 23 50 3 4 40 43 -47 -3 0
32 3 43 45 60 0
58 49 -47 -14 0
22 -28 0
5 29 53 43 -6 -11 14 -7 -60 0
41 -36 -55 0
14 10 30 59 27 37 39 0
15 -42 -23 31 -11 40 2 50 0
30 -37 -33 58 -19 -32 9 41 8 -28 2 -18 -50 0
39 -33 -33 32 -5 20 -41 16 -35 0
49 49 12 -27 10 17 49 50 60 15 -59 -24 1 0
32 -58 -25 16 -6 0
4 9 33 52 53 22 25 56 0
48 42 -58 26 -1 -35 19 35 47 53 0
0
33 59 10 14 23 39 52 10 25 32 -30 -1 31 -14 0
53 -60 -27 35 0
-51 2
-54 3
