26 38 51 9 36 44 10 -8 49 -7 0
37 16 17 17 45 57 41 41 48 56 26 -56 -53 0
55 -21 -25 57 -53 0
13 39 48 0
19 22 52 54 59 8 -44 -38 36 -34 11 -10 0
38 -38 -12 0
3 -28 3 24 38 55 60 15 -26 -54 0
6 41 43 0
16 17 32 52 54 4 10 36 37 56 -28 -40 51 0
1 38 15 34 19 36 56 0
18 -14 0
1 -51 -51 0
5 -57 34 -53 -35 0
16 -22 36 58 0
12 -10 -28 52 60 29 40 47 0
46 52 35 38 38 51 53 60 -30 0
37 39 50 55 0
8 45 1 -54 22 -12 0
5 -14 1 -50 60 -6 22 -14 0
10 -42 1 10 38 40 49 49 -40 -55 6 15 54 0
7 -30 -11 14 15 20 55 0
19 -35 0
-2 1
-2 2
-2 3
41 -36 14 40 40 31 -1 -44 60 15 -11 -26 0
59 -58 -42 18 -32 -38 13 24 27 39 42 0
26 -33 -44 0
4 33 44 0
37 -44 -36 0
16 35 48 55 0
5 17 46 58 29 -52 -17 41 -57 6 -34 -2 0
22 -14 24 -23 54 -36 -51 26 -6 -5 22 52 0
27 35 60 32 34 43 46 52 42 47 55 27 39 54 32 -54 -8 0
54 -51 47 -43 -41 0
43 45 18 -25 -8 0
4 4 9 26 60 13 42 47 50 51 -54 -59 0
59 -41 19 36 39 8 31 36 50 0
11 12 32 0
5 13 26 37 0
22 41 41 49 22 -11 23 -58 -5 0
8 15 28 45 6 13 22 37 39 0
11 -53 -33 0
45 -17 55 40 -29 -12 14 30 32 35 0
28 -23 -37 0
-2 2
-2 3
