21 23 56 57 10 -20 0
5 14 17 44 0
8 17 28 40 53 34 -51 -44 24 34 37 0
52 -3 -13 0
32 -58 -44 26 26 35 35 58 0
4 -7 29 -11 39 -12 -22 15 55 56 12 -43 0
39 -7 -25 17 58 53 -59 -21 2 44 46 54 35 -12 0
59 -33 -47 4 -32 -48 4 13 0
18 -12 -31 1 2 11 20 58 9 0
12 -30 -4 26 -8 -47 0
13 -11 2 -20 6 -58 -60 3 32 47 56 58 -36 0
7 -33 6 10 17 59 59 0
12 -40 -32 41 -20 44 -57 4 21 29 0
41 -3 -10 45 -30 -4 19 32 53 59 59 0
9 -54 0
52 56 57 29 -55 -46 1 17 49 0
12 54 47 -19 -6 0
6 20 37 55 58 0
32 46 51 25 43 59 0
15 -16 1 -19 0
18 2 -19 -45 6 -30 -51 56 -11 0
45 -43 0
-15 1
-15 2
-15 3
1 22 28 40 58 34 -35 22 -26 -5 0
23 -60 7 8 40 52 53 59 -49 -58 0
40 -28 0
22 -49 27 29 2 26 0
17 19 23 0
3 26 51 56 34 -57 -41 46 -12 0
13 23 37 46 42 48 31 -50 -1 0
51 40 56 -26 0
33 -26 -34 6 10 32 36 0
46 53 27 -41 2 -48 0
13 -54 -36 21 -37 41 -50 54 -43 -51 0
2 11 27 37 50 26 -51 21 23 29 35 58 0
16 19 5 43 55 26 0
26 38 16 -55 7 51 0
23 41 56 51 -7 -10 19 20 46 52 59 0
42 -3 -60 0
42 -20 -34 33 -12 58 -50 14 29 41 57 0
14 18 5 43 43 0
18 -54 0
18 -27 -45 49 -5 -47 0
-56 2
-49 3
