45 -57 0
4 20 21 36 60 0
41 -47 -4 29 -40 -15 49 -56 -60 0
35 -56 -58 17 25 28 0
10 -3 0
25 -25 -48 5 10 53 17 26 52 19 -55 0
28 -46 0
48 -58 0
7 15 37 -11 4 16 20 56 25 44 47 34 -6 0
21 51 2 30 45 57 59 0
42 -48 -11 22 25 55 -28 -44 4 37 52 53 58 0
37 -12 -16 12 -48 -59 25 33 42 47 53 34 0
14 -45 -50 27 -9 1 5 31 38 56 9 20 41 56 57 0
51 -37 24 48 23 52 21 -34 0
28 -14 -12 33 -27 -38 2 -36 -41 26 -42 0
14 19 38 40 45 14 -4 -11 13 16 33 49 54 -32 0
0
0
20 24 32 33 0
34 48 48 -9 7 12 0
47 -42 -45 0
21 -37 -26 0
-2 1
-2 2
-2 3
59 -15 2 -42 -36 10 24 0
30 -30 -12 0
1 -5 -16 0
55 4 32 37 48 12 23 0
3 7 10 20 60 0
2 15 47 56 5 20 24 42 46 25 50 0
10 -52 5 -51 0
33 -56 0
59 -39 28 47 31 -55 0
45 -33 1 32 44 47 50 45 -39 -47 0
23 37 -51 -4 0
6 -15 -9 44 54 47 -35 -23 0
53 -3 4 0
1 33 42 49 58 32 -4 54 -21 -8 3 5 48 0
0
5 -58 -51 4 5 23 34 -13 -23 33 -16 -4 0
3 24 27 42 47 -45 8 56 24 -24 0
53 -16 -4 0
57 -13 -26 29 -7 11 18 36 22 24 35 39 0
11 23 36 4 -56 1 2 17 50 0
-50 2
-54 3
