0
24 -28 -47 51 -16 -21 3 10 16 18 45 35 -26 8 -1 -35 0
1 -35 3 6 9 25 46 -36 -10 2 5 18 24 0
28 -31 0
50 -60 46 -12 -20 20 -46 17 -21 20 29 44 60 0
3 5 16 21 31 25 34 40 41 10 -51 21 0
21 26 47 53 -54 55 -33 1 57 -34 -56 0
8 15 47 0
9 26 42 48 55 40 -18 -24 29 56 20 -44 -11 0
50 -57 1 -8 -11 50 55 -20 -41 6 -8 -55 0
49 -24 0
29 -38 0
18 0
21 -39 26 39 -42 -28 0
43 -15 -34 39 -18 35 -25 0
41 52 54 56 60 45 -10 15 32 41 43 47 27 -47 54 -37 0
58 -5 -21 10 14 48 42 60 7 -3 -52 0
0
1 37 40 52 60 53 -59 15 -60 0
38 39 47 47 55 26 -34 -41 0
5 40 58 49 54 55 12 -37 -40 18 -15 -49 0
37 -42 0
-3 1
-3 2
-3 3
22 -39 -50 0
12 -59 48 -35 57 -15 -41 2 15 22 36 41 54 -16 -20 0
10 47 56 3 10 22 50 0
50 -60 0
22 -1 53 -52 -5 7 -55 0
5 36 25 0
9 -38 40 -41 5 8 16 32 -40 -33 0
0
48 54 58 0
59 -60 -48 0
5 -39 -5 25 6 7 29 47 49 0
9 15 46 56 59 8 16 34 41 17 -30 9 -57 -52 0
30 -22 16 -50 56 -38 -53 10 18 21 30 36 0
1 24 54 44 -17 0
11 0
26 0
8 56 39 -5 -29 46 -31 12 20 23 27 55 3 8 17 27 45 0
54 -51 -29 3 11 31 35 38 6 -33 -10 0
1 -27 60 -31 -4 0
0
-3 2
-3 3
