18 -14 47 21 12 -43 0
52 -46 -49 0
39 -1 56 -56 24 -26 -12 0
33 -29 -23 16 33 59 0
19 27 43 56 26 -22 60 -26 0
48 55 0
31 -4 -48 19 -42 0
0
6 11 35 41 43 35 50 19 -28 -4 0
51 0
24 45 6 22 42 47 57 0
23 -35 0
52 -22 -2 18 -42 12 -25 -39 0
48 -45 16 20 21 32 48 -42 -1 0
43 -53 13 -20 20 -40 -36 27 -51 -19 0
25 -16 -13 4 10 37 0
11 13 16 15 30 41 41 51 0
21 22 57 55 9 -11 56 -3 0
5 39 56 37 54 0
47 -47 -60 27 -23 48 -4 -42 0
25 0
15 -6 -6 56 58 11 15 51 5 14 15 28 0
-2 1
-2 2
-2 3
23 23 38 45 49 0
0
47 -12 -8 33 34 41 45 0
20 -18 -55 39 58 -4 26 -19 -9 49 -25 0
0
56 -36 41 -6 4 -50 -31 0
36 17 34 34 42 58 -18 -33 8 -52 28 -49 -30 0
48 -37 -3 21 26 29 43 55 40 54 0
57 16 -16 -45 0
14 -49 -2 9 15 18 0
14 -14 0
9 -39 -5 9 27 34 43 53 0
34 -20 21 22 29 51 51 11 47 14 23 34 35 0
28 59 0
56 -15 -26 0
15 -47 0
4 6 9 47 51 50 -14 44 -18 -22 0
19 31 50 52 60 0
10 37 40 40 35 -3 15 -27 0
23 27 29 34 35 -39 -10 0
-2 2
-2 3
