38 43 56 57 7 11 -36 57 -33 0
15 44 47 49 59 0
28 33 59 -49 0
34 -58 21 -21 16 18 53 41 -31 -26 0
11 36 44 45 5 39 16 -58 47 55 5 40 53 0
56 -59 17 -34 34 -38 3 8 42 44 47 35 -17 -15 0
21 46 55 58 5 40 52 17 43 0
57 -52 -17 34 30 35 47 0
19 -45 -54 36 0
11 13 20 27 36 0
50 -5 -19 45 51 0
1 20 59 12 -18 -26 17 20 30 51 60 39 -6 44 -4 -51 0
31 -50 43 -32 -54 0
16 -51 0
2 -41 37 10 -10 46 52 39 -45 -60 0
58 -16 37 -40 -55 0
36 40 53 55 60 47 -53 12 -39 0
54 21 -55 19 -18 -49 0
13 21 23 34 3 37 39 56 51 60 -21 48 -9 0
55 0
30 -11 47 56 22 -47 -14 50 -5 59 -28 0
16 -39 0
-3 1
-3 2
-3 3
4 -26 19 19 40 43 9 54 0
38 -50 60 -19 0
12 16 18 40 45 0
54 -28 0
28 -13 56 0
20 29 37 60 43 11 -32 -40 50 -51 0
8 -52 -24 0
14 19 35 -23 -1 0
14 15 31 4 9 22 44 52 58 -55 -27 0
0
17 -39 -10 20 -20 13 17 0
14 50 4 10 14 17 56 0
31 -6 -56 30 31 57 40 -28 21 -23 0
1 6 13 23 56 45 -21 0
12 17 18 26 43 0
18 51 -44 8 -22 -29 0
25 31 48 55 -27 -32 19 -56 33 -45 -25 0
46 54 0
25 -18 0
49 -38 -35 26 -53 19 -24 -33 25 -33 13 20 50 58 0
-23 2
-23 3
