48 -10 -24 0
51 -44 -31 45 -59 -32 12 28 32 39 50 0
25 40 0
22 -17 -33 0
0
59 -8 0
40 40 43 52 11 -51 48 -42 47 -2 -46 35 -4 -27 0
57 -50 42 15 -24 -9 23 -3 -9 9 21 48 0
0
40 59 28 -1 -9 0
41 -46 0
22 -22 0
4 15 17 26 38 0
26 9 34 0
0
24 29 44 46 11 31 33 34 34 10 21 34 50 0
43 -50 -37 51 -45 3 11 13 18 55 35 -20 0
57 -29 4 47 51 2 4 -25 30 36 41 45 54 0
51 -4 23 35 48 49 47 -9 0
11 -53 -50 51 -8 -49 9 17 47 57 -60 0
37 -56 -46 40 -24 28 -53 -42 0
56 -10 45 -1 10 25 42 47 0
-2 1
-2 2
-2 3
-68 3
56 21 -47 0
55 -35 -50 0
41 -52 44 -10 0
45 -5 -43 56 -3 -52 20 -38 30 -26 0
43 -14 -39 56 -28 12 -49 -58 0
24 -1 -57 0
25 9 14 16 47 30 29 -6 41 -14 -60 0
10 52 54 23 58 18 -51 -15 12 37 39 47 50 21 -41 -35 0
6 -30 -40 26 -47 -44 21 -22 -10 0
41 -17 6 11 30 37 45 0
55 -31 43 -36 -51 7 15 17 33 33 0
45 -26 21 24 31 54 0
51 11 17 26 53 53 -45 -53 3 29 38 60 16 42 0
9 11 21 45 2 21 28 49 52 0
21 24 30 0
19 -2 0
0
22 51 23 29 43 50 56 54 -2 0
48 -21 0
42 -59 13 48 0
-2 2
-2 3
