7 18 23 59 12 36 52 -50 21 41 48 51 26 -7 -41 0
6 18 39 23 0
18 -59 9 -1 0
1 17 40 56 35 -39 0
0
13 18 57 58 19 -21 -12 24 30 40 43 0
14 35 50 0
2 16 35 40 1 32 48 51 17 35 49 52 53 48 -26 0
4 34 59 -23 11 43 -55 -13 5 -51 -13 0
53 -60 -60 32 15 24 42 22 -39 0
8 -19 -5 3 47 0
23 -12 -13 6 -43 8 37 58 2 39 50 0
4 25 41 24 -33 51 -56 -11 0
26 -35 35 -40 -9 0
22 25 58 26 -7 -30 13 39 59 0
33 -3 -52 45 0
16 17 22 53 2 -45 0
42 -11 49 -11 -49 12 15 15 42 0
18 50 49 -19 -19 17 -13 0
48 -45 19 22 25 47 0
4 -15 -15 10 -26 -47 48 59 0
35 -14 31 -32 -8 49 -35 -40 3 -47 0
-53 1
-52 2
-48 3
28 -44 31 -5 0
9 15 17 37 47 52 -11 -36 6 -53 -54 35 -21 0
31 -19 -29 51 18 21 57 0
39 42 47 56 58 0
5 28 57 47 7 20 47 54 1 3 23 29 53 0
5 -18 5 34 14 19 54 55 -2 -9 0
7 -29 -25 42 -32 -47 0
9 -52 -20 20 -9 -40 15 33 53 0
11 1 -4 7 7 11 40 47 32 -27 -31 0
0
16 -19 11 -43 25 -31 -26 49 -41 -14 0
5 42 44 58 40 -17 -10 0
23 23 44 49 49 0
25 34 48 8 -18 40 39 -55 0
60 -51 32 -56 41 -9 -10 14 14 38 57 60 0
20 53 7 12 17 30 28 31 50 54 6 34 38 6 26 34 36 57 0
52 -31 26 39 -34 -39 0
5 10 37 49 49 4 23 36 50 57 4 32 57 60 0
3 12 14 59 13 27 46 57 1 24 33 57 2 30 0
33 39 57 35 -51 -57 0
-52 2
-53 3
