52 -27 -56 32 46 49 56 28 -37 0
23 37 47 23 26 11 18 51 60 -58 -26 11 31 40 46 50 0
10 -10 -32 59 -48 -42 0
3 -9 30 -27 5 -7 -21 0
44 -37 4 7 48 0
42 -48 -49 17 -48 -19 0
45 60 2 16 20 29 45 0
35 -34 -3 19 -52 0
57 -4 -33 3 13 41 59 43 49 0
11 17 17 35 48 0
31 -16 0
9 -26 -8 0
42 4 23 46 58 59 0
28 55 -13 0
9 32 23 26 52 -40 11 -36 0
53 -36 40 -8 25 -58 6 14 14 51 54 53 -11 0
6 18 39 59 11 -52 -17 8 11 13 20 28 26 -47 -46 0
60 -46 7 52 -3 9 10 14 40 0
0
47 -2 -17 0
25 40 7 32 59 0
29 30 34 44 55 0
-2 1
-2 2
-2 3
19 -32 -53 34 -56 -41 7 39 47 0
58 -1 -37 18 -6 -17 0
12 -23 -22 35 -48 13 35 0
59 -45 -37 0
7 -9 -58 51 0
11 30 41 46 49 16 -48 31 51 59 3 19 48 0
16 26 58 52 -37 45 -12 60 -46 -48 26 -32 0
3 33 36 23 28 29 40 0
0
42 -33 8 10 13 16 18 56 -46 -50 23 -57 -50 6 9 52 0
53 -36 -13 12 -57 0
36 -35 -4 55 -20 -48 15 -50 -52 15 50 27 28 47 0
17 17 37 41 53 13 -3 -4 0
60 29 -28 -50 18 -38 -7 52 53 55 0
12 -45 57 -24 -35 0
22 -49 12 21 47 0
2 19 22 26 42 49 1 38 0
31 -36 16 41 53 -37 15 -43 0
21 -1 -6 25 59 23 -23 -56 2 -15 17 -27 0
53 -3 0
-23 2
-23 3
