3 -35 31 45 54 56 25 35 51 0
16 -20 -11 0
36 40 0
2 -34 33 41 42 47 11 17 60 19 -46 -48 0
41 -44 6 -53 -55 48 -21 -26 0
32 36 55 57 0
34 -2 18 -25 -59 8 -37 12 33 43 44 53 0
29 -32 6 21 48 0
48 -40 0
25 -1 -11 34 -23 0
4 -19 -56 22 40 5 10 10 41 21 -52 -40 0
2 -41 4 19 30 39 -43 -44 0
56 -1 -47 21 47 48 58 24 -31 -36 0
42 0
18 -31 -13 4 -47 34 -57 0
22 -52 -12 58 -42 -6 0
56 13 13 16 23 32 0
26 -60 -50 0
10 19 32 38 43 -16 -26 3 23 55 59 21 -38 -50 24 -1 0
25 -43 -11 7 -48 32 40 52 0
20 -14 54 -54 -1 0
10 12 26 35 0
-2 1
-2 2
-2 3
-66 3
45 -57 5 -60 4 12 24 35 -17 -2 0
1 16 27 36 53 0
33 -17 58 -52 -6 0
0
6 29 9 -24 0
27 22 -9 0
34 -37 57 -45 22 36 40 43 43 0
51 -47 16 45 54 0
34 53 4 41 0
17 23 0
50 18 27 27 42 24 33 53 56 56 16 28 54 2 31 47 58 0
20 21 21 41 -7 -9 40 -54 34 -21 3 17 39 40 0
6 -44 0
31 39 40 42 0
9 52 54 5 -37 0
14 -52 -38 9 19 32 52 11 48 59 0
24 -38 16 -34 -40 36 -58 0
24 33 43 47 49 7 12 15 24 33 0
0
40 49 58 2 -35 1 17 31 32 49 30 0
-55 2
-53 3
