35 41 41 47 49 0
21 22 34 41 59 -23 0
8 28 38 4 14 36 54 18 20 5 8 22 34 0
52 -13 33 37 44 0
0
20 -50 -12 6 28 -34 -55 44 -42 4 55 0
1 18 29 0
28 -23 25 38 51 23 -17 16 -37 0
34 50 -8 14 23 0
58 -5 -15 44 -26 0
18 -55 -31 0
31 -5 57 -39 28 31 44 48 52 5 45 -21 -17 0
2 11 41 56 0
8 44 16 19 21 28 58 -23 55 -50 -8 0
15 27 40 0
31 -30 0
48 -19 -26 27 28 40 40 41 23 38 0
33 -21 40 57 41 -23 -3 0
16 46 47 9 26 27 32 0
11 25 -33 37 -20 -50 0
33 -24 2 13 37 0
5 40 43 60 -22 10 19 34 46 60 0
-2 1
-2 2
-2 3
-66 3
28 44 46 48 59 52 -58 -16 12 -45 0
0
45 -14 12 -52 0
33 -2 20 34 47 -29 0
1 -3 0
22 -25 15 0
27 -56 -8 38 -25 21 -24 0
0
2 -22 -10 0
51 -9 0
12 33 35 60 58 0
1 13 17 24 46 0
5 46 42 -3 5 -52 -60 5 -60 -10 0
31 49 53 11 -22 -27 0
53 -53 2 14 16 42 52 30 39 46 51 0
3 9 38 40 40 36 -30 -39 51 -27 16 -44 51 -2 0
29 -15 -43 0
8 29 0
35 54 58 60 16 26 3 -20 0
36 33 -20 -8 0
-56 2
-52 3
