19 -37 0
34 -32 7 50 57 0
11 13 23 19 22 32 0
9 19 48 54 55 40 0
32 -43 8 16 41 57 -44 14 56 57 0
10 11 42 46 58 15 -19 31 -17 48 2 39 0
1 14 38 52 3 -59 59 -23 0
23 30 34 13 18 51 53 15 15 43 0
4 23 43 48 0
24 15 -53 55 56 56 56 0
8 10 55 60 13 33 0
0
2 7 47 5 -32 -42 22 -6 0
3 26 42 47 5 19 50 0
25 -38 17 -4 -12 31 -21 0
28 -16 22 -25 4 -56 -43 23 -46 9 -12 0
57 -34 -19 37 -42 -31 0
53 -18 0
53 -10 -31 24 27 52 -13 -29 0
53 -5 0
0
2 7 9 32 57 0
-5 1
-5 2
-5 3
-66 3
24 -8 11 -5 26 34 0
1 -39 -53 10 25 47 55 42 -7 22 0
5 28 34 -42 32 -23 39 0
49 -19 13 26 26 60 0
2 10 29 40 57 39 25 28 49 0
43 -47 22 60 0
43 -39 16 -57 -41 15 -60 -24 2 -29 1 44 0
35 -36 4 20 22 40 48 9 14 25 1 -59 -24 0
27 -45 -51 0
6 11 25 56 22 -20 44 -4 -6 37 -26 -30 0
36 -38 0
19 54 0
33 -46 26 -50 46 50 0
0
29 -44 -56 21 58 60 12 43 55 0
12 33 35 54 46 57 -59 -45 0
6 23 54 55 14 23 50 54 9 -36 -20 42 0
20 -23 1 -39 15 20 28 59 29 -8 0
45 -8 36 -57 2 -51 -26 59 18 0
11 -24 -20 5 6 10 12 58 0
-16 2
-16 3
