14 56 6 -45 6 34 42 47 53 4 -23 0
0
15 16 26 29 53 29 -55 -39 0
0
21 -50 -47 56 -21 0
24 -46 7 20 49 3 -23 -9 0
3 6 9 -1 23 42 43 47 60 0
41 0
24 -56 31 -33 -22 55 -6 -20 9 -35 -32 41 -3 -23 0
3 9 33 59 60 36 -8 0
6 -16 -44 35 29 -39 16 -44 -12 0
21 -40 17 19 27 43 44 7 25 25 55 55 -36 -18 0
0
0
40 -16 -48 0
30 -51 -40 59 -8 -54 11 28 0
60 -60 -19 18 -24 7 9 39 50 45 -16 0
23 -21 2 4 19 43 -33 -45 4 10 0
27 -57 38 -60 -5 31 -5 18 27 22 -29 0
10 31 42 34 0
33 -31 -47 25 40 56 12 -16 -8 37 -24 0
16 0
-2 1
-2 2
-2 3
-68 2
12 31 38 40 10 29 6 39 40 45 31 -9 -44 0
5 -6 15 -4 -17 56 -1 0
2 16 25 33 39 26 -54 -56 40 50 0
27 -11 54 -20 -23 33 0
5 -2 -26 0
56 -16 0
31 52 57 -50 -8 35 -1 -51 0
24 -51 46 -22 -3 0
15 -36 -46 30 -24 31 -60 -57 0
2 19 28 -11 -49 16 -51 -34 0
19 29 40 58 58 7 -6 33 -53 0
21 26 37 46 20 -9 -27 34 -32 -24 33 38 52 0
5 22 33 53 9 37 47 47 0
49 -23 -56 1 -50 35 36 56 37 -43 -8 0
45 -3 -21 10 12 19 39 42 7 -55 -20 29 -50 -40 48 0
42 52 22 26 31 -14 21 -54 -5 0
11 49 12 16 29 41 0
5 26 31 0
18 -44 -9 11 -53 -19 53 -35 46 -46 -52 55 -28 -26 0
6 -35 36 -48 -10 8 11 26 15 30 45 48 0
-47 2
-47 3
