25 41 55 38 -24 -4 8 36 0
9 -16 -21 0
8 21 25 25 35 15 -39 53 -11 47 -47 -60 27 0
7 14 18 51 19 -11 -55 4 9 17 21 55 43 54 -11 -34 0
12 -22 0
38 -45 0
5 10 19 22 25 20 -9 0
0
20 -27 0
42 -13 24 -25 -25 23 0
56 -6 0
37 9 51 54 55 -20 -7 0
31 -44 47 49 2 -47 -10 10 37 39 52 2 19 19 48 54 0
18 32 0
12 -3 -39 3 -4 0
3 53 2 -3 -46 0
7 12 24 24 53 7 -24 -26 18 49 57 -17 0
17 31 37 48 59 0
0
23 24 47 53 0
3 11 13 25 40 -52 -38 20 -6 -42 57 -8 0
20 -26 -38 36 7 56 39 46 56 39 -4 -59 0
-2 1
-2 2
-2 3
-67 3
-68 2
58 -34 -9 5 6 6 27 31 35 -25 24 -27 -53 18 41 0
10 19 38 45 51 15 -10 -57 16 -54 -34 13 -48 0
43 -58 -40 10 22 32 60 39 -13 12 -59 -19 0
59 -18 43 -3 -26 34 54 -41 0
1 21 24 46 60 38 -8 45 -11 -38 56 -15 -57 15 35 37 0
3 15 46 46 6 -23 -54 30 -3 -23 0
8 16 24 58 0
5 -8 43 -22 5 0
48 -18 50 -60 -27 0
45 -5 -18 0
17 -38 49 -3 6 38 40 17 40 50 -38 0
8 -1 -29 13 16 22 40 49 0
34 -44 -33 18 31 37 57 59 30 39 46 45 0
35 49 -26 -60 53 -56 36 -49 0
30 30 32 0
10 35 42 0
20 -13 -31 27 -46 49 28 -6 -26 54 -18 0
20 -19 0
14 21 60 0
1 5 32 47 8 -13 0
-53 2
-52 3
