9 -28 -58 15 19 22 38 40 6 0
17 47 57 56 -27 0
1 18 1 -30 6 0
45 -43 0
6 7 24 41 47 19 0
14 20 24 26 58 44 -22 -4 0
8 8 14 53 32 -47 34 -12 -55 8 13 35 45 49 11 20 21 22 54 0
48 -18 0
1 14 22 27 46 54 -24 -20 6 14 21 36 14 -37 35 -14 -44 0
9 -58 26 19 52 0
4 19 19 49 -32 17 -39 0
3 47 50 0
4 23 37 50 59 47 58 9 -17 3 11 30 38 42 14 19 20 22 48 0
6 12 23 48 -4 -38 4 41 60 19 29 34 0
18 28 51 59 0
38 -57 15 -49 -17 22 -59 0
4 -59 56 -29 0
50 -48 -32 27 32 40 40 42 0
7 23 35 50 7 7 7 8 8 30 -24 0
8 -59 0
11 51 0
3 45 0
-2 1
-2 2
-2 3
15 27 30 48 60 35 -37 -32 0
16 26 41 49 55 55 57 0
38 -41 51 -50 0
40 -42 -58 11 42 17 23 45 50 16 -25 -24 1 10 33 50 0
2 -6 -5 0
54 -11 46 -19 -26 7 8 58 -22 39 -5 0
23 26 27 56 45 -30 -1 53 -10 54 57 0
44 -43 -47 0
10 -5 0
18 -24 -38 9 43 52 -22 0
7 55 0
39 58 1 36 50 50 -53 51 -31 0
22 27 41 53 53 31 -17 0
14 24 48 0
20 -18 -13 14 -13 -2 0
2 39 7 56 0
49 -56 -9 23 -11 0
8 9 33 51 0
4 4 45 -38 23 -41 -43 0
27 -25 50 -44 -52 0
-4 2
-4 3
