22 -17 14 32 43 47 58 0
43 44 -15 -26 54 -10 2 9 59 0
39 -48 -47 37 49 53 15 42 0
6 22 -41 -17 0
29 39 -5 57 60 -5 -47 0
23 42 25 36 43 16 23 33 56 22 15 -43 0
29 -3 -9 0
55 -13 -52 0
60 -24 0
26 28 42 57 32 38 52 10 15 19 21 38 29 -33 0
39 -38 -52 0
49 -55 -32 34 41 46 54 12 -43 0
11 42 43 -39 -19 31 -3 -6 17 27 29 36 0
30 33 57 60 1 0
31 56 12 17 27 32 37 0
54 -38 4 15 17 0
26 -20 -58 11 20 25 37 48 0
18 20 25 48 54 0
3 22 27 40 54 60 0
20 27 32 37 0
58 -31 -15 0
35 -47 0
-4 1
-4 2
-4 3
-68 3
33 -39 -55 0
4 -31 0
14 -19 0
60 0
27 0
15 27 35 44 1 -44 -26 51 -29 0
10 19 46 52 59 19 -5 -54 48 -16 -18 2 9 29 35 0
2 -27 -48 15 32 33 51 33 37 45 57 0
1 49 54 34 41 -51 16 32 0
31 -49 0
16 19 35 39 55 9 0
3 20 58 27 32 30 36 58 60 0
35 39 43 44 58 0
59 -35 6 -12 -43 38 49 11 0
0
3 -46 -33 20 23 53 60 60 25 -27 11 -43 15 -4 -22 0
9 55 -55 0
18 36 16 43 46 54 7 31 34 35 36 18 -49 60 -49 0
42 -20 0
52 -15 -37 40 -23 -13 25 -8 18 38 46 0
-4 2
-4 3
