40 -4 31 -4 -6 34 42 42 45 -43 30 32 40 53 0
21 21 24 32 41 0
52 -37 -48 0
21 44 52 52 58 3 -22 -20 0
0
0
11 0
0
9 8 12 36 23 36 38 48 30 41 0
2 7 8 13 45 0
8 9 9 25 0
29 -30 60 -35 2 -43 -59 13 28 41 51 21 -53 0
24 -9 18 24 24 49 5 60 3 15 18 24 41 0
60 36 -57 31 -1 0
23 24 33 47 0
9 29 38 58 2 -60 -54 1 36 57 31 -59 -34 0
41 -5 8 44 27 -31 26 -4 0
47 -20 -5 9 0
48 -6 -48 8 -32 56 -34 0
9 11 30 48 52 20 -58 0
18 39 0
4 4 11 34 38 45 22 7 0
-5 1
-5 2
-5 3
-68 3
-66 2
26 38 45 0
52 -17 -26 0
15 -37 46 -14 -29 43 -12 5 31 40 44 0
17 27 38 43 56 54 33 -11 0
30 -52 1 18 35 37 42 0
50 -52 -29 32 -32 30 -12 -36 32 -54 58 -36 0
56 -52 -53 6 12 -17 10 -58 -27 0
31 -41 7 25 43 13 -56 3 55 0
12 -32 0
8 -51 -56 5 12 25 48 52 28 50 60 50 -50 -11 0
8 14 16 27 0
45 0
9 39 0
46 -47 5 -7 -27 0
4 27 -17 -56 3 26 0
22 -21 2 18 39 40 57 14 -22 -18 18 26 16 0
30 0
42 -8 38 -54 -23 24 58 1 24 55 0
50 -29 -23 0
11 -8 0
-49 2
-51 3
