12 21 30 48 39 56 20 9 -2 0
13 -45 50 -22 -20 0
21 -11 11 47 7 -49 -43 17 33 0
23 -49 19 28 32 33 41 2 33 35 0
2 9 41 45 51 0
2 -20 -12 10 -54 24 -58 -33 0
0
56 -46 35 -56 -9 16 -29 -32 8 -21 51 -7 0
45 -16 -9 22 27 -42 9 33 34 41 14 -34 0
46 -24 2 -50 -13 0
55 -21 59 -38 -30 0
54 -21 -58 0
14 -4 21 -40 -27 6 7 10 26 55 28 22 -19 0
17 41 29 -20 14 -37 -48 9 17 51 52 53 59 0
41 51 -46 -27 6 13 0
40 -2 57 -28 0
37 -40 -49 35 42 22 23 43 0
50 -27 -59 0
8 18 31 56 57 3 -48 -9 33 35 40 50 5 -57 -29 0
9 -37 0
34 -7 23 -50 0
34 -34 -5 2 28 34 36 58 11 45 57 58 10 18 31 32 51 0
-2 1
-2 2
-2 3
9 -19 32 -53 0
24 45 44 -40 46 -10 36 45 56 56 57 26 -17 0
32 -47 -18 16 -31 -17 7 14 25 -55 -19 18 -21 -38 0
25 -46 -27 41 -37 0
0
2 -56 -3 0
10 23 31 -6 0
2 20 -59 0
46 -50 -31 2 -28 -53 0
11 17 25 26 44 0
33 0
11 -25 11 -48 31 41 51 0
42 -37 -18 51 -33 -3 36 -9 -23 7 -44 7 -47 -11 0
21 22 29 13 56 -19 9 19 23 30 57 0
7 -42 -52 0
22 27 42 57 0
21 45 47 51 -3 -36 0
55 -27 0
20 -17 27 30 50 55 5 59 53 -21 -45 52 -14 -2 0
47 -12 -43 21 59 44 -27 10 0
-2 2
-2 3
