28 22 -46 44 -18 -1 51 -16 8 31 33 38 46 0
56 -17 15 20 33 14 20 35 52 32 -42 -10 3 19 0
5 -43 45 -27 4 -33 5 32 48 17 -12 0
6 -15 -60 0
34 -38 -39 15 -56 35 38 51 39 -3 6 12 36 36 50 0
45 -42 19 -44 40 -4 -19 53 0
39 51 7 4 -39 -4 58 0
7 38 47 0
3 -32 24 -18 14 -47 -5 0
30 -5 -3 0
5 37 29 7 28 57 0
18 52 6 12 21 24 55 0
2 17 24 7 -43 -20 23 16 33 0
21 41 56 15 25 32 41 51 20 -26 40 -45 0
19 21 26 43 0
37 -1 9 9 37 0
41 12 16 17 33 56 0
29 -5 26 -34 -19 16 -8 5 9 38 47 58 0
9 -50 -27 0
28 35 50 -59 14 -32 0
56 -55 0
4 -34 -52 3 35 35 0
-2 1
-2 2
-2 3
1 0
3 11 60 54 -53 45 -58 0
14 22 26 40 21 -23 0
55 -56 -15 40 0
36 -60 -51 5 31 60 -45 5 -9 -26 14 -19 -50 0
2 15 23 14 -14 5 53 0
0
18 -20 -43 59 31 18 24 32 34 -44 0
0
3 -59 -4 0
23 26 29 45 55 0
3 40 0
44 -18 -29 0
9 -25 37 45 6 -56 54 -12 -40 0
47 -18 -48 55 -6 18 48 50 60 0
17 33 -3 -32 0
17 22 41 42 58 44 57 53 0
3 28 31 54 1 11 20 53 0
4 7 9 19 26 27 32 58 2 12 20 36 0
30 43 51 53 53 0
-9 2
-9 3
