42 -22 -26 58 -27 -2 37 -53 28 -44 0
4 13 29 43 57 0
5 -9 20 25 32 36 51 42 -28 26 -32 -56 0
43 -11 -55 4 -36 -8 28 -38 44 -52 -13 0
34 53 0
18 24 30 39 58 22 60 55 -23 23 41 0
17 -4 4 6 17 35 0
10 15 16 26 47 0
32 35 51 0
14 -35 -44 3 15 26 50 52 -32 4 13 0
0
31 -55 46 -1 0
6 -56 -56 55 -35 47 -12 -4 45 -2 0
60 -57 47 -11 -24 0
36 -20 20 23 46 56 58 54 -58 18 21 26 27 40 21 41 58 0
59 -39 -46 42 -34 13 34 41 47 0
0
29 -46 16 -32 0
13 -23 0
12 -9 -10 36 -7 -43 35 41 45 57 24 29 42 45 53 0
0
8 20 56 57 20 38 60 7 21 0
-2 1
-2 2
-2 3
55 -13 4 52 24 39 40 0
8 -20 -9 20 -47 0
4 -28 0
8 12 19 26 59 0
35 -4 -60 0
10 21 60 0
42 16 52 0
34 -3 13 -18 7 -7 -14 30 -23 -29 0
2 -16 -49 0
0
2 4 10 37 56 14 -47 0
21 27 34 53 -38 1 21 34 36 38 59 -33 34 -52 0
16 50 57 10 33 51 60 6 6 13 27 33 0
41 -9 -32 1 7 43 57 0
40 57 59 33 -16 -17 25 -7 -48 0
29 -50 -44 43 -10 0
14 0
60 -3 -17 3 8 51 55 4 23 9 -45 0
14 -27 0
0
-10 2
-10 3
