37 -24 40 50 3 -22 -3 0
35 39 8 14 0
19 60 21 -43 -32 0
8 -32 27 -43 28 42 48 0
41 45 49 52 53 4 5 22 23 35 0
34 -50 26 26 27 41 43 48 -20 54 -21 -56 0
6 29 33 60 0
38 -45 -6 9 17 37 54 -59 0
23 30 19 24 36 44 59 0
8 8 17 58 3 -54 49 -41 51 -1 -29 0
3 -3 27 -32 0
44 -42 -35 0
18 36 37 47 57 0
39 -23 0
43 -59 45 53 35 -47 -42 22 36 50 30 0
26 -58 -38 5 9 36 56 0
47 -45 37 -17 -58 0
2 2 5 10 11 40 -25 0
7 26 26 26 4 -6 0
2 23 49 50 -16 -25 5 -20 0
46 -17 13 -58 22 -33 -18 0
11 16 17 30 0
-2 1
-2 2
-2 3
-67 3
-66 2
24 -21 53 -8 -28 35 24 25 31 26 -60 0
10 16 40 -24 0
39 -56 2 27 20 47 0
21 -40 15 25 49 57 15 31 14 22 41 45 0
4 8 26 39 56 9 27 49 22 25 28 54 0
31 0
2 7 42 48 0
47 59 60 0
24 -9 32 -51 0
23 43 47 -39 -36 9 -26 -9 2 6 41 54 58 0
30 -22 57 -34 -9 0
11 13 5 52 0
42 -57 -33 22 0
36 0
35 54 6 -23 -42 0
17 0
35 -20 12 -5 -46 15 -58 0
25 -51 0
57 -22 -11 16 -46 -45 13 44 0
50 -32 5 -54 -43 18 -11 -32 0
-2 2
-2 3
