38 -57 14 18 30 51 3 35 45 54 0
34 36 38 49 -16 56 -40 41 -20 0
41 -37 0
10 15 32 47 35 32 47 57 -25 0
8 -3 -38 39 -5 25 -21 0
5 8 24 38 57 1 -11 18 0
1 26 0
21 -48 8 -22 2 3 3 21 0
28 -36 26 -43 -11 2 27 41 49 0
44 -11 0
25 26 10 43 0
27 -27 50 -30 0
26 -49 45 -17 -23 54 -18 -15 0
48 -19 28 0
17 36 46 60 11 16 17 19 36 42 -47 11 21 31 35 55 0
43 -35 16 17 24 33 48 41 -20 0
45 -17 35 -6 -49 15 -45 55 -54 -23 33 57 0
18 -24 -1 42 52 -20 47 -37 -35 0
1 10 14 49 54 -48 38 -55 -40 9 -15 -33 0
23 28 32 54 6 -23 -19 11 -16 -26 26 2 3 18 36 0
1 7 26 26 38 -32 0
39 -33 -4 5 -14 -28 0
-3 1
-3 2
-3 3
-66 3
45 -60 -5 37 -52 -17 0
25 38 38 41 10 21 32 37 28 -21 14 -24 0
37 -48 5 -51 -42 35 0
48 -45 0
39 -19 -30 0
51 -4 8 -59 28 -31 -60 52 -46 -14 0
37 54 33 37 38 18 25 34 0
16 45 5 17 20 22 51 0
0
0
43 51 -60 17 29 0
9 26 41 45 57 0
46 -24 -14 0
0
8 16 28 37 3 9 12 17 7 -59 -33 0
28 -54 12 -4 0
28 -57 22 37 58 0
43 -34 -48 0
1 9 16 7 -6 16 -55 42 -6 0
38 -36 -19 0
-3 2
-3 3
