1 -10 -18 2 10 16 50 59 0
7 -13 24 38 40 60 0
24 -22 52 -11 30 0
12 18 21 27 40 0
31 -60 -24 53 -4 0
21 35 4 6 47 52 17 22 32 32 0
0
56 -45 -22 43 -19 15 -30 0
13 -48 -5 47 -18 -29 6 30 33 40 0
57 -30 -33 0
55 -45 47 0
36 27 36 41 52 3 3 20 0
30 -58 -38 57 -33 -46 9 -2 10 31 51 54 17 -6 0
34 -23 -47 18 39 43 48 56 3 36 39 47 8 -51 0
18 -23 20 -41 0
22 -20 -29 0
0
26 56 22 31 36 42 49 8 -18 34 -1 -31 20 -34 0
18 25 59 27 -35 -29 46 -16 -37 19 -39 -30 0
28 -38 0
20 23 56 58 0
34 -11 -50 6 36 40 0
-4 1
-4 2
-4 3
-69 2
58 -37 0
23 26 30 51 29 37 52 -48 -20 0
51 -16 0
52 40 -4 5 -16 12 28 42 51 0
1 26 17 18 39 16 37 17 -6 31 -60 -26 0
12 -14 1 27 34 55 0
7 -4 22 -6 41 8 16 10 23 47 0
56 59 -36 30 31 40 45 52 18 -39 -40 0
10 -32 23 -13 0
50 54 56 26 -55 41 -45 -19 0
18 -19 -9 43 56 3 -4 0
34 -28 37 -8 -50 25 -21 -12 18 42 42 13 0
7 31 51 55 33 -50 2 12 15 0
1 24 9 37 42 45 46 35 -17 23 -4 0
33 -4 56 -18 -50 9 -2 32 -37 0
46 -16 48 -54 -19 0
7 56 0
15 16 0
48 -60 -25 16 17 17 22 25 43 48 25 -17 0
46 26 -13 0
-13 2
-13 3
