21 -33 7 26 31 -27 -42 0
6 -49 -26 0
4 -42 -12 13 36 41 42 0
16 -27 30 -3 52 -9 -45 4 24 47 0
54 -21 0
30 43 43 0
8 33 38 47 32 -47 0
28 30 37 55 32 51 -10 0
9 -19 3 38 48 60 52 32 55 56 59 0
10 3 10 22 25 36 4 54 17 0
57 -28 -9 0
0
7 -57 -52 51 -2 2 6 7 53 6 21 29 60 0
59 -19 -13 0
36 -9 29 37 47 48 56 7 37 56 37 48 2 20 31 49 55 0
15 26 37 43 55 12 -60 -31 60 -1 0
54 -47 -41 19 -48 -37 17 18 25 47 58 0
4 31 49 50 19 -7 17 24 32 40 47 0
40 -21 0
32 -28 30 36 48 50 56 6 -1 -47 5 40 42 0
0
3 16 24 45 35 57 8 -54 13 -37 4 24 30 54 0
-2 1
-2 2
-2 3
-67 3
9 40 43 52 53 31 -12 10 28 59 32 -15 0
51 -30 21 -49 -8 0
12 52 0
11 15 21 59 60 8 25 29 21 -43 42 41 0
22 -57 57 -34 -40 0
3 5 22 59 0
52 -20 23 -50 1 12 13 27 44 0
12 -7 -33 32 57 58 1 3 18 44 57 0
53 3 8 17 57 34 0
0
42 -47 9 10 31 37 6 42 48 57 32 -55 -33 0
54 -35 -23 48 -9 -24 0
0
16 -24 -52 14 -8 -59 4 26 31 32 41 3 29 43 0
41 -33 1 20 33 51 54 -16 -44 57 -23 0
5 56 31 37 49 20 16 -5 9 0
58 -44 -46 41 -3 0
6 -46 -49 45 45 -57 5 -21 0
51 58 21 38 44 60 45 -44 8 -45 0
0
-56 2
-50 3
