29 24 -30 0
7 8 9 35 53 2 6 10 31 53 32 0
14 23 39 48 20 49 59 18 50 56 39 -34 0
40 -48 -8 30 12 36 44 0
8 8 41 46 1 -37 18 -13 12 44 55 59 60 0
29 -47 0
21 50 59 9 24 24 46 50 0
2 24 38 50 20 31 15 60 -41 -54 32 -26 -18 0
56 -6 -11 0
4 -32 -22 13 -19 -21 56 4 6 37 38 60 0
8 24 27 37 54 12 35 56 60 7 29 30 32 55 0
53 -59 58 -27 -30 0
20 47 48 54 -18 0
42 -19 -15 22 30 35 21 36 38 39 0
16 -26 -59 39 -1 -43 52 -48 5 17 0
49 49 49 0
7 -31 -45 41 -12 24 43 44 50 56 0
1 8 19 45 18 18 22 57 11 20 0
11 -24 16 -3 -10 4 -12 17 -41 0
49 53 7 -18 -35 22 15 -34 33 -32 0
0
30 -23 -20 19 -9 -3 44 -49 -13 10 -41 0
-2 1
-2 2
-2 3
19 38 46 51 11 -48 0
31 34 -35 0
17 38 47 58 46 -16 -25 0
17 17 19 0
37 -19 -28 2 -15 16 56 0
9 -53 31 35 58 45 50 0
57 -37 2 12 21 27 56 49 -47 29 59 41 -18 -1 0
58 0
50 -5 6 22 54 15 34 55 37 -22 -26 0
9 9 16 30 0
59 57 -24 58 -40 0
15 -52 1 -45 -27 33 55 0
13 -8 15 17 18 38 41 55 60 0
23 -50 6 23 26 29 0
44 -2 7 10 53 13 47 0
39 46 60 9 6 9 17 21 44 48 50 50 47 -42 -39 0
3 20 32 37 39 34 -56 20 33 38 41 60 -7 0
26 -42 -31 58 -47 0
43 -29 -47 28 -28 38 -4 -30 38 -19 -28 0
6 13 26 41 0
-47 2
-49 3
