14 -6 -13 7 24 37 23 -16 -52 0
38 31 43 54 59 0
4 21 36 43 59 -29 -36 0
59 -32 16 26 33 34 50 14 -20 29 37 60 57 -16 -37 0
28 -54 -39 58 -12 -44 0
7 -43 -22 7 16 27 47 19 -38 44 -19 0
16 -47 -60 0
11 22 39 51 57 0
0
28 46 54 60 31 36 39 48 0
0
23 38 42 46 59 0
0
27 13 -7 3 -6 -30 23 31 38 -45 -19 0
45 -20 -45 0
46 0
34 40 13 25 34 53 -10 0
47 -1 29 -35 31 -53 -33 9 25 36 37 0
52 -44 44 -32 0
10 21 24 33 44 -36 1 11 12 58 11 21 55 6 0
39 -17 -4 19 48 0
34 -10 -41 0
-2 1
-2 2
-2 3
-66 2
22 -60 39 41 44 47 51 -10 32 -59 -45 0
51 29 -48 10 -5 -25 5 45 3 -1 -36 0
39 -52 0
41 -52 -17 5 23 25 0
33 -10 -42 13 -35 -50 16 -22 -38 0
2 26 37 28 31 37 41 0
35 0
4 18 34 52 30 -30 0
10 13 13 33 42 11 -49 51 -36 -23 11 -60 -59 0
43 -29 0
13 -46 -13 9 -11 0
5 46 41 24 37 52 53 35 -18 0
59 -39 0
18 39 41 36 50 0
0
17 -48 -38 32 -2 -46 26 10 26 30 46 57 0
7 26 16 0
25 -6 -25 29 -35 0
10 -7 18 54 58 16 -38 0
46 4 9 49 53 -29 -23 20 46 42 0
-55 2
-51 3
