14 33 7 35 54 58 0
48 -37 0
28 -1 6 1 32 57 59 0
1 15 26 52 50 57 60 0
0
9 -24 -19 31 -56 11 29 51 53 0
1 -15 -28 0
27 -38 33 -7 16 -46 -35 45 -41 0
34 -20 -31 39 10 20 57 0
23 -9 54 -35 1 17 24 30 -49 -26 0
9 -18 -29 38 -10 -59 26 -5 4 9 45 50 24 -59 -22 0
12 13 25 32 46 56 6 7 0
1 4 6 18 46 5 -9 0
14 -12 -53 39 0
56 -59 -3 47 -47 0
4 -60 -58 5 6 8 51 14 -22 10 19 -28 0
0
26 50 32 -23 34 -40 -6 31 -60 0
18 30 40 -34 0
12 53 53 0
41 -8 27 -52 1 9 25 0
51 3 22 29 52 13 21 46 52 0
-2 1
-2 2
-2 3
8 -59 14 -9 59 -18 -59 31 0
25 49 0
52 -49 0
35 -14 -11 0
0
0
6 9 11 26 56 16 -51 -13 0
22 23 43 52 60 11 -17 0
0
3 20 42 47 48 39 -2 44 -14 -36 43 -7 -13 19 32 46 0
7 -26 16 21 52 60 28 32 -22 0
9 21 39 42 48 0
36 0
12 21 23 -1 -36 0
23 -23 20 -24 -50 44 -58 0
1 -24 -39 0
25 -59 -38 51 -27 8 -31 -16 24 -46 0
19 -53 0
22 25 59 8 21 38 45 16 20 39 43 47 0
11 -27 6 -25 22 -19 -58 2 8 24 30 18 30 32 33 43 0
-51 2
-47 3
