10 60 -33 0
36 -4 21 -20 -18 0
29 23 25 48 55 0
18 24 49 53 60 30 -27 0
9 0
56 -21 49 -44 -56 8 26 -18 -35 44 -42 0
39 -48 52 52 52 0
9 32 33 47 53 22 -18 -35 26 -33 0
39 43 52 59 27 28 42 60 4 -4 0
3 8 22 24 44 12 34 55 0
7 12 43 0
0
10 -10 -54 47 52 53 2 38 52 55 17 27 44 45 51 0
14 31 32 36 53 11 12 15 40 -37 -53 0
51 -34 -25 33 44 0
25 -26 -31 45 -58 -60 0
51 -16 12 15 8 11 37 60 26 -40 -52 42 -55 -29 0
15 -31 35 -28 43 -7 -38 0
26 -30 -32 40 -23 -24 54 -55 -5 60 -55 25 -5 0
17 -56 6 -22 -53 54 -9 -29 3 16 20 33 -55 -2 0
0
46 48 2 32 27 48 55 58 0
-2 1
-2 2
-2 3
-66 2
48 -40 17 21 23 31 39 2 9 0
5 -28 0
60 -9 -50 0
59 -21 -2 4 19 34 56 -25 0
20 -53 -16 9 -1 -52 1 -24 -42 33 -1 0
24 -43 -34 18 -46 -60 55 -28 -47 15 -31 -18 48 -33 0
49 -22 46 0
54 -41 0
3 8 12 54 21 52 3 -35 -3 13 -57 40 -50 -55 0
42 5 -13 0
22 23 36 39 49 0
42 -39 -6 4 -54 -17 26 -25 -38 0
1 3 9 21 44 14 -46 -7 15 24 24 31 39 0
21 -29 59 -60 30 37 46 49 57 17 -51 -5 0
10 18 26 53 9 35 59 -48 -47 0
1 10 29 22 56 56 55 -39 49 -31 -33 0
24 35 0
7 11 17 27 53 44 -20 18 -54 -17 4 6 34 58 0
4 -28 59 11 -57 -56 0
16 -51 -37 18 40 43 45 51 18 36 40 42 50 0
-50 2
-50 3
