26 -27 24 43 60 53 7 9 16 11 50 52 53 59 0
22 -38 -28 55 -58 -20 0
13 -60 -4 17 46 0
33 59 -3 56 15 25 44 0
38 -34 54 -39 11 16 38 41 0
7 46 55 19 -37 -13 0
0
42 -56 28 -25 9 10 16 45 48 5 -9 24 29 47 0
11 -50 -14 10 31 38 45 34 -8 -60 24 40 40 45 46 -54 0
21 49 51 46 7 -38 32 -3 -29 0
6 13 9 13 37 48 57 49 -14 -34 17 33 49 51 52 0
54 -49 -30 58 -34 -10 7 -46 -38 0
1 -1 8 -38 -15 18 32 41 49 15 -32 31 -7 -46 0
27 -23 40 -9 -2 0
8 13 34 41 55 23 -49 8 13 29 43 43 3 16 18 33 0
8 26 27 0
8 19 46 17 5 23 40 42 53 2 19 27 43 54 0
12 -5 -2 1 56 51 -43 -33 1 0
40 -31 2 5 10 38 50 7 12 52 53 57 0
22 -59 -15 13 15 37 0
35 -25 -52 54 -5 -54 56 -34 -36 0
47 -51 7 27 42 0
-48 1
-54 2
-51 3
-67 3
-68 2
53 -55 0
27 -23 0
4 -16 0
5 -6 22 -16 5 17 19 28 41 19 31 34 40 37 0
15 53 39 -45 -56 46 2 6 29 49 0
41 -11 8 43 48 36 53 0
55 -3 -31 0
20 -5 0
18 41 52 0
34 -33 -11 5 18 20 2 5 26 43 -30 26 37 44 0
17 -2 1 -25 0
37 -7 9 -42 39 -60 -15 19 26 -7 -10 0
15 -55 16 -33 -14 0
36 -25 -28 7 17 48 55 55 18 28 55 2 43 2 6 13 43 48 0
9 -51 0
0
24 -52 -33 59 -55 0
27 -58 16 34 41 39 50 0
16 -6 6 29 32 56 59 0
49 32 -9 0
-47 2
-53 3
