9 -27 -58 6 23 33 37 58 10 -51 4 7 15 29 43 0
6 38 0
18 18 49 0
56 -7 -10 21 -27 56 -42 -8 52 -2 -55 0
3 24 0
21 -11 -11 7 33 39 49 55 3 -32 -48 0
2 -3 -33 33 18 -57 -7 0
1 5 57 0
58 0
16 38 42 50 58 24 -30 20 -38 11 -49 0
0
23 -23 13 23 26 42 43 59 -27 -38 28 -54 -54 12 -39 -26 0
0
40 -30 21 41 41 54 60 0
4 7 13 19 -37 31 34 35 36 0
17 42 43 46 48 1 -60 -43 0
47 -52 -1 9 10 27 33 44 26 0
28 -5 -20 46 -11 -32 0
30 -27 -2 30 51 0
26 -57 0
55 -33 8 15 35 57 10 -32 -11 0
3 9 14 10 -43 -21 33 34 12 33 38 46 58 0
-21 1
-21 2
-21 3
6 31 24 32 34 0
32 -51 4 -21 -42 14 -57 36 -50 0
36 38 59 0
2 6 24 45 49 1 -5 -42 0
22 -52 8 0
25 26 36 37 46 35 0
55 -2 36 -16 15 -39 -58 0
8 9 12 15 24 0
60 -7 -50 0
33 -21 25 -32 -24 57 -5 -7 32 -49 -30 0
20 24 41 59 20 33 44 52 57 0
22 23 30 0
7 9 52 -16 -33 39 55 37 -37 -44 0
31 -12 0
18 34 53 55 -47 -41 0
40 3 -34 18 -2 -17 51 -55 -38 0
25 -16 0
9 10 21 53 17 -53 2 -54 49 0
2 6 29 30 33 6 14 24 54 50 -50 56 -5 13 26 35 0
0
-46 2
-46 3
