26 -60 23 -9 -52 0
4 25 49 0
27 -15 -16 59 3 18 20 24 52 0
15 -29 25 51 0
21 23 41 48 2 3 18 48 51 16 42 49 53 57 0
31 12 16 45 0
57 -42 -9 21 46 47 50 55 19 -2 5 10 13 29 35 33 -9 0
54 26 -5 46 -1 -57 36 -8 0
39 -53 0
33 -21 -32 3 13 22 23 55 -51 0
3 15 40 -34 -53 58 -6 10 25 27 28 43 0
7 34 55 44 32 37 51 9 59 51 -18 -42 0
1 6 6 16 24 26 -33 0
8 -25 22 26 35 48 60 23 -48 -11 34 -50 2 6 57 0
16 -7 -15 0
40 3 26 51 42 45 30 50 0
0
12 22 4 7 35 31 -56 0
17 -58 -52 17 34 38 46 50 0
26 58 0
31 -40 -46 13 14 33 0
39 -27 0
-10 1
-10 2
-10 3
2 3 34 51 1 -48 -8 0
58 -54 37 48 57 8 -49 -42 7 -31 -19 0
23 31 41 54 55 42 -17 0
20 2 -43 25 26 35 45 51 31 -32 -20 54 0
55 -39 43 -28 42 24 -49 0
29 -20 0
0
5 -55 -52 15 -21 0
58 -60 -9 37 0
7 11 39 52 23 -43 0
2 -18 6 40 44 59 -8 25 -39 -54 0
10 12 11 18 31 38 47 8 -20 -50 0
28 -50 56 -49 -2 4 37 0
7 42 44 49 3 -51 -41 0
40 -30 0
12 29 33 47 48 16 -16 0
17 -1 33 -29 -60 4 24 56 -51 -21 52 -24 -54 0
2 50 46 -27 -33 16 -41 -10 23 -46 0
31 37 -49 50 -5 -42 0
33 -15 3 -40 -22 0
-49 2
-55 3
