0
5 17 17 38 38 5 12 30 49 54 56 -36 0
34 41 -26 -46 54 -13 -48 0
43 -35 0
0
42 -19 -42 22 58 0
6 12 18 37 10 16 33 47 30 -2 0
19 60 0
0
8 59 59 -15 -45 17 35 56 0
16 -38 0
3 -2 26 -56 -36 24 -35 1 10 33 47 48 57 -7 -37 0
49 -58 0
57 -49 0
12 20 43 48 52 8 39 -11 -34 27 52 -17 0
11 52 9 14 18 56 60 4 -36 19 -9 -48 0
2 -57 -27 5 -49 16 4 -26 0
6 11 22 55 3 56 5 7 21 23 48 31 41 0
24 -50 2 5 7 18 9 -43 -16 0
22 -2 50 -14 39 49 0
3 27 45 46 -41 0
23 -43 10 16 16 42 43 48 0
-49 1
-48 2
-47 3
28 -25 -15 0
58 -20 -33 27 -37 41 -11 -52 39 39 -40 -45 0
19 7 34 45 47 18 12 23 23 53 0
15 15 30 20 -13 -46 0
10 24 31 46 0
31 -33 -7 10 3 50 52 0
2 -16 -15 42 47 60 59 -30 2 23 41 45 0
59 -44 0
18 -51 29 -54 28 -14 -20 36 -27 -40 3 55 0
0
30 -41 56 -13 0
15 -46 0
26 -27 32 26 28 29 56 2 60 0
29 -21 -55 52 -36 14 29 41 0
55 -1 -43 0
4 13 19 23 40 0
43 45 55 57 10 26 30 2 32 44 47 -24 13 -17 -13 0
36 39 52 12 -15 28 -8 36 38 45 48 11 21 33 51 0
55 -3 9 -50 -53 15 -27 0
34 -24 52 -25 26 -7 -37 0
-50 2
-51 3
