51 58 31 -49 -43 0
50 -33 60 -7 5 -7 -43 18 -18 -12 0
20 -25 -29 1 -4 0
30 -33 0
5 -11 -21 23 -38 55 -31 8 -35 -1 0
25 29 29 32 52 0
31 -14 41 44 52 22 53 54 32 50 -25 -11 0
50 -43 0
13 23 38 42 41 -57 -18 28 1 29 34 0
6 11 16 24 28 0
26 -17 -11 0
0
27 -59 41 -5 6 27 50 60 4 -43 2 3 18 40 51 0
15 -15 9 22 -55 30 17 -41 0
19 38 48 -37 0
46 -42 -31 38 -17 16 46 0
58 -29 47 -42 37 -18 0
35 52 15 -32 -52 16 -15 -22 0
42 -41 51 -23 48 -41 -58 14 -44 0
15 24 33 36 33 -13 -6 0
2 7 55 36 -30 -33 19 -16 0
4 10 59 59 -4 -31 20 -35 -43 40 0
-7 1
-7 2
-7 3
50 -30 0
57 -32 -12 43 -24 -54 0
15 21 32 -56 -38 0
36 -36 -7 24 29 48 58 9 17 38 0
26 37 55 56 -10 -7 12 -51 -31 0
6 28 0
32 -57 12 27 34 54 24 -55 0
0
48 -22 -35 43 45 -52 -32 0
0
14 19 0
42 -9 0
40 -47 0
36 2 3 57 49 -37 0
11 32 60 -37 18 20 0
3 58 36 -19 8 16 39 37 -20 0
28 -15 -60 0
26 52 60 0
26 34 3 -5 0
24 -11 -42 55 -1 11 17 32 48 59 14 44 0
-53 2
-52 3
