45 -2 0
14 -56 47 -6 -21 43 -9 -55 41 -22 0
44 -45 0
9 48 35 -19 -53 8 42 47 59 7 11 31 0
33 49 14 40 45 55 0
16 45 31 -24 35 -27 0
19 45 50 51 0
59 -39 10 36 0
0
39 60 0
53 -3 -35 43 49 0
5 8 12 34 36 0
23 -47 -26 0
24 37 55 58 0
57 -14 21 16 27 45 58 26 -23 17 -45 -34 0
27 -39 6 25 59 0
14 26 3 7 15 28 39 16 -41 39 -27 -19 0
49 -47 -55 39 -31 -46 33 58 0
6 -32 -56 8 21 59 60 11 27 43 60 1 14 0
26 46 22 10 -60 0
0
12 -18 -13 29 50 53 3 -37 0
-2 1
-2 2
-2 3
47 18 59 28 43 43 45 55 13 29 35 55 58 0
10 10 17 37 56 36 -41 10 30 50 2 -49 -6 22 40 53 0
8 -26 25 29 45 59 5 37 47 24 -26 -32 0
43 -47 -6 20 -30 -3 16 0
44 -44 -29 0
15 -27 2 -52 -38 0
57 58 -29 -58 35 40 49 60 0
34 40 51 32 45 16 -46 -36 26 -35 -10 10 18 27 49 0
7 -12 0
12 13 24 28 0
59 -52 -6 1 56 52 -20 10 20 25 29 40 0
9 21 45 59 60 -45 -43 0
33 -3 13 -38 0
3 16 48 2 6 27 50 51 -29 21 -11 60 0
49 -8 8 14 33 38 47 5 8 25 33 43 0
44 -39 -19 19 26 41 49 0
12 -60 -19 25 25 43 45 10 52 -24 0
18 -15 -21 25 -44 0
4 -34 -13 49 25 34 50 9 35 -39 0
32 -28 12 -49 -24 23 0
-50 2
-51 3
