0
3 33 33 39 44 29 -50 0
24 -30 12 -13 -22 23 36 41 57 0
46 47 50 58 40 41 27 -37 -55 46 -33 -26 0
1 17 40 54 0
32 -54 -20 10 11 17 0
17 47 0
60 -50 1 0
53 -30 -58 32 -24 -28 29 -50 -53 7 -35 0
30 33 51 25 52 0
48 -2 -2 37 42 56 11 -16 -3 8 -4 -38 25 37 60 0
30 43 42 -47 -21 58 -49 -35 1 -2 29 39 39 49 0
10 31 38 -14 7 30 6 19 22 53 56 0
13 45 50 0
35 -16 -13 4 24 5 -29 59 0
9 10 21 40 48 0
41 -32 -51 3 8 55 18 -23 -33 0
50 -4 -41 51 -24 -9 12 16 26 38 19 -42 0
56 -38 -59 18 22 -59 -37 0
2 18 25 37 46 1 -15 0
7 29 30 42 43 0
1 12 17 0
-13 1
-13 2
-13 3
12 14 31 7 15 22 25 4 31 57 0
12 14 19 21 -60 0
23 28 30 38 48 56 1 6 19 35 56 0
56 -34 1 -17 -28 0
48 -4 17 -11 28 -13 0
51 -13 4 44 45 47 44 -53 0
32 -40 29 -48 -4 33 -14 -25 0
28 59 45 -26 -28 3 -41 -13 23 -59 0
5 42 44 45 55 0
60 -26 15 20 21 28 -20 36 -51 -26 0
0
29 -27 0
39 -23 -43 6 18 24 29 42 32 -24 -27 52 -53 -34 0
32 40 24 -37 28 0
13 -28 19 -18 0
27 -13 33 -25 -56 9 9 15 31 50 3 23 27 35 38 0
24 -45 17 -58 34 37 45 48 0
42 0
38 -43 -54 13 7 15 19 34 48 30 -5 -45 0
11 36 12 33 53 59 -51 -11 47 6 42 0
-49 2
-47 3
