49 -8 10 -35 28 0
10 49 54 35 -54 14 -37 25 54 0
33 -21 0
23 -5 8 27 46 41 -17 0
46 55 11 -43 0
1 -26 -27 9 32 33 0
26 -49 17 -38 -55 3 16 52 17 47 56 0
24 25 51 55 58 -17 46 -18 0
50 58 0
0
1 32 37 48 52 50 22 -57 -38 48 -23 -25 0
25 36 39 56 -17 51 55 57 2 -16 -31 0
40 -25 0
3 -51 -49 0
1 2 10 44 38 -17 4 5 22 47 18 -38 0
44 -32 33 -28 -41 0
39 -3 -8 54 -32 -9 57 -14 0
57 0
46 -59 8 10 26 18 0
3 14 22 59 0
48 36 -3 12 18 19 35 43 58 -24 -18 15 -25 0
37 29 35 42 42 45 10 26 56 25 -53 0
-5 1
-5 2
-5 3
44 -47 56 -56 0
3 22 44 54 56 16 10 12 14 8 25 34 40 49 11 22 42 46 0
6 24 53 4 6 22 41 39 -57 -17 46 -18 19 -41 0
39 -60 -30 33 45 20 -53 37 -53 -53 0
5 -29 -42 3 16 19 0
53 -42 3 0
51 -4 0
1 3 23 54 58 0
0
27 -47 -19 41 -55 0
54 -15 -4 3 7 45 45 0
6 20 40 6 21 17 28 31 0
2 3 21 27 28 36 45 54 -11 -42 41 0
5 5 7 20 28 0
58 -25 -1 4 5 15 30 33 0
13 -26 -10 1 38 49 -1 -35 0
12 -42 -52 16 49 33 -13 -12 8 0
13 19 45 48 55 4 -14 23 -6 -3 0
54 -55 3 49 59 56 -6 1 8 13 32 44 0
12 21 28 38 51 14 41 44 45 59 0
-51 2
-55 3
