42 -26 -46 0
9 -2 0
45 -18 -40 0
6 26 50 55 56 28 29 36 56 27 34 54 -16 1 36 36 0
5 10 15 16 29 50 32 -44 -56 0
43 -51 -4 23 -35 2 4 0
2 18 -26 -20 27 -50 0
1 -33 -3 12 -23 0
24 27 42 50 56 7 23 34 38 57 0
17 -53 -27 0
60 -46 12 25 32 36 41 5 8 30 4 -30 -29 0
1 20 28 46 20 -50 29 -4 0
4 -35 28 29 45 27 -29 10 22 50 56 0
51 -13 -21 21 -41 18 -21 0
57 -52 -23 37 -4 -47 0
36 -59 45 6 -21 -49 46 -1 33 -51 0
19 37 42 1 4 42 42 48 34 37 33 -23 8 -3 0
18 29 46 51 0
4 10 50 -25 -36 0
36 4 18 51 53 56 13 39 0
14 16 35 38 40 19 -20 -37 35 -48 -28 0
3 11 14 13 -56 23 -17 -28 26 -50 -49 0
-51 1
-51 2
-50 3
-67 3
19 -5 -15 44 -45 -12 0
42 -59 -35 7 16 27 47 53 2 -11 -23 9 -20 0
16 -6 0
13 20 22 28 43 1 29 49 5 11 45 1 -9 0
0
11 6 -52 -28 30 -9 0
8 28 -43 35 53 56 0
35 -29 -50 0
55 -22 1 -2 27 33 59 4 44 58 0
46 -51 -49 7 25 31 47 36 -31 -26 18 37 43 7 22 41 0
42 52 54 11 31 37 1 16 32 49 58 -46 27 29 29 31 0
0
35 36 44 46 21 22 44 50 51 0
13 28 0
10 -58 15 21 32 37 0
14 20 40 37 54 57 -58 -35 52 -49 -43 0
41 -3 -60 0
43 -7 20 29 59 0
27 -4 25 37 -39 -56 0
0
-52 2
-56 3
