0
11 11 21 37 55 53 0
2 10 37 46 57 6 -34 0
46 -49 10 -6 40 -49 7 -10 7 8 13 0
36 -5 14 -6 -49 22 -58 0
46 -11 -32 17 -29 -6 46 -19 8 9 0
31 -34 45 -39 0
37 -12 -8 0
2 9 33 38 15 -11 0
53 -25 29 -7 -9 6 -4 -18 0
7 28 37 60 58 -44 -28 0
10 14 42 55 8 13 32 53 5 22 28 51 0
49 -37 -54 0
7 44 56 10 14 21 36 54 42 -52 0
33 -21 -33 0
44 -10 3 32 0
39 -39 40 -29 0
45 -21 4 12 24 37 3 50 53 0
54 -46 -46 5 20 32 -14 10 19 28 42 39 -34 -48 0
36 -10 -24 0
20 0
10 -44 -9 0
-2 1
-2 2
-2 3
-66 3
3 18 22 52 0
30 -56 57 -33 -1 0
34 -13 -45 26 -46 3 9 13 39 0
38 -36 -50 46 -36 -16 49 -25 0
46 -45 0
28 40 0
17 -44 -6 42 54 0
1 7 30 33 9 23 5 19 32 45 15 55 0
11 -45 0
8 -47 -25 0
11 36 49 21 -55 0
4 48 52 52 60 51 0
25 -39 0
5 17 50 59 2 3 57 2 -10 21 -24 -31 33 -58 -20 0
0
33 -49 22 -8 -35 0
3 -38 0
60 -32 -7 0
54 -23 -49 13 31 40 2 8 16 55 0
4 6 42 52 44 -12 0
-28 2
-28 3
