34 0
51 22 22 34 37 55 24 -52 0
48 12 -47 0
34 -34 48 -26 12 25 42 55 59 23 -3 21 35 39 0
58 -27 -50 0
49 -27 1 12 20 49 54 35 -22 -59 0
27 55 25 29 12 20 43 54 23 -28 0
13 25 42 45 55 -28 -57 33 5 -54 0
42 -45 -59 0
19 22 31 50 60 35 -32 -2 13 34 54 10 0
42 3 7 7 12 46 40 -59 37 -51 -25 19 48 54 55 0
35 -7 0
49 -54 -46 44 -36 -28 0
5 41 54 58 16 -12 0
2 -20 3 14 54 54 28 28 43 0
22 40 49 57 2 14 44 54 60 24 31 45 11 -15 0
55 -33 25 -4 0
10 24 26 27 48 0
32 38 2 -18 56 -44 52 -40 -5 0
42 -14 40 4 33 0
51 -49 -4 9 -10 29 -2 0
20 43 43 58 15 41 51 0
-5 1
-5 2
-5 3
-69 3
2 10 17 46 19 25 27 32 41 33 53 0
1 22 24 0
39 -43 10 -40 59 -28 -22 11 25 32 41 0
4 30 32 24 39 32 -42 23 33 41 49 59 0
45 -46 -59 0
42 -53 -40 56 -5 -27 42 -22 60 0
59 -4 24 29 60 44 -38 -39 0
33 -10 3 20 50 0
7 23 35 46 52 1 6 25 46 16 -48 42 -20 0
8 38 57 0
47 -60 55 -40 -48 7 -52 -56 37 19 -58 0
37 -26 24 28 8 46 58 0
47 -24 32 -13 -26 6 -59 -47 0
51 -55 54 0
58 -25 -16 19 34 40 51 12 30 53 17 -3 0
31 56 14 -23 0
11 26 43 22 -51 29 -48 0
5 -53 -52 0
24 -44 -50 0
2 20 4 -49 -16 2 -4 -15 41 41 0
-17 2
-17 3
