38 -37 15 -37 -3 0
51 -30 5 -57 -18 15 -15 -1 23 47 0
2 0
12 -27 2 9 25 35 44 0
20 26 29 30 38 54 -48 -18 0
14 -49 -20 4 4 40 44 59 0
49 7 10 20 24 26 59 -28 51 11 -43 0
0
5 38 5 11 17 30 30 48 -45 -39 57 -35 0
16 17 14 -58 7 -42 -5 31 -37 44 -58 -35 0
6 16 45 50 39 -47 10 22 44 59 60 0
52 49 -43 0
48 -12 0
48 -8 -57 45 52 58 60 25 8 15 20 39 45 0
15 51 36 -21 -38 25 -5 -31 19 -9 37 53 0
57 -59 -46 44 -53 -37 0
5 8 15 45 -31 -36 16 -3 3 -6 0
0
41 51 0
27 -2 38 -36 -3 21 -33 -60 30 -22 0
6 -27 2 7 18 19 32 8 11 28 43 60 0
42 -53 23 -47 -21 0
-2 1
-2 2
-2 3
0
38 0
0
28 -15 -52 12 -38 0
10 40 30 -3 11 -11 -10 22 0
30 44 24 -53 0
10 19 49 54 58 0
58 5 32 40 42 48 0
9 -24 -40 2 -27 -2 19 -36 -26 0
5 -2 -12 51 -42 0
14 22 31 13 -18 -52 0
47 -2 45 -5 -39 0
10 33 23 -18 -30 20 44 46 58 41 52 -34 -60 0
2 -18 -36 31 -19 37 -24 0
0
43 -15 -30 24 25 49 0
0
25 29 47 42 44 56 57 0
9 -27 51 -37 -37 0
26 37 44 48 60 11 54 0
-2 2
-2 3
