12 15 0
12 -22 -27 56 -18 -49 0
10 -23 59 -13 -42 0
0
39 41 55 0
59 -20 -36 42 57 0
3 32 54 58 60 15 -56 0
60 -30 -9 5 15 24 29 40 11 18 41 42 43 0
13 16 23 42 55 15 28 53 8 -35 26 -4 -4 0
42 46 32 -1 21 -13 0
14 -1 7 -45 -26 20 52 -53 -28 6 0
39 -20 32 -47 -37 11 20 29 37 0
0
58 -14 -54 0
7 11 17 44 53 0
22 -2 -10 0
46 59 -14 -58 9 34 20 -4 0
57 4 -45 35 56 7 12 24 -21 0
6 28 33 43 46 12 -38 29 -53 -45 21 -29 0
54 -28 40 -34 13 -16 -42 7 -22 -60 22 -21 0
24 41 8 -50 59 43 -18 -17 0
3 -46 -1 46 -11 36 -50 52 -15 -40 8 13 18 22 0
-2 1
-2 2
-2 3
45 -55 -48 0
54 -11 39 0
49 -6 5 9 38 10 14 21 26 55 -49 0
28 25 8 10 16 35 54 0
52 -36 48 -38 -58 0
20 26 15 15 23 32 48 34 -10 46 -7 -46 0
18 22 57 43 -11 -1 30 46 0
10 33 0
31 2 2 26 42 2 -51 -12 0
20 31 32 49 55 7 54 0
60 -37 0
29 9 39 54 23 28 51 54 38 -37 -54 0
14 -42 -33 2 -11 -7 16 37 -60 -52 12 21 25 33 0
11 26 27 38 54 0
1 38 57 5 42 46 52 9 -22 -52 19 -55 -17 0
23 -44 -56 11 34 60 2 0
12 -15 21 23 46 53 59 15 -53 -13 15 21 25 31 58 0
32 -38 48 -28 -9 0
41 56 59 33 -22 0
8 -42 49 -12 -52 19 20 22 42 60 60 0
-52 2
-50 3
