8 -11 42 -32 -39 0
0
14 -7 -56 0
30 60 50 -46 15 -4 16 21 26 44 45 21 42 0
48 -22 -12 30 49 60 -23 -34 0
47 0
51 -10 3 15 23 34 44 0
54 -56 -49 27 -29 20 55 56 0
17 57 14 39 -8 0
19 -59 6 29 4 24 50 55 56 0
3 9 14 59 0
40 -18 -45 12 -48 0
6 19 43 59 0
19 -59 -19 2 20 0
15 20 41 56 49 -30 0
17 0
2 -3 16 -52 -7 33 -58 -13 0
60 -20 -30 4 16 28 41 54 16 -33 0
49 -48 19 -16 27 -24 -17 55 -40 -33 25 44 0
8 -19 -51 5 9 16 53 54 28 -13 -44 33 -19 -15 19 -51 0
8 22 29 54 58 21 29 25 0
31 -33 47 -27 28 0
-2 1
-2 2
-2 3
-68 2
26 -37 -7 36 -21 0
39 -26 -37 6 -2 0
4 0
34 -9 6 -1 50 -11 0
37 -55 10 -38 -19 9 -37 -16 0
51 4 8 21 41 55 41 29 -11 0
14 -50 60 59 -11 0
25 -45 -55 4 28 34 51 10 -53 -8 0
4 21 35 39 17 19 39 0
19 35 40 44 0
0
58 -60 -6 1 -46 17 28 41 53 3 -11 -51 9 41 49 0
5 8 8 23 32 37 -21 -59 0
36 38 56 55 -58 0
5 -6 -44 54 -57 45 -54 -54 0
40 -49 0
8 20 56 -39 0
2 13 42 54 22 60 0
45 -39 -25 26 -37 0
7 -23 -31 11 -34 32 -55 -18 0
-48 2
-49 3
