19 48 1 24 50 0
9 31 34 58 0
3 14 21 15 22 28 51 0
34 -3 -8 0
22 -28 -54 0
25 38 60 0
55 -58 -1 0
20 -35 15 -15 27 -26 -59 0
33 -60 5 50 0
54 -15 0
49 -13 -56 0
53 -6 57 -14 6 36 55 3 37 55 0
20 -11 0
16 -21 -17 4 26 35 39 49 1 -38 -54 30 -29 -44 0
18 -16 -55 0
9 21 21 35 3 26 32 48 21 -41 -50 50 -31 -31 7 -34 -2 0
4 -3 -29 58 56 -16 -8 15 -5 -47 0
52 0
16 -11 -7 0
35 -60 -6 0
24 -11 -47 40 55 -3 49 -22 -57 41 -47 -60 0
5 6 7 32 53 42 24 -27 -52 0
-2 1
-2 2
-2 3
-67 3
-68 2
10 33 3 40 50 -58 0
8 -32 -22 13 13 37 50 51 54 -5 -24 19 23 38 41 51 0
23 -55 1 9 20 41 47 -18 -47 0
37 -56 3 17 32 54 24 25 0
5 6 19 27 7 -45 22 -60 -4 52 -48 -11 0
6 -23 -54 24 -18 39 45 46 48 0
56 -4 0
10 13 48 49 35 -55 -48 0
5 19 49 57 4 6 6 8 40 30 30 1 -56 0
11 17 30 42 0
27 -30 -11 9 11 20 26 32 27 -5 -46 0
12 -58 0
39 -57 7 -21 -21 46 -5 0
33 -24 52 -18 -7 0
0
58 -58 -13 15 17 22 40 55 12 18 32 45 53 0
12 17 20 59 0
3 22 59 -15 -59 0
15 -37 0
43 -46 26 31 12 -11 0
-2 2
-2 3
