0
51 -9 -56 45 -29 11 19 23 34 45 46 -5 -29 0
7 -1 11 -22 -48 0
18 -55 -34 60 -4 0
0
27 -1 3 14 16 24 60 1 46 23 -25 0
9 54 54 -11 -38 0
3 16 45 56 57 -55 -57 29 32 59 0
7 33 55 4 5 20 22 48 0
4 10 24 46 60 24 9 24 30 47 53 -53 -9 3 22 37 46 53 0
22 29 37 45 50 44 -7 4 37 0
29 -4 0
43 -54 0
56 -55 15 21 42 60 50 -17 0
6 20 24 49 0
33 39 49 53 24 -39 2 14 28 45 0
8 28 48 57 15 32 36 42 52 50 -25 -55 0
27 40 20 -58 3 21 23 28 26 -4 14 40 43 48 0
16 34 34 5 26 0
24 -50 14 19 39 45 16 17 21 52 58 5 10 27 34 57 0
10 24 29 33 37 9 -14 9 17 23 25 57 1 30 47 47 14 23 50 0
6 22 24 47 13 16 49 42 -31 -55 2 -32 0
-47 1
-50 2
-49 3
-66 2
18 -49 0
38 -32 -4 13 16 25 30 0
34 -19 44 59 45 0
9 26 49 58 0
8 33 28 -41 -14 0
54 -60 34 -31 -29 60 -5 -41 3 36 44 55 0
2 22 31 49 37 -29 -18 0
0
15 -8 33 21 -43 -11 0
8 44 47 47 16 -29 0
3 57 4 5 -5 0
1 38 49 57 0
51 -1 11 -16 0
0
33 52 18 -21 -50 41 -43 0
0
10 12 17 37 0
38 -20 -9 53 59 -54 -14 32 54 0
57 -8 0
3 -14 5 7 13 23 26 10 0
-49 2
-53 3
