44 -26 -3 11 -55 -12 12 32 0
29 30 41 43 46 0
1 16 17 26 9 46 27 -26 8 12 30 0
3 -13 1 13 45 45 1 56 0
11 33 33 51 32 -15 4 -15 -60 0
10 -52 0
44 -57 -16 8 -3 -58 29 -47 -34 21 37 58 0
0
25 -18 0
48 -59 -42 24 46 47 49 -57 -38 21 -5 -45 0
38 -2 33 -33 -15 44 -39 -33 0
7 9 17 27 58 0
24 51 51 0
8 32 35 54 59 0
58 -27 -12 3 16 58 17 33 41 0
22 24 41 47 53 58 -15 0
7 -47 12 13 -43 -54 0
14 25 36 47 58 55 -37 51 50 -30 -20 0
25 -1 -25 53 -43 -18 28 -50 -3 0
11 -51 36 -27 0
10 14 18 39 41 -46 -41 3 53 43 -35 -13 30 -30 0
52 3 16 32 46 0
-2 1
-2 2
-2 3
-69 3
-66 2
53 -11 45 -37 45 -3 -42 60 0
28 -36 0
20 -11 -17 11 21 28 42 0
20 13 23 0
19 31 38 56 52 -31 -52 31 -7 0
0
45 -20 -31 12 13 40 44 57 -1 5 8 34 52 6 -46 0
9 -3 -39 47 13 -25 -5 0
21 -54 1 12 50 -35 1 -54 -53 0
20 -22 12 22 30 33 4 19 34 35 0
18 32 60 3 -42 58 9 -20 -31 13 -26 0
31 52 48 -5 0
60 -35 -11 11 34 42 8 -48 -3 0
4 8 10 24 11 -35 4 12 12 17 55 0
1 3 7 14 39 55 -8 -34 0
11 -42 0
7 -5 44 -8 0
27 34 40 48 55 37 -4 -34 8 -47 0
35 -40 40 -29 0
37 56 46 -59 -43 37 -23 -27 0
-2 2
-2 3
