6 26 33 17 -55 -1 3 -10 -48 40 -23 -22 19 -53 -52 0
55 5 22 28 34 8 0
3 56 0
15 17 3 13 17 32 0
26 -20 7 48 50 56 38 43 49 53 1 37 0
37 -59 2 52 55 57 48 -26 44 -19 0
6 -28 11 21 24 -31 22 -33 -24 0
7 20 26 27 34 0
15 -25 40 50 58 31 -20 -34 0
29 31 32 -28 -48 0
60 -27 11 24 37 0
9 38 47 3 38 38 0
32 43 59 0
19 49 27 -14 -46 19 -16 15 -57 2 -52 0
0
11 28 4 26 -47 0
60 9 -32 42 -13 -45 25 -36 -18 0
16 -51 -6 13 24 41 51 15 -47 -34 0
60 -30 -28 58 -19 -59 33 -31 -31 48 -3 -15 0
25 -60 0
13 -4 9 13 36 57 58 3 -16 0
19 -59 18 33 34 59 5 -31 -29 58 -43 -50 0
-9 1
-9 2
-9 3
47 -1 -32 19 60 20 -30 0
55 -14 0
5 9 33 47 58 5 8 11 25 42 44 -22 2 -18 -54 20 23 0
17 -43 -56 29 0
0
36 58 58 0
6 -2 19 -2 0
45 -52 -54 18 -7 27 47 0
18 -27 53 -31 14 14 0
37 -26 52 57 4 16 18 27 54 32 43 46 0
47 -54 -52 0
53 60 20 -8 16 27 42 51 32 -46 -37 10 20 51 54 0
0
0
5 13 34 50 53 0
15 44 55 31 -29 0
6 7 52 26 0
6 -38 -28 24 48 1 -26 26 -35 0
2 0
18 31 33 41 4 9 11 42 60 -8 17 -8 -53 13 -49 0
-48 2
-47 3
