2 -7 -12 39 -5 -15 0
5 19 45 48 58 0
10 12 35 40 3 6 33 46 0
10 57 0
43 -48 -6 22 -41 -40 2 3 12 29 30 4 19 41 1 6 28 50 60 0
14 -5 -30 7 17 24 32 -21 -20 17 43 0
1 2 10 13 55 -50 -8 0
4 19 21 36 38 45 50 0
46 -39 0
26 45 46 55 55 20 -46 15 -40 0
56 -26 46 -56 3 13 22 42 49 47 -50 0
17 18 21 34 0
31 32 40 44 0
6 -21 40 -39 -29 36 -53 -6 19 -24 1 31 34 52 0
51 -54 27 34 40 60 36 -16 0
0
14 16 23 20 -38 15 36 38 59 16 18 55 2 -47 0
0
22 -31 -33 38 -3 -4 6 37 38 47 40 -32 -60 0
43 -2 -17 10 -39 -58 0
15 -30 9 16 41 15 0
5 20 23 45 49 10 -8 26 -22 -3 0
-7 1
-7 2
-7 3
-68 3
32 -15 29 0
38 -35 28 32 9 -18 -18 31 -18 0
16 44 0
15 3 25 32 58 52 -38 -34 4 20 21 52 15 53 0
49 -11 -52 19 28 -55 -31 40 -42 -11 0
2 11 22 23 28 41 -46 -24 13 16 29 44 57 32 -59 -60 0
7 -38 -31 9 24 24 36 -23 35 -32 0
8 -42 6 6 30 48 0
0
3 8 15 34 12 -43 -41 33 -44 -21 16 -23 -38 0
5 7 35 40 46 30 -59 23 41 44 60 1 2 6 7 14 0
37 -31 -46 0
6 25 45 50 59 7 14 31 44 51 0
2 -7 29 39 0
21 39 44 45 51 0
10 -60 -60 35 -21 -49 33 55 0
3 34 55 13 26 -30 -32 23 37 55 58 44 -38 0
23 27 15 -49 0
2 6 16 0
13 50 12 -54 -22 8 7 49 42 -35 -31 0
-50 2
-51 3
