21 -5 30 -41 -12 11 21 23 39 0
1 2 32 36 0
19 47 -15 -52 49 -52 -6 14 4 10 21 29 0
10 -51 -59 26 -49 39 -34 -3 32 13 34 0
2 -52 -43 24 -30 -57 48 -40 -18 54 -46 16 -49 -31 0
4 25 2 -2 -30 39 -9 -15 0
31 48 56 1 31 49 50 58 0
1 -4 0
24 29 53 26 -45 -16 49 -38 -28 0
13 -45 -4 16 20 33 10 -43 6 0
27 -38 0
27 40 46 41 -59 51 -42 -16 37 -23 0
33 -35 14 -46 -30 0
16 -12 -21 28 41 48 56 0
39 9 10 19 31 38 0
2 9 20 22 22 31 40 0
45 -15 -47 38 0
21 23 32 0
0
15 25 26 0
24 -12 0
56 9 33 54 58 30 12 34 0
-2 1
-2 2
-2 3
30 24 -20 54 5 0
0
2 60 3 -23 2 -16 16 -56 -1 31 -50 -8 0
27 29 37 39 58 39 12 43 2 -32 -42 0
46 -59 3 -34 -38 48 -41 47 -53 -3 0
45 -52 39 -38 -18 2 -19 -13 24 0
40 46 55 0
44 -51 -4 4 -2 14 47 59 9 13 16 0
11 14 35 39 56 8 10 26 35 35 55 13 -39 -12 3 15 19 27 50 0
3 28 38 52 55 13 -50 -49 17 51 0
51 -13 -57 0
14 31 42 56 29 -37 39 -20 -3 0
7 52 0
14 -1 0
37 -58 0
48 -29 -49 56 -55 10 11 42 0
40 -7 -34 54 -2 0
7 9 39 43 54 9 12 26 29 0
3 3 59 -25 -54 10 33 0
11 39 -57 4 -30 0
-55 2
-50 3
