18 31 55 -7 25 18 48 51 0
20 60 -56 2 58 0
8 14 15 17 35 39 -45 46 -11 -52 20 56 18 29 31 41 0
33 44 19 -14 -37 0
14 53 -43 14 44 54 7 25 32 50 57 10 -50 -24 0
52 9 11 24 27 54 0
22 36 58 60 0
60 -39 21 0
17 24 38 41 0
2 52 46 -49 -3 54 -6 -12 12 -21 -36 5 0
39 -59 -25 0
29 -19 -49 30 48 19 40 56 5 22 49 57 60 0
33 -4 4 16 43 0
17 17 55 59 0
33 -10 9 -26 -6 32 -29 -4 6 -49 0
9 12 15 39 47 40 0
58 -15 -7 49 -13 0
9 35 40 56 60 0
2 -1 0
47 55 37 -42 14 23 47 47 54 57 -52 -11 0
35 -19 -59 18 35 47 44 -10 39 0
25 -56 47 48 53 54 58 18 36 0
-2 1
-2 2
-2 3
1 41 50 -49 -1 12 33 0
18 36 42 2 38 49 60 -19 0
8 9 20 31 36 22 43 39 -2 0
21 -57 -55 7 50 51 54 56 56 -38 1 22 42 44 0
0
34 36 41 43 60 48 53 0
32 -47 -59 3 -47 0
24 -57 37 46 6 13 0
32 35 0
35 -48 2 0
12 41 51 27 -33 -20 0
5 19 0
22 26 42 -8 0
52 -9 -59 26 -58 -35 0
57 -13 44 -19 -11 0
48 50 18 21 22 4 -45 -41 1 8 17 27 56 49 0
0
20 -24 58 42 -7 -12 11 -50 0
56 -8 49 -11 0
20 -17 -50 22 -33 -37 7 19 45 46 30 -8 -12 0
-49 2
-53 3
