0
47 -2 -25 43 -20 -37 20 41 45 0
53 -8 49 -53 0
52 -25 -20 48 -4 -31 28 -59 2 43 54 0
5 -8 -14 0
36 -54 0
60 -37 0
34 0
9 59 0
53 -26 -2 0
13 57 -44 -42 35 -25 3 -32 0
18 35 0
24 31 53 15 21 40 42 50 33 -58 -32 0
50 -51 -27 51 -33 -24 45 8 20 24 35 45 45 -7 -6 0
49 0
9 15 20 59 15 23 25 34 54 1 5 -7 0
44 -3 55 -38 -43 48 -55 19 -57 0
0
33 40 48 50 0
15 -8 -42 19 37 38 43 9 -48 -19 18 42 21 -19 0
24 -7 0
22 26 -45 0
-3 1
-3 2
-3 3
28 -7 6 0
59 -8 -7 11 57 -30 37 37 20 38 41 0
7 31 33 40 14 19 5 -18 -2 0
41 -49 0
21 -4 42 -44 31 -47 0
41 -17 -57 1 0
58 3 4 26 46 31 -31 0
45 -13 41 -44 1 13 13 13 21 17 -50 -40 0
34 -44 0
39 -29 -22 18 -11 31 35 51 53 54 0
4 14 17 29 44 7 24 32 43 45 30 8 40 47 50 0
40 -4 48 -5 22 28 45 47 -42 -53 0
40 13 25 29 51 26 36 16 17 29 36 49 30 -9 -50 0
50 -9 0
31 -50 3 -2 33 -9 -36 0
13 18 20 11 33 0
14 42 0
43 -10 -39 45 -39 0
11 -59 -34 48 -3 14 25 39 50 42 -42 -6 16 -47 -58 0
17 -20 -49 11 45 50 0
-9 2
-9 3
