4 6 8 16 17 41 -22 -48 9 -15 0
24 34 37 0
30 49 21 -41 -54 16 -9 17 18 52 55 0
15 15 11 10 36 37 50 54 0
33 -18 -55 15 27 43 56 16 -21 -2 0
5 19 26 33 34 36 -27 0
29 -33 24 48 14 18 19 21 0
4 -22 -18 55 -25 -30 56 -15 -39 0
0
1 2 15 29 38 -46 -54 0
38 23 -42 -7 39 -53 -6 14 -39 -18 0
19 -49 0
9 17 30 55 33 -2 0
10 -50 0
41 44 48 60 1 14 34 35 57 20 -54 24 -40 49 0
50 -14 -39 21 -45 -48 39 19 37 45 -13 0
0
0
37 -33 -10 31 -57 -13 5 -3 0
44 -55 -25 25 -3 -6 19 34 38 39 41 24 35 0
15 -41 -59 26 -34 20 -3 -40 0
3 48 29 -34 -55 15 -10 45 -19 56 0
-6 1
-6 2
-6 3
-68 3
41 -4 9 -37 35 -17 17 -18 8 14 59 0
18 32 49 60 9 -15 17 -18 -44 4 8 8 25 37 0
0
19 21 33 57 0
16 20 34 42 0
23 -30 -12 59 -28 -13 0
22 -29 -12 10 24 36 38 53 0
2 2 10 31 33 36 -48 33 33 39 9 0
3 9 36 5 32 35 55 15 32 35 -27 -6 0
6 23 26 49 52 19 -1 -12 19 20 25 48 55 39 -59 0
17 22 32 9 16 16 25 39 0
22 41 44 53 20 -59 10 17 23 28 44 31 45 37 58 60 0
41 45 54 2 14 38 43 38 -11 -17 44 -29 -27 0
57 -58 -40 47 -25 54 0
0
14 -29 -55 4 16 29 32 58 36 38 48 58 7 34 0
48 -22 0
6 31 54 0
56 -52 45 -11 55 -6 0
29 -8 9 -21 -40 7 11 57 0
-11 2
-11 3
