44 -35 -39 42 -32 0
43 55 59 53 -19 -45 0
0
2 -9 -48 12 23 28 32 53 22 -4 -55 60 -18 -17 0
2 17 32 14 25 53 60 57 -11 -38 0
60 -9 -15 36 -22 8 39 40 47 36 52 54 0
4 -57 0
20 36 37 40 43 0
27 -16 12 45 50 54 3 16 24 28 56 0
3 4 16 32 40 52 -17 10 -14 49 -17 30 0
26 -34 -32 0
53 0
2 12 36 41 0
22 -39 21 -33 -6 7 0
0
43 -21 -18 21 55 0
36 -3 47 -56 -3 6 22 30 40 51 0
0
0
7 -46 -23 42 -46 -51 7 12 28 31 44 27 28 32 51 51 0
34 -48 -49 0
0
-2 1
-2 2
-2 3
12 -45 0
8 -15 5 19 46 -5 5 56 0
41 -8 0
5 37 50 20 55 37 -38 25 33 44 52 0
5 -13 36 -28 -57 22 26 37 55 0
26 36 58 0
31 -54 -18 4 8 39 57 -17 -49 0
48 -42 -54 5 49 33 0
10 57 -17 60 -54 -13 0
49 -15 0
19 59 -56 -41 0
4 0
0
38 -33 0
4 -57 15 -9 -34 4 -36 0
35 -37 52 -6 -37 5 49 0
54 16 37 54 41 0
43 5 9 13 50 54 2 0
57 -23 22 24 24 37 -43 -52 0
50 -44 52 -41 -32 50 -25 23 53 16 17 49 0
-2 2
-2 3
