19 25 46 48 54 20 -52 5 11 21 34 56 0
13 -16 -21 0
41 -27 -24 25 -32 -40 34 0
49 -50 -59 14 -1 0
21 -56 -17 7 27 41 57 6 7 24 50 4 -36 -51 0
39 6 34 0
39 0
52 56 58 3 -7 -28 32 -54 -27 0
14 -43 6 14 25 28 33 0
27 -11 -10 0
58 -38 15 -13 -21 3 13 16 30 55 58 -27 34 -6 -10 0
49 -56 -38 7 -50 45 -50 -3 15 19 26 0
25 -19 -51 30 -34 2 -5 -51 39 19 31 51 59 0
55 -31 29 -41 0
32 -39 -8 34 58 1 13 32 42 58 0
36 51 18 -38 50 -58 0
24 -38 -46 5 -55 19 23 60 0
58 -8 6 10 29 41 2 19 0
39 0
12 -23 21 -38 0
17 42 0
35 52 59 36 30 -50 32 -20 -17 5 38 0
-7 1
-7 2
-7 3
-67 3
-68 2
4 6 11 59 60 3 8 19 43 4 23 42 44 51 1 -8 54 -50 0
13 46 52 0
0
25 -19 2 23 33 0
8 -60 -54 12 14 23 23 35 11 13 25 34 48 0
54 -42 14 21 32 51 8 8 14 16 26 5 34 38 44 48 0
32 -6 -23 6 34 46 51 0
35 -34 -30 13 17 21 24 29 -44 -53 34 -15 0
44 -45 -39 34 -25 57 -26 -26 6 -9 -17 0
9 -13 -8 2 8 5 16 17 22 57 0
22 25 -29 -34 43 -7 15 17 18 31 34 0
5 28 29 35 54 0
9 14 30 34 7 18 39 41 0
54 -7 -35 53 0
3 34 40 13 47 9 -53 -30 25 -9 -27 7 -4 0
8 29 37 50 0
18 -2 -23 18 -54 0
21 -6 -5 0
7 28 57 8 21 22 43 0
24 36 47 29 -38 -23 7 -5 -31 0
-48 2
-56 3
