12 52 8 -15 0
33 37 37 58 21 -54 43 -2 -43 9 -29 0
7 51 41 -21 0
57 -9 0
11 0
50 -44 -40 0
15 17 55 0
10 -33 42 -13 57 -28 0
14 9 10 28 58 58 -53 -10 22 55 0
38 -58 -53 31 -52 -57 14 18 27 24 32 43 59 28 -14 0
0
36 -12 -24 46 -60 -36 27 -32 19 -8 -5 0
20 -57 1 8 46 50 44 44 52 31 -17 20 35 42 44 0
37 -27 22 29 58 11 -13 0
13 23 59 60 44 55 60 0
6 8 27 29 28 -46 27 -2 -13 8 16 21 14 0
47 -42 14 41 43 50 9 15 30 49 0
4 -51 -20 0
59 -58 -40 14 -51 0
56 -9 -34 5 -58 6 10 28 50 0
52 -12 -41 26 -26 21 -36 0
55 -47 -15 29 0
-2 1
-2 2
-2 3
-68 2
9 -6 38 -21 56 58 0
29 -13 33 60 0
24 27 54 56 0
1 6 19 54 4 -3 -40 1 16 50 58 27 -24 -28 5 27 46 60 0
6 30 45 47 55 3 5 16 58 -55 0
41 -31 30 -44 -58 44 -16 0
54 -52 -22 17 37 47 57 12 -41 -53 5 6 19 33 45 0
1 4 30 20 38 40 56 0
9 28 56 -33 5 21 60 0
3 10 16 30 43 9 9 29 40 0
23 -5 -20 25 -3 -2 2 4 16 46 54 0
28 -34 34 48 54 14 27 29 42 44 45 57 0
46 -41 -31 7 24 31 0
37 -37 -24 27 36 51 58 0
0
59 -8 -1 0
1 2 23 22 -15 0
4 12 46 59 33 -49 -50 0
0
23 -42 -16 0
-51 2
-50 3
