29 50 11 16 28 37 58 0
3 5 22 50 54 -58 -40 1 38 41 44 45 1 7 31 55 57 22 35 42 46 59 0
7 -34 -8 3 8 13 13 41 46 -8 -30 0
1 11 42 58 52 -24 6 11 20 21 33 39 -25 17 0
59 -49 -44 0
40 19 19 21 47 5 -5 -11 20 -51 -6 59 -24 -56 0
44 49 50 56 58 57 -56 2 -35 -39 0
50 16 -29 -39 16 23 35 51 12 36 44 44 38 -8 0
13 -57 57 -25 0
39 55 19 26 31 32 53 34 -10 9 -15 0
6 14 18 30 -21 -59 52 -49 0
17 18 18 56 0
43 29 47 56 57 -5 -10 0
2 8 11 36 56 0
35 8 -12 59 0
13 -38 -8 21 -41 -39 29 44 0
27 28 50 1 19 58 5 31 45 0
6 37 48 0
1 -58 7 12 16 29 59 7 -46 36 -6 8 -47 0
15 21 39 49 -48 -20 18 46 56 57 59 16 37 39 42 46 0
27 -44 -20 34 -29 60 -2 -59 14 -20 -20 0
37 -56 43 -13 -37 6 57 26 -44 16 0
-3 1
-3 2
-3 3
-66 3
-69 2
1 18 22 48 0
34 -25 -38 13 0
33 0
47 -21 0
25 -22 -35 14 -29 0
6 7 40 59 3 -28 -11 0
36 -31 -26 7 -39 -3 20 -33 -26 0
21 -14 -17 0
2 1 -25 3 10 20 51 56 0
3 12 18 44 0
32 -46 0
45 -60 25 -22 14 22 29 0
6 -42 11 12 14 45 58 4 6 10 26 41 20 -8 -44 0
12 18 30 40 5 14 30 41 0
50 55 57 31 -43 2 45 48 37 40 0
0
53 -26 -55 39 -54 -22 7 29 35 55 25 -41 0
28 -52 0
11 32 52 58 20 -55 -49 1 28 40 42 44 0
24 -28 -38 7 46 47 42 0
-48 2
-53 3
