52 -35 13 17 38 0
28 -28 -47 9 9 26 35 55 60 -29 24 40 0
35 -17 -52 0
10 11 28 0
9 -34 -42 51 58 9 -2 -59 0
10 -51 -58 24 25 9 -31 19 23 0
34 -16 0
56 -20 0
6 -18 -53 24 -41 -15 3 12 27 47 49 0
15 -22 -6 5 12 29 51 0
7 0
5 24 47 60 6 31 44 27 -48 -51 0
41 50 55 55 16 -16 -14 42 -25 12 -56 -44 0
40 -19 -60 53 12 18 29 44 -7 -1 0
37 -26 -45 37 -34 -35 31 37 44 0
15 -22 19 24 40 54 0
17 -48 -12 0
16 -1 17 18 37 50 57 44 -50 15 12 13 0
1 14 5 -43 -57 30 -57 -11 52 0
10 -1 0
6 38 53 56 60 23 -10 -55 4 47 0
24 -55 22 37 38 50 58 -40 -16 2 -58 38 -46 -2 0
-7 1
-7 2
-7 3
34 53 59 49 -29 0
22 -25 6 24 31 41 54 33 -15 38 39 37 -15 -13 0
0
55 -34 33 18 52 0
14 -50 0
55 -23 0
36 -11 -51 20 -29 -7 10 -21 15 47 18 26 45 0
2 13 44 47 8 9 10 18 29 -1 -13 0
33 -23 -6 21 -6 -1 43 -24 1 -55 -39 0
16 30 35 50 51 0
48 -50 27 -15 -17 0
54 -12 0
40 -52 0
0
9 -45 15 -19 38 49 0
0
17 -56 -42 14 -32 6 -42 0
33 -9 8 28 -28 3 -13 0
28 -18 4 33 40 41 50 6 32 12 -38 -25 0
14 45 39 -43 0
-49 2
-54 3
