45 -21 -28 52 -24 -26 0
44 0
15 -51 -21 0
48 -21 -50 44 -54 -26 44 -51 35 0
50 52 21 32 49 21 22 41 56 37 -26 -28 7 -52 -30 0
11 26 35 34 -39 -59 54 -12 49 -44 0
0
27 -14 -58 29 -6 -10 8 37 52 26 33 47 0
52 44 -20 -45 14 24 30 49 9 -38 -40 0
42 -11 0
50 43 52 9 9 50 18 50 0
36 -1 -20 58 -33 -54 31 -44 0
0
8 10 37 47 59 20 33 38 -3 0
33 49 59 0
44 -2 0
21 45 48 53 54 17 -27 -37 14 28 35 0
9 0
24 39 50 55 7 -4 8 -57 -47 48 -41 0
32 45 52 54 43 -59 -5 5 -11 0
12 23 0
2 9 15 52 0
-2 1
-2 2
-2 3
11 27 27 38 23 32 49 30 -8 0
35 -39 -33 0
26 51 18 23 24 33 38 28 -2 0
27 -25 -57 0
30 -54 26 -54 -59 5 5 24 29 40 0
57 -53 55 -9 -43 12 36 44 50 58 5 40 42 42 0
5 24 25 29 34 0
33 -5 1 48 1 -9 -9 33 -11 -39 0
28 -16 -33 23 -12 4 24 35 49 0
4 21 26 35 57 10 -25 1 -29 -45 0
4 21 41 45 23 55 20 -14 8 -32 -10 31 -13 0
9 -35 -22 13 21 42 48 54 0
57 -25 22 46 50 60 16 22 30 34 0
26 -14 52 -31 0
19 21 34 35 51 5 27 34 39 44 22 -42 0
1 -21 -57 4 -29 -25 47 -3 -39 28 -41 -53 0
11 16 19 43 59 0
34 -40 32 -24 -9 57 -36 -16 0
1 6 39 3 -21 4 -41 -60 0
40 -1 -41 47 48 16 -11 0
-50 2
-54 3
