7 16 33 60 0
10 -35 -40 49 44 -60 -10 0
43 -35 14 51 0
15 18 21 0
21 -8 2 24 38 40 54 51 -39 0
31 -46 0
55 -31 -55 0
16 -11 -49 27 28 33 54 16 44 28 39 0
17 -56 -40 18 22 33 33 52 11 11 12 21 0
46 -19 -58 35 -19 0
41 -4 32 -18 -36 20 26 43 5 -53 11 -57 0
45 -46 -19 2 -50 -44 0
39 -56 16 23 43 56 14 20 2 8 32 36 56 0
57 -23 -30 37 -5 -2 0
36 -17 -7 17 -46 30 39 42 0
35 32 -54 53 -16 0
11 -53 -25 26 -12 -44 12 18 43 -30 12 -4 -25 0
22 31 48 0
13 33 42 53 60 60 -44 21 29 35 5 18 27 31 2 5 8 49 0
7 20 33 35 0
13 26 32 49 56 25 34 54 16 -37 0
4 18 20 49 3 -19 23 -40 -39 0
-2 1
-2 2
-2 3
-67 2
19 0
23 46 53 54 -9 0
23 -56 -36 23 34 40 41 20 -3 -42 0
14 -35 0
4 8 59 37 -55 -58 13 32 52 3 6 26 41 43 0
19 29 20 22 30 52 60 8 15 37 57 0
10 14 10 -51 60 0
5 20 14 -42 0
27 -49 25 41 42 46 56 0
21 25 24 -51 43 55 41 -20 -21 0
53 -39 -27 0
48 -54 0
54 -25 -38 5 -30 -52 6 24 46 54 59 0
38 -25 -41 11 38 58 43 -19 -35 0
25 -13 -21 33 -29 -19 28 -37 10 -54 0
11 -6 -48 5 5 14 27 18 21 0
1 13 18 47 57 7 53 51 -40 -23 57 -31 -57 0
3 24 25 50 0
48 0
8 18 36 38 50 5 11 46 1 7 52 58 39 56 0
-8 2
-8 3
