48 31 -13 -20 51 -60 0
8 22 28 37 47 19 -22 29 35 0
17 -48 0
0
43 -42 -49 13 -5 55 -1 0
36 -32 0
1 19 24 34 1 -60 38 -5 38 -6 -40 0
5 -44 0
6 26 26 47 28 -51 17 -55 0
32 -32 -5 0
0
3 -40 19 33 34 43 45 54 -35 0
0
34 -32 38 -32 56 -5 29 -37 51 -34 -51 0
27 -15 -45 3 32 35 0
23 -24 10 28 44 55 21 26 42 53 59 0
10 -10 50 -41 12 28 37 0
22 -34 6 13 17 31 35 4 -33 -20 0
28 -6 38 43 -33 -30 0
8 29 52 -29 -58 0
48 -17 -40 15 -17 -43 42 -55 9 31 60 0
4 7 22 31 33 1 -34 -51 51 -44 26 0
-2 1
-2 2
-2 3
15 -20 0
37 28 -15 -33 27 31 46 55 29 30 59 0
8 -33 -22 40 48 8 31 40 41 47 12 -60 -46 0
10 33 48 26 -12 -53 0
34 -58 -31 14 -52 -48 0
7 -28 36 18 46 51 0
15 -21 0
1 43 60 4 16 31 31 34 2 28 49 59 25 -15 -21 0
15 52 57 12 -41 26 -58 0
7 -28 22 -34 -23 31 -37 0
43 0
43 -23 -56 48 -1 54 -8 12 23 39 59 0
28 -9 -22 0
7 26 48 52 53 0
36 -31 7 7 41 45 59 0
21 -51 18 34 56 40 41 44 0
51 -58 45 -21 9 -25 -13 0
35 -3 28 -60 1 15 15 51 2 24 26 34 41 46 -25 -30 0
50 -47 7 40 8 -32 -43 0
32 -19 12 24 3 -53 -14 11 32 0
-24 2
-24 3
