24 -11 0
14 0
17 18 21 56 0
59 -58 0
39 8 -43 -7 0
11 20 25 36 50 46 0
17 27 41 42 54 12 39 50 0
3 28 35 15 -9 -22 24 -28 45 -11 0
6 -2 25 50 0
56 -3 -15 54 -52 -28 0
4 -14 31 -58 0
3 32 -58 -10 40 -43 -6 1 37 42 55 58 0
58 -9 -8 0
9 13 13 34 38 0
49 58 -35 0
41 -27 -19 45 -43 49 -4 31 -30 12 -38 -52 0
16 -24 31 8 10 17 31 0
8 -14 -15 17 47 54 24 0
3 14 29 44 44 10 14 39 52 52 0
30 30 -20 0
33 -56 9 -10 -55 4 8 18 52 10 34 50 1 33 44 52 58 0
45 -41 -55 59 -16 30 -31 -6 18 -45 -29 0
-2 1
-2 2
-2 3
21 -57 7 -26 0
32 -58 29 37 47 5 -11 7 -59 -33 0
11 16 28 33 17 -17 57 -41 -7 0
0
41 39 -52 -50 0
23 -47 -19 44 -59 -14 0
6 -38 8 22 7 21 45 52 0
21 -15 -1 30 -29 -31 3 4 46 29 -31 -1 0
0
3 -29 18 -53 -37 24 42 43 46 -34 -26 52 0
22 -45 -38 19 -5 -29 28 30 31 9 19 51 0
18 19 22 33 55 12 17 49 52 53 8 11 2 6 8 10 22 27 0
58 -17 11 -55 -15 27 38 51 0
32 -23 2 14 26 36 45 2 24 46 54 24 -33 19 -28 0
2 34 46 47 14 -10 32 -36 8 -58 -41 0
42 58 38 -35 8 23 25 30 0
9 14 25 28 33 1 4 31 36 0
18 53 54 15 48 29 -53 0
33 -23 -1 14 21 3 22 49 49 56 0
37 -10 14 23 27 34 23 -28 -19 30 -27 0
-47 2
-47 3
