35 0
27 30 42 46 53 -42 15 -34 22 23 38 49 60 30 47 0
3 36 44 46 3 -40 25 -36 12 -3 0
9 -44 26 29 48 24 30 1 34 0
28 -38 55 -41 -20 30 -33 -25 46 -55 0
12 26 57 -5 4 15 17 35 22 -9 0
28 -14 -35 38 -23 30 -9 19 49 0
20 23 30 58 59 57 -40 13 30 43 48 51 33 -33 -59 0
2 8 10 40 53 0
14 17 57 59 1 21 -26 -44 5 -17 -7 0
18 22 33 12 25 38 48 53 29 36 50 55 50 -59 0
40 14 -58 44 8 32 34 0
2 25 59 -30 -15 0
0
21 -5 -50 5 55 0
2 28 60 0
28 3 14 29 38 16 46 56 59 8 -47 27 -36 -34 0
0
47 60 31 -38 -15 6 25 27 43 57 45 51 36 42 0
18 -22 41 -6 14 -42 27 -37 0
9 31 50 14 31 45 2 11 16 8 -27 29 35 37 59 0
12 0
-6 1
-6 2
-6 3
0
60 -48 -48 45 -53 -51 10 21 42 44 0
0
60 2 14 22 28 30 0
1 -14 17 -47 -12 39 -24 -6 0
45 10 -43 0
15 -7 0
26 -6 -40 1 -47 38 56 13 -21 -60 0
3 -40 24 28 38 47 18 31 0
26 31 32 45 58 55 -11 -10 0
3 -51 -42 5 19 24 41 0
1 23 54 55 0
17 -10 0
51 -15 -39 38 -24 -34 7 27 33 56 0
49 -56 -8 7 5 -17 51 -30 0
0
27 -26 18 31 -57 41 -20 -36 0
47 -45 53 33 43 48 22 -21 -13 0
39 -18 -41 22 31 0
42 26 -8 -57 0
-48 2
-49 3
