60 -1 17 -44 -36 28 41 44 43 -5 27 34 44 51 0
47 0
26 -10 0
0
46 -47 0
20 23 35 39 60 57 -7 -4 3 -1 -51 0
25 -15 -34 0
36 -41 -2 41 -49 31 42 -20 0
48 -55 -35 0
0
23 49 29 22 -21 0
21 -55 36 46 47 48 60 0
16 -23 38 -55 0
41 -41 6 -50 16 -31 -7 6 -14 -38 60 0
6 18 -47 -35 58 -37 -55 0
6 52 7 39 60 14 -52 -40 0
23 -52 0
56 -6 42 -22 -6 0
57 7 28 36 40 12 -26 -2 0
20 -51 -42 1 9 38 60 30 38 7 35 48 18 53 0
0
7 12 36 -42 -21 1 2 22 26 53 0
-52 1
-51 2
-47 3
10 20 25 51 11 -21 39 12 -18 0
39 -10 6 -50 -9 22 23 25 30 40 0
46 -26 0
20 -27 -18 0
29 21 28 32 34 44 2 -11 13 19 46 0
10 -45 -41 37 -55 -54 51 -39 -59 21 -6 38 -59 -51 0
3 -17 -29 0
57 -4 -1 34 -14 5 19 26 38 9 -3 0
39 -7 21 -44 2 24 29 2 35 0
7 32 14 21 26 41 15 -37 0
57 -35 48 -1 6 -7 -3 21 -10 -38 0
5 17 20 52 0
24 47 8 26 0
12 14 34 41 44 30 -59 46 -24 -17 19 57 29 38 39 52 0
54 -42 -37 48 -25 -23 49 0
16 50 0
0
0
30 46 38 -31 42 -17 0
14 33 41 53 33 -23 24 25 41 46 0
-48 2
-48 3
