56 -56 1 24 25 30 35 -11 2 4 16 36 0
56 -1 45 -29 -43 44 -37 12 13 38 50 54 15 34 45 54 0
30 -56 -18 26 47 0
37 -52 23 -57 8 33 38 38 0
2 -39 0
6 32 41 41 44 40 0
18 32 41 45 15 12 -13 16 33 36 0
6 9 9 51 55 17 -52 7 18 49 0
40 -51 -45 5 17 28 30 34 14 26 29 0
24 -57 -11 9 14 37 41 50 28 -12 -7 0
5 19 20 22 41 53 -11 -60 29 36 38 7 25 42 50 54 0
11 30 0
21 47 51 2 25 29 50 34 -60 -45 0
47 -45 -31 0
56 -45 9 17 3 23 35 40 -11 0
54 -56 -29 47 -8 5 26 32 34 51 30 44 46 48 59 13 -32 -56 0
44 -30 -55 1 8 16 44 56 32 -51 5 29 46 10 58 0
4 30 32 50 2 21 31 33 39 5 8 24 46 0
22 -8 0
2 16 28 24 -59 -34 0
17 -22 20 35 -17 -34 39 -17 -55 39 49 0
27 11 41 1 -8 -51 0
-42 1
-42 2
-42 3
-68 3
-69 2
34 -20 25 0
49 55 -33 -38 46 57 0
47 -8 -34 6 -54 -37 21 -7 0
41 -33 -9 0
33 -4 -19 7 -1 -20 0
36 -43 7 9 54 17 -36 -9 0
3 -9 0
49 -57 -22 39 -26 57 -4 6 54 6 34 45 53 58 0
30 -51 0
57 -33 19 -6 -30 14 -16 0
14 -36 -45 15 -20 9 13 16 44 60 0
5 28 30 37 40 1 -59 46 -38 -23 0
56 -36 18 46 54 0
5 8 32 59 2 13 32 40 -3 -27 60 -12 30 -60 0
56 29 -8 -31 35 -60 -18 0
30 18 -58 -58 11 18 22 35 54 44 -35 0
20 36 40 41 1 25 42 49 50 0
10 13 45 51 51 -48 -26 12 29 44 36 -49 0
10 -2 0
20 20 46 57 43 33 -30 -55 11 25 26 47 54 0
-49 2
-49 3
