7 9 9 10 48 -22 -23 4 -45 -35 36 53 0
30 -46 -53 20 -16 -54 23 29 23 31 38 0
13 13 29 59 10 22 46 57 50 -3 -22 60 -37 -52 0
21 -50 -51 0
1 15 30 35 54 -52 -32 4 8 13 19 42 0
26 30 40 45 55 9 35 38 31 -1 26 29 -6 0
30 -37 13 14 26 41 59 46 -28 -15 14 -42 -42 59 -40 0
0
20 -1 -4 46 57 11 -60 26 -52 -50 34 41 46 0
51 0
0
44 -44 -18 30 -37 17 -43 0
59 16 39 41 32 -17 13 -58 0
9 -24 8 32 52 1 22 55 0
33 13 -50 38 -28 17 24 0
9 -60 -44 8 27 39 54 17 58 35 -48 0
0
46 57 58 0
13 -40 -10 21 -18 -37 3 18 20 37 56 8 16 23 29 0
36 -52 -20 13 42 46 52 7 -46 -40 9 15 40 0
11 -35 -30 50 0
52 -14 -53 23 45 49 8 -30 -11 40 -18 -20 0
-2 1
-2 2
-2 3
25 -19 -28 54 -11 39 -57 -31 56 -25 0
34 -20 24 33 50 57 6 30 59 37 -9 -29 0
14 -49 -21 0
13 24 0
60 -7 42 26 46 55 0
52 -48 -16 52 -45 30 -51 -56 43 45 0
14 22 23 54 4 12 30 32 33 -33 59 -39 -57 0
28 -39 3 18 33 42 14 39 0
16 20 31 45 0
60 -1 25 26 6 15 19 50 55 0
24 30 13 -20 0
5 18 38 43 55 21 29 55 10 30 43 55 0
19 38 57 44 -14 -52 21 -32 39 -28 -54 17 0
25 -5 4 59 2 9 17 19 33 -37 57 -12 -4 0
22 -20 -24 0
27 -3 4 48 35 -31 -21 0
3 -40 -21 1 -2 -39 0
36 -10 43 -18 3 3 43 25 48 0
13 27 39 56 1 5 22 45 0
0
-54 2
-55 3
