15 48 60 31 32 41 -7 -15 17 25 37 40 0
0
34 0
35 -43 11 46 28 -25 47 49 0
36 -25 -3 48 -28 15 -8 0
11 -44 0
0
7 20 57 4 45 13 -19 -28 0
17 39 41 42 1 -35 24 29 39 56 16 -34 0
55 -7 -50 24 -49 14 36 40 45 55 29 39 47 0
6 -58 -32 0
4 -27 -27 50 -11 -10 0
8 -60 0
20 -57 28 -4 -15 6 -1 -9 6 -51 25 -57 0
7 31 37 39 43 0
7 -12 24 -3 0
23 -7 -9 2 28 29 32 60 1 6 0
9 -6 -23 0
28 30 42 57 6 46 48 53 0
43 0
24 -14 -25 25 -20 -23 0
32 38 15 16 27 57 60 39 -32 0
-2 1
-2 2
-2 3
-66 2
12 -28 48 -52 -50 21 -40 1 1 30 44 59 5 -35 0
13 -53 3 13 24 47 1 18 42 59 28 51 0
1 41 0
18 20 26 30 54 29 -6 -32 0
0
25 8 -32 -24 0
29 -1 9 16 28 32 39 9 24 36 49 55 -54 -58 0
50 0
26 -24 -45 0
29 -23 2 10 16 39 16 42 44 46 42 20 -40 -46 0
33 -49 59 -43 3 19 31 50 28 -60 0
33 -7 -53 45 -5 14 43 50 57 0
0
24 24 0
1 -39 -53 0
42 -5 -56 0
43 -40 -13 4 35 40 57 0
8 -45 -46 12 15 -55 -19 1 5 24 25 44 0
1 6 25 57 54 -15 -44 51 -15 0
0
-21 2
-21 3
