16 -40 -32 49 0
33 45 49 52 0
0
57 -23 -14 13 29 38 10 41 0
12 13 27 41 42 26 -39 5 42 0
9 11 21 55 58 7 8 13 19 59 24 32 56 24 -54 0
1 4 28 45 60 16 -45 24 -21 -39 28 60 0
35 55 56 58 7 15 26 27 35 0
11 0
8 -55 -55 0
7 17 40 50 -59 44 -45 -16 0
4 30 43 49 0
16 16 21 0
3 -15 9 17 26 29 31 3 4 25 39 59 27 -38 54 0
31 -13 50 -49 0
9 -31 2 -31 17 51 3 -53 30 0
45 60 18 38 46 47 55 13 27 21 -26 0
55 -22 -47 43 -21 -51 0
19 -31 -37 0
3 8 15 30 39 6 -59 11 -5 0
6 34 39 50 59 0
29 -59 0
-13 1
-13 2
-13 3
15 -40 -48 8 32 5 8 33 60 0
15 29 34 53 2 25 25 38 41 0
22 27 56 0
29 -25 -51 0
52 59 4 9 19 20 45 51 0
3 -11 12 -30 32 16 -58 -3 0
10 -45 0
27 32 42 45 0
15 20 45 55 60 9 36 31 43 53 50 0
10 49 -15 -50 0
13 19 48 0
19 25 32 34 39 13 17 24 30 32 37 -43 0
22 48 31 10 30 40 42 0
43 56 0
5 -40 19 -1 -38 8 -45 -41 51 -53 -23 0
10 17 22 36 24 47 51 30 -8 0
7 14 35 42 58 11 58 51 -53 -36 39 -17 -27 0
43 -59 -39 21 33 36 49 32 -31 -26 4 8 14 38 52 0
5 18 46 20 35 0
27 56 23 -19 -16 2 -46 0
-50 2
-54 3
