21 34 45 24 -20 -47 44 -32 -9 0
37 -5 -32 39 -13 -27 9 -38 -12 0
43 -17 4 -60 7 23 24 50 0
1 18 19 21 43 33 -56 2 -55 -57 22 -56 -11 11 -53 0
19 30 31 36 56 0
12 20 25 53 59 0
38 -22 -54 6 28 32 57 58 0
0
1 2 3 27 46 54 -32 -46 47 -18 38 -31 0
3 25 48 50 57 47 49 -25 32 53 56 0
6 30 34 47 3 -29 -15 0
1 1 11 13 17 36 28 -42 -50 30 -27 -12 0
18 -16 37 -1 0
4 25 56 16 7 10 13 57 58 0
57 -6 -16 14 -38 23 0
49 -50 -8 12 13 22 42 57 0
15 20 22 52 38 -26 40 -48 0
4 10 45 53 54 0
0
46 53 -2 48 -56 -20 37 -16 -53 8 9 40 46 51 0
45 -14 -52 28 -10 0
9 28 33 40 41 0
-4 1
-4 2
-4 3
-66 2
26 -20 -25 31 -45 0
2 -56 56 -50 -21 36 35 -20 -32 7 22 51 0
36 52 0
2 -34 0
21 -29 0
14 22 26 43 7 7 27 57 0
34 -45 -2 16 42 10 -20 0
15 18 32 48 56 7 26 29 45 24 -56 -17 0
38 -5 -17 29 33 47 57 60 3 8 10 30 56 0
5 11 18 19 -1 -29 10 -20 -29 0
3 -16 -52 0
16 -38 2 -20 39 -34 -17 7 -36 0
9 -23 -2 60 -49 -37 8 30 34 37 46 48 -51 0
16 -47 -41 0
25 -43 -31 22 27 46 59 44 -22 -59 0
10 12 28 -20 12 17 22 34 41 0
23 -51 33 58 57 -36 -25 0
50 -58 -51 9 -5 -27 0
51 -54 -4 0
39 -9 -51 0
-47 2
-52 3
