18 -32 -14 8 28 33 51 23 29 34 58 0
42 -12 -56 17 25 33 52 46 -51 11 17 23 38 56 42 -15 -47 0
14 31 48 37 -36 6 0
28 -46 0
22 -45 -52 6 16 23 45 54 0
57 -42 9 11 40 55 36 -33 -40 0
10 39 46 38 12 -8 17 40 0
4 15 17 33 57 15 17 -14 0
33 -10 -5 0
45 -59 35 48 -10 -27 7 -3 -30 0
15 26 31 58 16 58 58 5 -13 -5 0
21 -59 -27 0
29 42 0
3 24 56 5 25 26 46 60 17 18 46 53 0
54 -25 39 -2 -26 10 22 30 31 34 0
34 -23 28 -7 60 -37 -53 0
44 31 34 52 55 56 8 -29 32 43 50 0
30 -24 0
51 -35 -24 0
8 8 15 36 -1 0
49 -44 -1 7 -23 0
0
-2 1
-2 2
-2 3
-66 3
4 15 22 43 44 0
35 36 44 55 0
43 -15 -41 16 22 37 57 22 -12 5 -4 6 37 0
34 -11 15 24 24 42 52 0
0
20 27 45 50 -53 -24 21 -9 -55 10 -9 29 43 56 0
9 11 15 -24 -16 58 0
12 6 -41 49 0
53 -41 35 37 58 56 -33 12 40 0
7 17 26 42 9 47 50 52 0
52 -56 -59 21 42 58 39 52 0
55 -34 21 22 37 58 0
0
0
8 20 21 50 41 -31 23 26 32 53 12 48 60 0
48 -15 -55 0
15 20 0
54 -27 -29 1 3 16 36 37 5 6 33 40 55 -20 0
31 -30 9 15 40 54 4 -37 -7 19 0
14 -29 0
-2 2
-2 3
