37 -57 15 22 33 0
38 54 11 -60 -13 2 19 28 41 0
1 5 13 18 60 50 -52 0
11 15 17 56 59 7 -2 0
2 15 40 40 55 16 -37 57 0
33 -57 -6 0
11 20 53 58 14 16 33 18 -34 -47 0
21 37 16 36 44 32 -41 -43 0
1 23 35 19 -58 -22 15 -59 0
0
38 -25 39 46 54 58 -2 -39 0
44 -54 -33 40 -31 -47 0
24 -59 38 -40 4 10 23 35 42 8 18 22 42 51 0
6 39 47 48 28 -32 0
43 -39 50 -56 0
32 40 49 53 60 9 -46 0
33 37 -23 -31 32 -44 -59 0
2 13 19 58 59 -53 -11 36 -28 -56 0
56 -48 -8 52 -12 5 -42 -40 21 5 -3 -43 0
60 -43 -59 0
50 -11 20 -23 -58 40 -30 3 -56 0
54 -26 -36 1 5 41 19 5 5 8 12 35 1 8 21 40 51 0
-29 1
-29 2
-29 3
-68 3
-68 2
51 -44 23 18 -45 0
37 46 27 -59 36 -59 39 -31 -30 0
56 -51 10 45 48 51 0
32 39 7 18 60 -12 -60 29 -52 -34 46 -28 0
9 58 60 33 -45 -52 58 -40 24 40 41 51 56 0
44 -27 -35 47 -34 -33 0
12 -6 44 -58 37 -7 0
57 28 -45 2 46 57 16 -13 0
11 22 30 31 -52 -47 0
21 -30 21 23 26 40 0
5 -11 3 16 16 27 27 0
15 25 57 27 0
14 -15 47 -31 49 -12 -3 17 58 0
16 34 42 43 58 58 -28 0
6 48 43 -27 -30 0
19 -56 23 -32 -44 4 5 36 59 13 25 39 0
11 13 13 44 0
55 58 28 56 2 57 0
47 -20 13 18 51 0
45 -12 11 -35 0
-48 2
-51 3
