38 -18 -52 27 31 33 52 16 32 34 57 0
7 8 36 42 0
55 -28 -39 0
27 52 53 56 35 -60 -46 0
35 -24 -50 21 30 36 46 0
9 16 -45 0
60 -37 5 -58 -58 35 -38 -57 0
45 49 -50 -12 41 44 47 53 15 27 34 52 8 -19 0
30 44 44 47 -28 9 -51 -46 0
42 -58 -39 24 37 52 22 -33 -47 0
15 -23 -3 33 -57 0
45 47 51 56 58 10 -49 -27 37 -25 0
4 11 24 24 30 0
0
10 -18 -37 44 -26 29 38 50 57 0
4 -35 6 -16 -40 5 -56 -32 55 -4 -30 0
13 -50 -9 0
47 -5 11 19 21 51 54 0
11 12 27 56 57 1 -6 -50 37 49 7 -53 -6 0
59 -56 -33 3 34 52 4 38 45 59 0
23 30 35 58 3 -39 -15 23 24 32 34 41 16 2 10 37 46 0
10 -4 -15 7 15 22 48 8 11 45 -58 -22 0
-16 1
-16 2
-16 3
-69 3
0
21 48 58 27 -46 0
58 -8 -12 4 0
21 -24 2 9 15 41 44 13 40 0
60 -2 2 13 26 0
13 -39 26 -57 -56 21 57 -19 -13 0
21 35 39 0
39 -55 0
27 -27 -54 3 6 39 0
50 -20 11 27 32 -49 -36 26 -6 50 0
1 3 5 5 39 1 10 25 54 54 -29 -6 3 -4 -35 0
14 -18 0
25 -38 0
2 6 14 40 2 4 12 17 40 13 15 20 26 0
6 17 18 30 25 -49 8 -2 -34 0
8 11 28 38 44 26 27 -18 -6 47 -23 -16 0
23 44 54 59 57 4 -52 -20 50 -42 0
33 -58 -14 0
21 -60 41 26 -28 -46 0
44 51 44 -45 -47 32 -10 17 -20 0
-48 2
-51 3
