13 25 50 7 27 28 31 0
18 30 46 48 60 17 -46 23 -11 -46 55 -58 0
11 -24 30 15 -20 17 22 52 58 60 0
11 -6 -26 0
5 37 52 58 21 22 46 59 0
0
24 25 37 50 50 29 -18 7 22 26 52 55 -49 -37 0
34 39 42 45 9 17 31 32 54 0
0
2 2 14 47 57 48 49 12 18 56 16 0
7 11 7 31 41 10 -5 4 -31 -39 0
36 -40 15 -30 0
10 25 33 6 -28 0
4 6 15 0
43 55 0
0
2 -35 0
55 -10 -49 15 16 19 43 49 0
57 -60 -37 25 37 42 52 57 51 -10 -20 0
30 0
2 13 33 41 0
1 -52 0
-2 1
-2 2
-2 3
-68 3
-68 2
0
30 -7 -15 0
14 15 20 54 28 -38 -35 0
51 2 8 17 54 16 56 5 -28 -3 0
38 -29 1 15 28 30 0
55 -54 -30 22 -7 -21 50 -6 -25 28 -23 20 -5 -3 0
36 44 52 24 36 42 11 14 15 51 59 27 -6 0
7 20 42 23 -11 0
13 -21 -29 1 10 14 26 40 0
45 -59 -31 0
54 -51 -42 12 16 40 43 -26 0
13 -21 8 16 20 23 56 55 -25 -52 50 54 5 55 0
2 37 0
46 -24 -33 0
26 -17 -37 2 0
23 38 16 46 5 -12 47 51 53 0
3 23 27 36 11 11 27 42 49 2 15 30 51 56 12 27 39 48 48 38 -60 0
0
0
60 -46 0
-55 2
-52 3
