18 22 25 48 59 -37 2 -4 3 5 18 31 0
7 35 -42 6 -15 -39 0
13 -49 32 0
0
53 -33 0
17 38 47 60 -1 20 58 -12 -9 2 0
2 17 20 40 0
0
36 58 10 41 46 -5 -32 0
1 8 14 42 12 55 57 4 -11 -24 0
6 51 59 13 38 60 23 -30 -24 0
0
11 -5 36 -52 35 -11 -12 54 -60 0
37 -50 0
20 44 46 60 0
43 -1 -34 0
24 -16 -16 0
37 1 -20 -20 0
56 -30 -9 26 34 41 41 44 5 -46 -60 0
0
12 36 0
2 31 48 56 5 -1 0
-47 1
-47 2
-51 3
20 -38 -7 5 16 36 58 0
14 19 60 3 9 13 45 0
3 27 59 6 19 59 -39 0
3 44 0
24 -38 17 -8 -51 4 30 36 56 1 -13 0
52 -31 2 -24 6 -12 15 -17 0
51 24 25 29 16 37 39 44 53 4 33 55 0
38 53 0
7 15 29 33 50 33 -19 0
30 0
28 35 49 -1 44 -53 9 -7 0
56 20 28 58 14 -5 -16 17 57 59 0
1 32 34 34 24 27 35 60 0
12 10 -20 54 -3 0
6 10 17 23 32 27 38 54 -3 0
54 0
52 -13 -10 0
36 -21 6 19 32 56 9 49 0
54 6 16 16 24 28 43 -51 -15 60 -50 0
25 -36 -29 8 -28 -25 0
-47 2
-50 3
