4 -30 0
28 -40 58 -47 0
56 -53 -60 60 -28 -36 2 0
9 33 33 50 12 26 34 39 59 0
16 -22 1 -51 20 -28 -29 0
53 -14 -20 31 -12 0
25 41 18 -41 31 0
6 58 -6 16 -20 0
0
35 -22 54 44 -52 -6 55 -30 -43 0
13 15 40 33 -5 1 45 0
7 28 34 50 52 59 -48 21 -22 -15 20 0
52 -24 0
33 -38 38 57 60 0
22 -35 31 -38 -20 50 -22 0
2 10 23 37 0
50 -49 36 -55 -19 0
27 37 -9 -25 5 7 32 7 0
24 36 51 16 -49 -44 12 26 0
45 26 -26 3 45 58 50 -56 15 47 0
48 0
11 38 24 -13 -51 0
-7 1
-7 2
-7 3
-69 2
4 37 1 10 19 45 45 0
26 -5 -6 0
4 34 41 43 33 35 35 56 58 8 13 44 0
22 -7 -37 6 46 0
48 -19 -8 18 -58 6 -23 0
25 -34 22 -51 6 28 31 39 51 37 -46 -12 0
3 48 44 51 0
10 -5 -53 0
21 -1 -17 4 -18 7 -36 9 -4 -49 0
7 22 43 -50 0
27 -32 -30 4 -36 54 -57 0
8 -13 11 19 0
20 -25 52 -36 41 -27 0
56 -5 9 11 19 37 0
50 -58 60 -47 53 -31 -9 0
20 -20 0
18 -6 -45 0
3 -5 -7 53 55 56 9 33 38 1 2 19 41 0
3 -51 -50 45 -14 -40 13 16 33 43 37 -30 -4 0
12 -41 0
-13 2
-13 3
