18 -7 -59 4 -30 -42 29 -2 -12 0
5 54 0
51 -17 -52 24 -10 1 -6 0
28 -6 1 -60 -18 44 9 -60 -32 1 -3 0
15 50 51 48 -37 12 16 34 48 18 -1 -6 16 18 35 37 59 0
18 31 49 57 22 20 26 30 40 53 0
26 -13 0
37 -43 -4 54 -43 -12 2 -36 -1 0
14 -48 7 -2 -51 25 -26 -55 22 -29 0
56 -27 -30 0
7 -26 10 18 30 37 38 45 -55 -38 0
11 14 45 56 57 0
52 -53 -18 0
53 -12 -23 48 -24 -19 0
14 -7 -35 21 -59 50 -42 0
45 47 49 57 60 0
19 29 32 0
0
11 20 30 6 26 40 41 60 23 27 31 48 45 -28 -42 0
5 12 50 52 7 42 46 46 -13 5 9 32 0
41 -48 -17 47 -18 -2 58 -40 44 -51 -29 0
26 -10 -32 53 54 -14 29 2 21 29 0
-2 1
-2 2
-2 3
26 -17 -26 0
18 -12 -56 35 -31 -38 0
12 -58 -7 33 45 30 -44 40 -55 15 -59 -59 0
60 48 -3 -26 0
2 16 19 27 5 52 54 24 0
0
9 -22 29 -26 -14 1 -25 11 29 44 55 0
5 39 50 50 39 -60 0
4 -43 -33 8 39 57 9 28 33 -49 0
37 -53 16 0
44 -57 -31 0
20 54 0
14 -54 -23 37 -20 0
53 -46 57 -13 -27 0
0
51 -2 52 -13 -53 0
3 4 7 12 56 0
43 -16 -59 14 -7 -9 10 0
21 13 -3 38 -57 -39 0
0
-35 2
-35 3
