53 -33 5 -39 -50 48 -48 -13 39 0
4 22 33 0
31 -21 11 15 18 39 42 0
30 44 0
31 -55 -48 8 12 32 45 53 30 30 33 0
28 0
4 49 14 -30 -55 28 -4 -48 27 -28 35 -8 -43 0
11 19 53 55 2 4 17 34 41 0
3 4 11 17 50 0
13 22 31 55 57 19 22 41 41 -56 -26 4 -34 -41 0
11 -19 -17 31 -45 -2 54 -56 -52 55 -52 37 -51 0
7 20 27 46 17 39 45 47 45 -16 -9 4 7 7 29 46 4 9 37 51 0
19 -52 -28 0
24 50 53 13 -36 0
57 -47 -9 36 -3 4 -30 -58 0
12 14 18 36 48 33 54 0
23 -24 0
20 -32 -33 0
53 -2 -3 35 57 0
37 3 6 0
0
50 -22 3 -36 49 35 -6 -23 0
-2 1
-2 2
-2 3
-67 2
49 55 -25 -31 1 -38 12 -9 -11 18 -52 -48 0
3 39 59 60 40 -7 42 -14 -27 42 -27 -32 0
8 -6 17 -42 17 18 48 24 -41 0
15 34 39 42 52 34 -59 -43 19 31 43 3 -23 -26 34 -27 -54 0
16 -7 2 12 19 39 1 -41 0
0
54 -32 59 -11 17 -35 35 0
48 -24 13 19 24 44 9 18 30 37 23 -51 0
6 -45 -41 32 -15 -19 51 -25 0
2 -26 55 -12 -6 36 -31 0
36 -59 -29 9 -1 -58 45 -14 -55 4 24 30 31 0
18 -12 -22 0
20 22 44 35 -23 10 -13 -47 1 9 51 0
44 0
43 -43 -31 6 30 32 34 44 0
58 -21 57 -26 -13 11 0
45 -16 -33 24 -8 0
5 17 18 24 29 -46 6 48 24 42 52 54 60 4 -34 0
15 -34 -11 21 37 40 54 0
12 12 41 50 -45 -57 3 -25 0
-52 2
-49 3
