23 48 52 9 40 54 57 0
7 29 36 49 50 9 28 30 50 -37 0
12 -31 0
57 -43 -25 35 -18 13 20 22 31 34 0
58 59 0
10 11 49 15 -6 12 21 37 40 50 0
16 -10 4 -54 21 24 49 0
11 26 35 0
45 -21 -51 29 -11 -38 14 48 51 0
4 4 6 0
30 -3 0
7 17 44 47 44 25 26 13 -10 -34 0
4 20 26 29 33 56 -56 -20 0
43 60 -1 25 35 36 36 60 36 -15 0
14 -29 0
10 -23 2 53 56 23 28 47 60 5 -24 8 29 36 49 56 0
48 52 20 0
40 13 -47 -20 4 27 0
43 -58 -45 18 -43 -56 10 53 57 0
3 -11 -16 11 -54 0
19 -12 -32 0
6 -54 -34 1 9 10 48 0
-31 1
-31 2
-31 3
48 -12 -47 12 45 4 25 0
27 0
46 -14 -31 60 -1 -56 0
60 27 58 12 15 43 0
54 -27 8 14 55 -4 30 -57 3 -34 -4 0
3 18 19 47 0
0
51 -16 29 22 -38 8 -53 0
36 -24 -34 17 25 0
11 14 35 45 58 2 17 37 51 59 24 -5 0
22 -22 0
29 -10 1 2 5 45 11 -24 0
46 -21 -47 60 -38 -22 0
0
0
23 27 43 41 -55 -25 17 -25 0
39 48 55 57 58 0
39 20 40 55 17 33 37 50 51 31 -16 -49 0
19 21 37 51 54 58 -47 0
13 31 43 -8 5 16 39 0
-31 2
-31 3
