13 13 31 56 21 -42 -17 14 24 27 27 57 0
16 -51 0
36 -60 3 8 13 33 0
36 -28 -7 0
31 -22 38 -57 6 -32 -56 48 -29 -60 0
10 29 0
4 10 11 17 8 14 28 27 -19 -11 1 4 27 31 51 0
30 -9 -14 7 26 36 44 57 1 3 58 0
12 -21 0
35 -19 0
39 -35 5 -38 0
12 23 27 56 42 -15 -27 20 39 53 47 -13 -41 51 -56 -22 0
31 45 49 0
5 -2 14 46 -50 -21 12 -17 11 -38 0
13 58 22 55 0
14 15 24 48 32 -34 -25 8 15 18 36 59 18 -44 6 -34 -46 0
19 -52 -59 13 30 32 33 42 19 -17 0
5 17 23 30 41 31 -27 0
3 5 23 54 11 26 33 0
41 -11 12 -39 -52 12 -41 -50 26 0
8 -33 -46 29 36 -58 57 -25 14 46 0
34 -7 0
-2 1
-2 2
-2 3
-69 2
8 -22 -4 8 22 39 50 58 1 -56 0
15 -2 -48 54 18 19 19 44 45 9 0
11 -5 41 9 -8 0
34 54 57 30 48 58 0
23 -33 0
18 -45 -25 3 -6 -32 51 3 27 48 0
13 15 26 40 54 3 14 33 12 14 27 40 -35 0
8 24 34 -52 -53 30 -7 56 -57 -10 0
51 -42 19 24 41 0
44 -40 1 9 47 54 26 44 36 -45 0
11 34 7 19 28 41 46 3 -14 0
8 -28 -25 6 24 25 56 2 -36 -40 0
0
14 -26 -27 9 -57 -27 0
32 44 47 55 58 0
43 46 45 17 26 48 -1 0
23 -2 -47 59 -12 17 29 45 50 59 24 -59 -43 0
8 13 36 5 14 42 48 -20 24 -28 -52 23 24 27 43 0
1 27 49 13 32 32 34 57 24 -2 22 -44 -47 0
39 -4 33 -30 -38 50 -37 33 -9 -14 25 28 47 52 56 0
-53 2
-48 3
