31 -15 0
23 -6 6 51 60 60 1 -11 28 -16 -13 0
33 59 13 42 51 51 -53 -53 0
36 10 -40 -59 0
25 -41 16 23 28 8 29 30 48 55 19 23 26 29 0
37 -37 -10 0
58 -26 0
42 -22 -20 2 10 23 38 38 0
14 -20 5 -57 25 -59 -39 12 -49 0
22 -19 17 27 36 0
31 -1 -11 39 44 51 56 13 -23 3 37 48 58 59 0
25 16 -35 0
47 58 28 -15 0
16 -33 42 -8 55 -14 31 -25 0
0
22 0
7 35 51 55 28 46 51 8 -47 -13 0
7 8 13 24 -24 7 41 0
16 17 19 31 56 2 16 30 2 48 24 32 0
9 43 49 22 -48 -4 0
20 29 -56 -10 5 7 16 30 52 0
10 -14 -47 0
-3 1
-3 2
-3 3
-67 3
42 -45 51 -41 -27 37 -52 -30 0
1 6 11 16 45 1 -35 -34 0
19 2 -45 15 25 47 52 21 -46 -18 23 -34 0
30 -32 1 39 50 52 15 31 50 57 60 36 -47 -27 44 -26 0
51 0
33 33 43 58 10 14 23 28 37 4 -9 -11 0
1 24 29 13 56 0
17 17 57 0
4 11 57 58 0
6 12 28 34 13 38 41 47 7 24 37 38 41 0
46 0
59 -30 40 -15 -23 2 2 5 52 35 0
45 -12 -31 60 -30 -59 2 14 40 48 39 -45 -44 0
8 19 25 12 22 36 44 51 53 24 41 44 48 19 37 45 50 58 0
48 -42 -13 52 -24 -7 44 -26 -48 25 -9 -23 0
24 -42 -59 15 43 48 55 29 -13 -40 0
1 -52 -33 27 -45 0
11 -38 -48 0
15 43 47 10 11 0
1 -10 8 -59 -18 57 0
-17 2
-17 3
