6 12 12 20 58 29 -5 16 18 34 0
16 -44 -38 10 -9 33 -37 -17 0
0
39 -51 12 20 49 14 0
33 30 -35 57 -59 -33 4 10 22 23 0
22 42 44 17 48 56 13 31 35 40 49 49 -32 38 -6 -39 0
46 13 -54 -11 0
36 48 24 -42 -11 14 38 40 57 0
0
35 -50 40 -48 -60 30 7 38 41 43 59 39 0
3 27 55 38 55 0
28 -37 0
2 14 15 41 46 0
20 -32 -26 0
45 -32 -12 0
2 21 32 49 55 60 7 38 53 56 0
41 42 23 -15 -7 19 -18 -51 0
0
24 -59 -36 32 -34 -52 33 -13 -4 2 2 13 14 0
17 35 43 49 0
35 -43 -15 49 -30 -42 24 -15 -53 7 14 21 0
4 58 0
-2 1
-2 2
-2 3
58 -51 -44 0
6 23 60 -6 0
33 -53 16 -60 3 33 34 45 58 60 0
21 -40 -52 10 27 31 56 13 20 21 26 32 7 -5 -42 0
1 7 18 24 34 16 26 -52 -48 5 10 18 24 47 0
43 55 56 -18 -43 13 48 32 35 -38 -25 0
4 15 34 40 59 -35 30 36 2 18 33 41 43 12 32 59 0
0
27 58 9 11 26 0
7 -58 19 33 37 45 0
14 -7 -11 40 -1 18 30 35 57 41 -19 0
18 33 39 44 0
8 17 0
50 -3 -31 0
33 -21 -59 0
14 10 14 16 16 35 15 -47 -7 0
2 26 42 42 1 -26 0
5 7 55 0
53 0
41 52 52 0
-24 2
-24 3
