57 -53 -14 34 -32 0
19 30 40 24 44 55 60 34 -37 59 39 -42 -33 0
13 14 22 52 0
11 37 53 0
24 -25 0
33 -53 -13 0
5 -55 -15 10 60 56 -19 20 -55 0
5 13 43 45 16 35 44 60 33 -12 0
59 -17 0
14 15 29 33 49 0
50 8 30 30 36 57 2 39 43 44 46 19 40 53 22 29 53 56 0
47 -15 -21 0
58 -45 42 0
26 -59 -36 13 39 48 41 -12 -29 0
5 10 18 25 56 47 -10 -21 32 -12 -48 16 -37 0
55 -3 -12 10 49 54 0
0
25 -33 0
10 21 25 38 47 0
0
15 -55 60 42 -50 -59 5 54 -4 0
25 26 50 36 -12 -58 1 10 30 37 -36 -11 55 -59 -52 0
-2 1
-2 2
-2 3
-69 2
9 -11 -42 43 -19 -31 0
34 -9 41 -17 -1 39 -11 -59 3 -10 -38 0
0
30 -23 -47 0
55 -39 -38 7 -12 -13 0
4 28 59 24 -14 -56 38 -33 15 23 17 26 59 0
2 4 56 58 22 -11 26 -8 19 40 40 60 0
55 -43 -19 3 15 23 47 -41 -41 0
1 31 49 58 7 -18 -42 43 -57 -16 15 16 51 0
9 8 27 35 35 48 0
4 6 19 59 27 -40 29 -2 -15 12 27 32 37 47 0
12 43 45 46 48 59 14 -11 27 -3 0
13 -60 3 34 54 -12 0
0
8 -34 -4 40 -49 -39 13 16 60 0
24 36 55 0
29 41 42 46 46 18 -25 0
51 -18 -57 30 -23 -27 3 -7 -49 31 -12 -41 0
6 -30 5 -4 0
2 25 2 -16 -19 30 56 1 4 25 34 11 19 0
-54 2
-56 3
