50 -54 34 -7 -23 4 24 31 36 55 0
7 -27 45 -34 0
40 -11 -57 23 -15 -15 0
7 23 45 48 17 -20 -57 32 -5 -31 23 44 45 46 0
39 51 40 -59 19 -38 -28 50 -57 -22 0
41 0
15 58 59 31 0
20 21 49 -11 -37 48 14 -56 0
15 19 44 49 55 49 -21 -51 43 -60 -21 6 -4 -28 0
35 -11 -10 8 50 47 -11 36 -38 -26 4 11 35 44 0
28 -10 4 -41 -35 44 -59 -56 7 12 14 27 10 -26 0
20 -41 37 -59 -58 0
29 -5 25 -39 -22 11 23 48 -27 -33 0
3 28 35 36 45 -3 0
34 -18 9 -9 -39 27 0
1 11 18 22 25 51 -44 37 -9 -42 15 32 32 33 35 0
39 -16 20 -2 29 27 0
37 -4 0
4 -26 39 0
23 -12 9 -53 29 -21 -48 25 0
30 42 55 -47 8 -30 -37 43 -27 0
56 -33 -41 7 -31 7 -51 -38 0
-2 1
-2 2
-2 3
-67 2
0
47 -2 14 18 47 49 28 -27 -29 0
57 -41 30 -36 42 45 0
26 41 0
38 -6 -20 51 -6 21 -44 -42 13 47 52 0
0
6 -39 -19 48 -7 -14 14 36 57 0
20 2 23 38 0
5 27 34 56 0
32 -11 9 -5 24 -27 -36 9 19 30 35 55 0
54 -48 -25 0
39 54 26 45 0
57 -1 45 -47 11 -38 0
11 15 45 49 60 0
8 19 0
49 -35 -34 30 -20 0
1 4 15 16 34 10 -11 28 0
37 -25 0
4 6 9 37 0
7 -6 26 -23 0
-51 2
-51 3
