7 9 16 48 60 -44 -1 56 -57 28 -40 0
48 -36 -36 39 -35 0
54 -60 -13 24 -5 0
14 -36 -36 4 37 11 27 45 12 -33 0
31 11 -6 0
45 -14 13 36 44 7 -25 42 54 60 19 23 0
17 43 55 56 0
60 -20 15 -23 60 -38 22 -6 0
10 11 32 59 57 -9 -27 35 49 59 0
55 0
18 22 24 17 44 57 44 -36 23 50 42 -28 -40 0
46 -12 -60 39 -52 18 -10 0
32 -47 3 -23 -55 0
1 -56 -23 12 -47 -30 11 30 39 42 0
58 -60 44 -16 -46 8 33 51 58 0
3 43 55 0
44 53 6 21 41 53 16 21 56 0
54 -8 -44 26 -26 -4 0
30 -47 -24 9 -21 -34 0
33 -2 -34 0
12 14 29 34 44 0
59 -28 -32 30 -9 -40 0
-2 1
-2 2
-2 3
30 52 0
52 -39 37 -40 43 -10 17 38 44 55 0
22 -57 -30 0
1 -59 -26 0
18 -3 13 20 40 51 55 58 31 48 50 0
52 -28 0
9 29 46 0
33 -50 7 8 13 33 47 32 0
0
31 -46 -2 9 -59 6 52 2 5 33 57 0
28 -10 55 23 31 47 57 0
24 39 55 59 23 39 52 18 -53 -4 11 -11 -25 0
57 -12 47 -7 -37 27 -58 -42 0
46 -10 49 -17 -17 39 -25 0
0
22 53 58 43 50 -51 43 -29 0
12 -21 21 -40 0
2 50 27 -14 23 -5 0
20 52 8 23 8 -9 -38 0
32 -54 13 0
-24 2
-24 3
