11 -23 -60 40 -30 -22 13 22 30 42 45 0
37 38 44 45 22 -6 0
1 6 44 0
54 -19 -5 0
16 28 31 44 56 19 20 25 39 49 50 -31 0
10 -4 18 0
9 46 27 52 50 22 -55 32 39 40 60 0
25 32 60 0
27 -17 -38 17 36 14 60 60 8 -57 -18 0
55 -39 28 0
10 13 31 46 35 -19 -35 0
39 -17 -18 58 0
5 21 33 53 0
36 -58 0
21 -47 14 20 31 0
24 -48 -4 0
47 -19 -28 44 -9 0
52 -37 -60 59 -5 -33 23 24 25 48 0
25 30 39 -59 45 -49 -60 28 45 0
29 -58 -7 30 42 46 -15 41 0
12 23 48 57 59 5 14 -43 -28 0
8 10 35 54 0
-2 1
-2 2
-2 3
21 -55 -31 28 -57 0
11 -1 -6 40 -24 -50 17 -9 46 -14 -54 0
59 -13 -41 51 -3 0
9 15 19 50 0
8 60 40 -25 8 15 17 44 58 0
60 -43 18 -5 -56 2 5 32 42 0
6 -41 0
36 59 60 57 -58 0
22 40 48 17 -60 0
55 -29 0
25 -16 -27 47 -30 60 -45 0
24 -30 3 -49 0
27 -40 39 -26 -46 2 27 55 0
51 -50 49 -11 19 -6 -2 3 17 27 0
10 -3 12 -38 41 43 45 49 3 -14 -14 0
14 -51 0
13 -51 -6 43 -52 22 28 31 31 49 57 38 -17 -13 0
20 3 55 56 57 57 -55 -25 8 11 27 48 0
0
8 9 12 28 -19 -17 27 53 0
-3 2
-3 3
