10 30 30 30 36 59 0
30 -29 0
0
5 6 13 31 50 4 11 29 31 0
42 -31 2 -56 24 -60 3 -12 7 0
36 55 1 8 36 51 0
10 30 38 39 43 0
23 -8 1 -1 -54 6 -47 -43 36 -10 15 17 34 53 59 0
7 31 38 48 58 5 24 43 0
4 11 51 23 27 33 56 0
2 -36 -32 0
57 0
36 -13 -10 4 18 32 43 48 50 -12 -33 0
30 3 7 10 12 59 15 -13 -32 0
44 -45 -18 0
12 22 46 50 49 -59 43 -24 2 22 39 41 53 0
27 46 51 2 28 -17 -12 43 -25 -48 14 -33 0
2 5 26 32 53 0
10 -45 -1 41 -2 0
47 -14 -30 7 -34 32 -22 -59 20 41 22 53 58 60 0
8 -59 4 4 8 38 52 0
39 -60 0
-47 1
-55 2
-52 3
1 -43 0
5 45 48 52 0
35 -36 -5 0
9 41 42 14 22 30 32 0
32 0
33 -30 39 52 55 0
27 37 52 18 43 30 -27 -2 0
39 -3 -7 47 48 53 -1 -59 0
16 -57 23 25 50 2 36 57 42 -58 0
3 -58 -26 13 -29 7 52 53 0
24 -41 9 -29 0
18 28 32 0
51 -48 22 -54 -40 8 -59 -23 6 -26 14 -57 0
58 7 -12 0
10 25 29 54 44 -14 -37 54 -44 -21 53 -20 -5 0
45 52 4 7 36 38 0
13 54 1 -41 0
8 23 23 33 57 39 -10 58 -33 -24 0
1 36 0
25 35 43 51 11 14 18 22 48 0
-51 2
-47 3
