3 -37 1 29 10 -24 -33 52 -46 0
6 8 17 49 0
39 -30 14 -34 -43 44 -18 53 -48 0
16 22 44 57 13 -43 54 28 1 -43 0
7 46 59 41 -34 -58 2 18 0
57 -50 30 -5 -26 0
46 -25 10 0
11 -48 -43 50 52 55 59 0
7 35 41 1 -1 -60 10 -15 -37 0
12 -41 16 -21 -35 0
13 -4 -2 23 35 42 0
1 0
36 -3 -20 31 37 38 50 58 35 -33 60 -39 -55 57 -30 -11 0
1 7 18 32 46 51 44 52 0
14 -42 39 -42 0
47 -18 1 8 8 19 23 30 -33 0
39 49 52 57 32 41 0
39 -46 -6 40 42 50 35 -2 -28 0
60 -40 0
17 42 54 59 12 22 30 47 0
59 6 10 24 47 49 45 15 0
17 34 45 55 60 22 32 30 -51 -44 0
-51 1
-53 2
-48 3
7 26 29 45 40 -14 -45 9 37 41 44 0
25 -9 0
34 -42 0
42 -5 -2 47 31 -9 23 29 52 55 0
1 -9 -38 0
3 6 54 0
24 -52 20 -10 27 0
24 -42 -32 36 -21 40 -58 0
20 27 53 -20 -43 20 0
4 -57 23 -21 -14 0
21 27 55 8 29 37 0
57 -58 -19 40 -35 36 -20 -55 57 -55 -29 22 -36 -24 0
49 -33 -4 0
40 -35 -47 19 44 -17 0
25 -60 7 -54 -48 0
10 26 42 30 -39 36 27 29 38 40 42 0
28 -40 0
1 11 26 40 37 -24 11 12 51 56 57 0
56 -34 -9 8 -55 -47 0
12 28 7 13 36 51 56 17 24 26 48 9 -21 -50 0
-47 2
-53 3
