46 -42 -37 0
26 46 60 57 -46 -46 57 -12 45 -59 0
44 -52 1 2 18 38 0
50 -7 16 27 34 41 45 53 -18 -10 0
50 -16 19 -44 -1 60 -15 -34 0
49 -2 40 -7 -23 0
14 -31 -47 3 22 34 38 46 0
22 23 33 0
12 -38 -18 28 -46 9 27 35 49 13 25 29 37 4 27 0
2 -23 4 33 41 42 45 5 -50 -53 0
12 50 -12 35 -7 0
50 54 -12 -50 39 -1 -3 10 13 38 52 60 0
10 -24 -40 41 -33 -7 45 -27 -41 10 29 40 46 54 19 28 45 56 0
4 -42 -36 15 0
29 -12 24 27 42 -39 0
4 37 56 29 -55 56 -13 41 -43 0
49 -22 -49 7 0
2 15 16 28 0
14 -1 6 18 25 32 59 -22 0
34 23 -19 15 28 50 11 15 20 38 14 -22 -13 0
48 30 -39 20 30 0
13 -51 -20 0
-7 1
-7 2
-7 3
5 35 0
36 -44 7 -26 25 39 13 41 0
25 -4 0
7 26 -16 1 19 38 57 -17 0
36 -37 9 31 11 27 37 31 -26 16 39 0
20 26 38 52 0
2 -20 7 14 21 21 50 51 52 0
39 -8 10 26 54 -36 0
0
18 54 55 41 -56 -36 24 31 52 60 6 -58 0
43 -53 -24 13 10 24 39 57 31 -2 0
5 31 42 -15 0
4 6 14 37 46 0
12 -26 -3 45 -48 -59 58 -22 -13 0
7 -32 -17 4 12 15 33 36 14 41 29 -29 21 -4 0
28 -23 48 50 -53 2 -13 -44 0
22 35 0
41 18 58 0
4 13 13 17 60 35 -45 0
24 -23 32 33 0
-7 2
-7 3
