22 -50 35 -31 -40 0
31 59 27 -6 22 37 0
53 -44 55 -7 38 -43 0
7 -25 -36 37 39 2 31 38 59 26 -16 0
44 -44 45 50 60 0
40 24 -23 0
8 12 29 40 14 46 16 50 60 0
43 -27 49 -22 -11 18 -26 35 -21 -13 0
35 43 7 -9 -49 59 -44 39 58 58 0
3 -33 -19 5 -16 4 39 50 51 0
37 -17 -33 16 -51 19 37 39 39 60 46 -3 -16 0
5 19 20 23 54 41 59 9 14 44 50 23 -46 0
60 -19 -35 31 -20 28 0
10 42 48 0
22 -30 -21 41 -60 -48 34 48 51 54 43 -7 -1 0
9 39 0
9 17 48 50 51 -7 3 19 41 45 14 0
20 -18 -24 9 10 30 30 44 55 -7 0
16 8 -11 -41 0
56 -40 14 38 39 56 56 -6 20 50 57 0
30 44 57 -58 0
24 29 43 55 0
-2 1
-2 2
-2 3
49 52 59 60 60 16 16 17 34 5 41 45 46 0
12 -38 26 0
15 27 46 48 2 22 -1 -8 0
1 46 59 0
34 0
2 14 24 53 0
36 -55 28 33 38 0
9 25 49 56 25 35 57 -29 -15 0
60 -12 -54 48 -22 50 -5 -8 0
0
13 -56 18 -50 -54 23 33 40 0
6 -43 -19 40 -18 7 32 34 -31 -40 0
56 -49 33 -39 32 -54 -37 0
37 -36 -22 7 17 19 26 36 44 -8 -11 0
54 -24 10 12 14 0
26 -32 13 -34 -55 8 -34 55 -35 0
7 -15 0
16 53 0
12 46 38 -1 5 -30 -10 10 37 39 49 0
9 50 0
-10 2
-10 3
