15 21 47 18 18 19 53 6 -28 0
50 -26 -22 18 27 49 8 20 36 40 52 0
17 18 21 33 47 27 0
57 -30 46 -31 -59 39 -1 -40 26 -35 -45 12 16 39 58 59 0
26 55 60 2 10 11 0
7 40 -36 -30 4 7 34 22 26 0
14 -34 -47 0
27 -58 8 13 45 55 35 51 54 56 4 8 24 31 0
10 28 46 27 29 36 42 50 32 -46 -21 29 -3 0
15 -56 -34 31 -51 5 47 29 -44 -10 0
27 -47 -12 24 34 2 -9 0
50 -58 0
14 33 42 46 8 38 54 0
28 44 47 0
48 52 0
56 -28 -5 2 36 60 12 40 18 -9 0
38 -18 45 -37 -1 0
2 11 49 51 58 2 -54 19 -56 -44 0
17 -52 15 37 13 -39 5 -36 -11 0
1 3 9 20 40 24 29 23 57 28 40 45 46 47 0
9 21 26 39 10 13 19 31 7 12 46 54 0
20 42 51 59 19 22 37 59 60 24 57 17 -41 -46 0
-24 1
-24 2
-24 3
-68 3
0
46 -18 -2 8 17 30 36 -19 -40 10 50 57 58 0
10 -9 -49 0
1 15 24 53 0
49 -46 25 47 52 -48 20 26 0
18 56 41 -43 0
31 -44 -5 30 -22 -47 0
0
46 -36 -42 60 -36 30 -16 -41 10 -32 0
3 10 14 48 53 10 -6 0
57 -19 -35 49 -43 24 38 47 16 -19 -3 0
37 -5 0
7 -4 0
23 55 7 -50 -28 40 -22 58 2 -2 0
37 -37 -42 1 -48 -42 0
1 -8 -21 13 16 18 30 33 53 56 56 50 -32 0
15 37 0
8 8 52 57 0
13 52 -20 0
54 -39 -35 52 -42 1 14 14 23 0
-54 2
-52 3
