25 32 0
8 -55 -57 34 -56 -26 52 -55 0
44 7 -52 0
32 -45 29 0
44 -44 40 -6 -35 28 43 47 59 0
1 5 8 44 46 11 -40 -5 17 -59 12 -24 0
7 21 36 37 60 32 40 3 -47 0
33 -57 6 -30 -50 51 -4 0
22 -31 -3 10 -30 13 -54 0
3 38 44 53 39 46 -41 -8 58 -52 20 -29 -40 0
6 -60 -25 1 11 34 47 54 2 5 18 39 45 51 -38 49 -43 0
4 -8 -52 54 -35 -32 28 -7 0
22 -40 19 -60 57 8 18 33 44 50 0
20 -4 0
24 26 9 11 24 60 57 -42 -48 0
28 46 46 48 60 0
1 23 56 58 58 0
2 4 10 32 50 45 -29 -38 15 40 47 12 28 36 47 54 0
25 -11 -2 19 21 37 58 60 0
14 -57 0
9 35 47 47 0
4 -42 -12 39 -1 -13 14 31 32 45 59 0
-15 1
-15 2
-15 3
7 12 24 26 42 22 -3 0
7 -25 -41 59 -24 20 -45 41 -21 57 -21 -13 0
0
11 -34 41 -18 7 47 22 26 37 44 0
2 5 21 26 27 7 55 60 60 2 17 39 13 -60 0
56 -57 0
24 45 0
8 -55 16 -10 -37 0
4 -31 -11 0
37 38 46 47 6 32 53 12 31 -17 23 -21 0
48 -43 -40 43 -51 21 -45 -18 46 -10 -2 0
24 -54 -48 0
13 38 52 37 -33 -48 22 24 33 47 0
7 -59 -4 49 -51 7 9 12 24 5 -60 0
39 -57 -4 0
0
11 -56 0
12 -2 13 -14 -59 18 39 48 60 0
8 38 51 52 53 0
47 9 -1 -59 42 -39 0
-51 2
-51 3
