56 -49 -53 22 22 24 43 57 47 -13 -57 55 -53 0
13 52 0
1 59 -53 -15 29 44 47 0
25 -33 -14 0
13 -38 59 -2 -21 59 -36 50 -29 32 -41 0
7 -42 14 -41 -10 0
9 12 37 45 0
28 -29 41 -44 0
28 33 -28 -46 5 31 -45 -27 0
34 -53 0
10 19 27 39 53 0
45 -6 -34 44 55 58 -40 -30 4 -22 32 -50 -21 0
15 0
3 -38 0
52 0
30 -41 26 -55 23 33 56 0
50 -49 -19 45 -37 -41 47 -49 15 31 40 46 0
12 -16 -19 1 -35 -57 0
0
50 -54 27 -8 11 -47 -36 29 -7 0
41 -60 0
6 -12 -36 20 -15 -54 45 -1 -40 0
-2 1
-2 2
-2 3
44 -43 26 -30 -57 7 7 41 49 55 36 0
10 13 30 -29 -51 16 20 32 54 0
17 -51 -22 0
31 -2 -57 1 19 48 54 58 0
32 -23 -16 6 -56 -17 7 19 32 37 0
18 -60 -44 8 30 55 8 52 56 5 35 0
50 -38 -30 0
32 -53 -9 25 49 49 18 19 35 55 4 22 0
4 60 0
16 28 49 0
0
40 -3 -53 2 8 36 47 6 21 41 44 0
57 0
6 60 29 -22 -12 21 46 55 9 -20 0
27 44 53 1 -11 16 29 36 42 46 19 29 31 0
5 -38 0
4 -51 -24 48 -46 38 -53 0
0
30 -58 -9 19 38 0
18 19 41 52 52 0
-13 2
-13 3
