14 21 55 13 -45 55 -33 -25 4 -56 -46 0
0
42 -24 -45 8 34 12 26 7 10 19 44 58 0
27 -19 -29 16 29 54 29 -33 -54 21 -41 60 0
25 -17 -14 0
32 -41 -55 0
32 35 36 48 32 33 59 40 -40 -21 0
16 -14 19 -48 0
9 14 -44 46 -5 -30 60 -18 0
59 -31 -32 35 -38 0
17 27 37 49 0
7 37 49 58 29 -38 -39 10 -35 -9 21 50 0
1 10 22 32 14 -18 54 55 49 0
37 -7 43 -55 42 -28 -42 29 -34 0
20 -20 -23 16 53 34 -51 11 -48 0
32 43 54 0
20 -57 14 -7 35 47 -28 0
52 -17 -49 17 42 50 6 -54 0
32 33 37 5 13 20 60 0
12 -16 30 30 39 58 24 -45 22 -10 0
9 29 49 10 14 40 53 55 0
39 41 42 51 59 0
-2 1
-2 2
-2 3
4 17 24 46 57 50 -28 -52 46 -46 -40 48 -40 -6 0
40 -45 -55 50 -14 0
60 6 -23 -8 0
4 8 44 53 55 -52 0
12 -54 -51 0
59 -40 -14 10 -57 -42 50 -55 -11 0
3 17 30 45 59 -37 -46 47 -46 -53 0
35 -47 -39 57 -34 7 0
41 -60 -36 13 22 23 26 5 -35 -31 38 -20 0
58 -48 -25 3 39 0
1 2 10 30 31 21 43 46 47 1 -14 -9 47 -37 -20 3 6 11 54 0
38 -19 48 -32 0
59 -43 0
44 47 0
20 27 34 16 46 49 -53 8 31 45 54 10 38 44 57 57 0
10 -18 2 5 39 49 4 -21 -21 22 -14 0
34 -32 -10 0
0
37 -5 0
49 -37 0
-14 2
-14 3
