30 -21 0
0
58 41 -41 -4 0
50 -18 -22 14 -13 21 -25 -44 0
22 -35 -41 0
58 -55 -10 7 14 17 18 26 11 21 7 -7 0
57 -29 -48 20 -6 -2 0
2 -59 56 -54 57 -38 17 -43 -17 57 -32 0
6 36 60 58 -40 -43 25 -21 -39 0
6 -59 -46 7 15 36 0
2 5 7 23 42 5 27 41 0
45 5 14 37 44 0
1 -40 -60 36 -25 56 37 -46 -36 0
33 -19 46 -11 24 0
15 31 37 59 29 50 57 12 26 27 46 0
54 -6 54 3 20 20 32 7 21 0
52 -24 57 5 -28 -27 19 -60 -44 0
41 -43 0
24 19 0
45 -41 -4 11 -30 -57 0
58 -1 38 39 41 46 6 20 33 37 42 11 -36 -8 58 0
1 -60 -33 0
-3 1
-3 2
-3 3
44 -42 32 37 54 17 17 48 0
15 47 53 45 -11 23 28 51 43 -15 0
24 -5 -30 26 -36 21 25 29 56 13 -39 -4 5 -40 0
57 -19 0
32 25 57 -23 0
7 23 0
0
5 -39 -55 0
10 -19 0
32 55 57 0
40 -36 -56 10 12 16 20 40 0
28 -18 0
11 -56 7 -1 -9 59 -39 -2 5 30 36 36 57 0
16 -36 -52 40 -28 -26 40 47 60 0
22 -50 -22 23 -28 -39 4 -9 -58 57 -20 0
39 -5 53 34 -30 -53 0
0
53 -3 -9 12 41 57 27 -25 -36 43 -7 -31 16 -35 0
56 -23 6 21 26 58 17 0
51 51 56 0
-8 2
-8 3
