12 -51 -41 5 5 0
25 25 29 35 55 54 -50 0
4 12 18 21 0
17 -13 -16 0
33 42 -25 0
7 38 56 12 -36 0
37 -35 56 -17 51 -48 -53 0
49 -29 17 -54 -40 45 0
5 -51 24 -38 6 23 32 33 21 -54 0
0
6 16 24 37 50 0
0
40 -44 16 0
20 -8 -13 26 -10 -10 0
1 27 55 24 -24 33 -59 15 -31 0
7 11 28 31 0
17 -6 -17 0
52 -19 30 -16 35 -23 15 0
31 -31 -47 1 37 43 49 0
19 -32 0
60 -21 -42 24 50 50 53 60 0
23 42 16 4 60 39 -57 -35 40 -45 0
-2 1
-2 2
-2 3
0
23 35 -2 24 30 32 45 51 21 32 32 40 0
9 -54 -42 45 -4 -38 7 -32 23 24 30 49 58 0
50 58 50 -56 19 -3 0
35 -31 19 30 32 47 53 60 -19 -33 59 -31 0
11 -51 33 34 46 0
5 6 8 17 43 54 -3 0
35 -33 -25 13 24 -51 30 -58 -56 0
3 23 32 38 39 0
60 -21 -34 0
17 17 20 60 15 50 26 16 31 50 52 56 -47 -44 0
44 0
14 47 58 4 -45 -24 30 -55 53 -47 0
12 -35 -55 60 -43 -27 51 -30 -2 50 -4 8 14 20 21 32 0
45 -21 -46 27 4 30 35 18 22 23 34 0
40 6 -60 34 -45 12 -42 0
4 26 36 40 46 2 18 24 36 60 3 33 50 60 14 0
1 -14 -1 58 -5 4 -47 -43 37 -38 26 -6 -12 0
0
51 25 48 0
-9 2
-9 3
