9 -22 0
1 45 2 -44 0
50 -58 0
16 -25 -19 38 -11 19 -7 -41 1 -11 -50 44 56 0
11 49 51 2 8 3 7 10 33 37 3 -23 0
7 -27 13 36 40 49 58 29 35 51 53 57 0
2 3 19 47 49 -14 0
35 -37 10 37 40 56 -29 4 19 34 40 0
0
59 5 -41 4 -32 3 33 0
6 29 59 14 -1 5 -33 -43 7 45 48 47 48 0
45 48 -21 -41 0
8 18 30 0
23 -52 0
18 37 60 9 52 54 -42 0
56 5 32 35 0
6 28 36 57 51 -23 0
5 23 30 36 49 11 19 32 45 6 19 22 48 12 0
26 -16 -43 2 15 33 48 -2 51 -24 -21 0
27 -20 13 -39 60 -38 0
23 -53 17 11 -58 41 -52 -2 0
26 -17 -21 0
-49 1
-53 2
-52 3
13 -18 -17 24 42 51 0
0
1 6 27 45 25 -49 -6 0
35 0
17 -25 -17 17 -36 50 -55 3 6 0
44 54 17 -14 0
11 -9 15 -47 11 25 38 47 48 55 -44 -11 29 40 0
2 10 17 40 49 31 -37 -12 0
6 13 19 20 48 26 -51 5 30 55 57 -18 -50 0
37 38 47 -10 0
25 25 52 -54 0
39 44 0
10 10 15 18 33 0
54 56 -14 -7 0
26 28 -9 0
11 -11 -30 5 9 45 9 -14 -57 0
8 10 11 43 47 6 6 21 26 10 -37 1 11 27 39 41 0
56 -12 -24 35 -50 1 -22 0
3 32 32 51 -9 0
52 -41 -20 5 43 47 10 25 55 57 57 0
-56 2
-56 3
