0
34 -55 -58 6 33 40 46 44 -18 -52 7 18 44 0
1 14 15 19 10 -46 34 58 0
43 -7 52 0
7 -59 -19 49 -7 -15 17 0
33 -16 1 15 34 45 9 13 18 19 53 -6 46 -28 -55 0
13 11 51 -22 -19 0
17 -18 -43 24 -7 -23 57 -39 -56 33 -16 -25 0
18 -11 -37 34 46 54 56 15 -2 -21 32 51 55 56 0
23 -60 40 4 9 16 33 35 16 -4 0
14 -50 -17 22 54 0
6 -52 -36 17 -15 -9 0
42 -50 -47 4 -44 -36 0
46 -52 -7 8 11 19 0
41 -22 31 -21 27 -35 0
38 38 1 10 32 41 50 34 -14 -58 9 14 31 60 0
37 46 -58 -14 0
8 11 20 21 32 4 8 56 57 60 50 -20 -38 11 13 28 0
58 6 47 54 13 18 27 35 39 59 36 -31 0
8 -22 16 25 32 0
10 33 37 39 45 0
19 -18 -48 24 -41 -36 2 6 9 45 60 1 12 18 58 50 0
-2 1
-2 2
-2 3
14 -6 -27 18 0
28 37 39 30 44 55 56 0
11 3 3 18 26 59 22 26 0
2 20 29 57 59 16 -28 -14 0
5 24 33 48 43 -8 0
8 9 33 39 41 3 6 10 12 39 -22 -17 0
52 -41 -36 13 15 21 58 7 50 52 0
28 -10 -6 6 -51 6 6 17 33 55 15 -42 0
3 21 41 -20 -36 12 18 38 47 43 -45 0
42 -13 -50 0
42 -46 -41 0
9 43 46 54 34 0
6 52 -9 -31 47 -23 -34 27 42 0
57 -40 0
16 -54 -23 0
52 -13 6 37 17 28 30 31 59 17 20 21 46 56 0
11 16 45 50 58 30 7 21 29 42 0
14 -35 -32 23 -34 -11 55 -7 -33 43 -48 -46 0
58 0
0
-50 2
-50 3
