21 27 46 51 7 8 13 53 46 -58 -21 0
31 56 6 -21 -3 10 -16 -52 0
52 -23 8 36 37 47 56 11 19 40 0
16 55 22 35 40 50 2 8 19 0
49 -49 -43 36 -12 6 37 51 26 -39 35 -32 0
10 43 55 0
35 35 45 13 -15 0
51 -21 0
5 40 45 53 0
12 20 31 4 27 52 56 60 57 0
9 41 43 36 42 9 48 0
51 -31 3 -51 -39 0
7 16 23 35 -13 15 32 41 49 57 53 -1 -15 29 38 39 39 58 0
11 13 22 24 0
31 -26 0
15 20 58 11 20 51 58 42 -34 -36 0
29 -43 19 -26 -1 4 16 28 35 38 21 33 34 39 27 28 0
2 21 18 -60 0
10 50 24 -8 2 -39 -11 0
34 11 18 19 34 53 57 -17 9 21 23 39 51 4 -3 0
16 20 35 37 60 21 -5 0
42 -58 6 22 28 39 42 7 -36 0
-2 1
-2 2
-2 3
12 -28 42 -25 3 -49 0
57 -41 47 -54 -20 10 17 34 44 14 -28 0
19 -29 -10 49 50 32 -43 0
31 -44 -13 6 -46 -55 15 -5 0
55 -2 -39 60 -60 0
24 40 0
11 12 21 60 4 9 34 36 44 26 38 0
24 -6 -46 0
6 40 51 50 -58 41 -6 -29 51 -21 0
2 20 36 36 -45 -25 45 33 33 60 35 -59 -25 0
32 -52 -37 14 -12 -41 28 -44 6 -12 -28 0
29 -38 35 -13 -50 0
26 29 40 58 0
15 -13 -12 16 -44 28 36 36 47 50 12 -24 -43 58 0
13 38 39 53 16 -25 47 -4 46 53 0
35 10 -37 9 20 42 42 47 48 4 27 36 41 0
40 -39 -54 8 42 44 45 46 31 -14 29 -35 50 -39 0
34 38 42 56 -52 -15 18 -44 5 25 28 0
35 -51 0
44 -28 38 -48 0
-2 2
-2 3
