32 -19 0
2 29 0
51 45 -4 5 20 21 31 33 10 25 0
13 -30 -37 0
25 45 53 50 52 55 15 -34 -4 29 33 34 44 49 0
9 16 30 39 18 31 0
27 9 14 54 34 37 53 55 59 3 -42 0
17 -36 -52 23 28 27 -10 -8 0
40 57 12 19 3 -28 -39 0
12 20 28 6 55 56 0
48 -11 -14 10 42 18 -55 -4 17 -34 0
15 19 19 34 51 17 -14 -42 5 -30 37 -55 -52 0
38 -48 0
26 51 23 19 -19 34 53 -53 -13 0
18 19 36 54 21 -45 -31 0
2 -46 0
49 -54 18 48 50 11 12 13 38 15 -36 0
42 -34 -26 43 -32 18 25 -29 0
15 4 34 36 -46 23 -42 42 -48 -10 0
3 12 19 33 43 31 -57 0
14 15 19 44 54 24 -57 0
46 -60 -5 22 -22 -27 0
-2 1
-2 2
-2 3
-68 2
31 46 14 15 21 48 52 0
2 5 18 40 44 -59 -56 0
28 -35 -49 5 -26 0
24 32 39 42 54 10 19 23 59 0
6 13 27 44 57 2 -38 2 22 28 50 14 -51 -1 53 -58 0
9 19 26 38 43 19 -39 52 -19 -16 0
2 6 48 59 24 -38 -55 8 -31 0
15 34 57 0
11 0
8 -36 -29 0
52 -26 13 38 50 55 12 12 22 26 55 -48 0
48 -45 35 -12 0
27 19 -12 7 21 34 43 57 8 -14 51 -33 0
42 -40 33 -53 52 -23 -51 27 -14 36 -35 -57 0
48 -1 44 -40 0
0
13 21 29 38 -43 -18 47 -60 0
4 7 15 24 50 0
0
58 -37 0
-2 2
-2 3
