18 -58 0
15 29 33 39 60 0
5 32 38 52 0
6 17 44 0
22 -10 -13 13 30 13 -13 0
25 -40 16 26 38 7 18 30 46 59 51 -28 -22 0
10 58 52 -24 -4 9 20 8 -11 -46 0
44 -34 -36 10 43 48 46 -14 13 -24 0
3 -58 -7 0
2 24 10 18 25 32 57 0
0
46 -48 -38 38 -26 43 -31 -30 34 -16 0
28 40 55 2 6 17 3 0
3 7 27 36 6 13 39 54 49 -20 -60 19 -1 0
16 -41 -59 4 15 28 37 44 -41 50 54 55 6 10 18 39 0
0
48 -14 54 -38 -35 54 -9 -57 21 34 44 30 -49 -37 0
15 52 -10 0
8 -43 -40 0
39 -8 0
14 28 30 44 47 38 -23 1 0
56 -10 -5 0
-10 1
-10 2
-10 3
11 17 4 27 33 42 41 -6 -19 19 21 30 0
11 18 21 12 45 1 -47 -24 0
7 34 -17 -51 55 1 41 50 51 -45 -16 0
46 -5 4 38 38 59 48 57 -35 -6 0
30 -48 -54 31 31 42 46 52 19 -30 -25 12 -42 56 0
33 -12 12 -35 18 43 55 0
0
4 28 13 -53 -46 11 -28 -52 29 -56 0
17 -30 11 -51 -18 0
26 35 38 42 43 51 7 20 36 49 0
21 27 41 43 59 0
22 -36 -3 38 46 -6 -14 0
13 -17 48 -48 0
10 14 21 59 35 -58 0
0
18 40 43 47 7 10 22 46 19 -8 -11 18 -58 0
7 -21 -8 16 27 41 5 22 0
2 5 10 53 -58 56 -30 -38 0
22 43 22 -27 0
20 -19 -23 52 -32 0
-47 2
-52 3
