58 -1 56 -39 0
12 22 29 59 59 22 -31 40 -33 0
5 23 39 -43 -47 34 49 47 -34 15 -31 -36 0
26 -48 -22 0
30 -50 -27 24 -6 -43 0
20 31 60 41 50 24 -8 -48 0
9 15 36 44 51 8 -60 -59 2 -52 -37 0
6 14 18 22 40 8 22 31 7 25 26 35 37 0
13 -3 -5 53 -16 -24 0
17 27 50 52 57 19 -44 50 -10 -30 0
19 -55 -46 25 -57 -1 35 -40 21 24 33 43 52 -15 -40 0
29 -47 53 -3 3 -55 43 -30 -32 30 -7 -46 0
6 -46 -35 10 -32 -17 0
13 24 35 0
0
1 21 29 45 46 0
37 48 8 32 50 45 -53 30 -35 -51 0
5 15 25 46 52 0
19 24 52 4 -13 -9 4 16 46 45 -30 0
56 -54 37 -52 -26 9 43 10 40 18 34 0
16 35 48 54 0
22 -47 18 -26 55 -27 0
-10 1
-10 2
-10 3
0
24 -14 13 15 19 26 31 0
3 23 25 25 57 60 -39 0
55 -58 -19 29 -32 11 -57 14 -21 -45 0
26 5 8 46 55 1 26 60 4 -15 5 7 14 48 0
17 44 0
36 -15 45 -57 -52 0
53 -53 -25 46 57 5 19 45 32 35 38 40 0
44 -29 32 -32 23 -21 0
42 -40 16 -18 0
18 -45 -46 30 -33 -29 8 33 56 26 -37 -19 0
47 -2 -4 6 34 39 41 -30 24 35 58 0
13 -54 41 -47 1 -49 -25 2 47 54 48 0
5 12 20 25 27 -38 -6 0
2 -31 -24 56 44 -53 0
17 -43 -29 15 -31 -11 4 6 15 24 60 0
43 -56 -13 5 28 40 22 54 0
27 -38 -40 40 -10 -33 9 15 59 0
37 -29 -59 2 -31 -25 33 -56 1 -11 -4 29 35 47 56 60 0
6 31 45 58 60 0
-52 2
-47 3
