6 21 56 38 39 59 14 -22 -47 0
49 -6 56 -36 -5 42 -8 46 -54 -49 27 -3 -26 0
37 47 47 48 53 37 -4 58 -46 -8 0
32 -3 -43 6 10 25 32 31 -35 0
0
25 -48 -38 6 43 53 55 60 16 0
7 -12 -9 49 -28 -21 35 -33 -52 0
18 26 0
3 29 48 53 0
20 -43 -46 0
4 -18 0
1 11 32 39 51 10 12 27 35 52 0
38 43 46 47 59 8 17 20 38 48 7 21 37 57 0
0
53 -32 32 -35 -51 14 -42 -9 42 -31 0
31 13 -56 -20 0
0
42 -39 10 -26 -18 7 -55 -56 20 0
5 5 8 14 22 -60 25 -45 0
39 -34 -54 26 -28 43 -4 -4 0
17 -27 -20 7 42 57 6 -46 -3 0
23 32 4 -25 -13 0
-2 1
-2 2
-2 3
59 2 14 31 44 53 0
50 60 15 -39 -43 0
9 -41 -51 5 5 48 -26 0
21 37 56 60 0
15 -1 -33 49 -43 0
24 0
31 -45 -33 40 -23 31 40 0
4 11 22 46 -5 -36 0
60 0
25 41 60 3 6 21 25 0
38 -38 6 -22 -40 0
59 -32 -42 3 6 11 53 46 50 0
60 -33 -9 3 -60 30 -31 -10 20 -29 17 43 44 0
9 -27 -22 35 -37 11 -14 6 11 45 0
24 -36 1 45 53 55 -56 0
0
40 -25 25 -34 -11 38 0
9 23 36 24 -43 39 42 47 37 -50 0
20 -28 0
52 -43 -16 11 -36 -3 25 -6 -28 0
-32 2
-32 3
