19 40 53 56 30 37 41 54 57 9 0
55 9 29 56 8 -24 -27 14 36 0
8 -12 -12 52 -2 31 -51 -38 36 -45 0
4 39 41 47 56 11 31 0
7 16 28 51 53 24 -51 -25 30 -6 -22 0
30 -46 -7 24 -2 -21 0
0
52 -14 -36 2 4 32 34 40 18 -60 -6 8 10 13 17 30 -4 0
3 6 46 52 24 39 47 49 55 0
0
31 -26 36 -36 -23 26 -49 0
1 10 15 19 52 0
7 9 24 60 40 -49 -48 48 59 0
17 23 3 19 21 44 53 0
26 37 -43 -47 9 44 0
14 45 24 -12 -18 8 24 43 49 53 47 -7 0
31 -21 -57 21 -40 -33 57 -33 -52 30 -21 -56 0
22 -2 58 -44 13 -19 0
32 -15 -38 29 44 45 6 23 26 38 0
54 -25 -39 10 28 47 55 11 32 10 0
14 -34 58 -54 -48 57 -29 0
16 -43 29 -28 -44 18 41 45 0
-4 1
-4 2
-4 3
-67 2
28 30 55 58 17 -18 0
40 -15 -55 0
44 -44 0
19 -24 -54 0
30 -47 -52 0
9 29 51 55 56 -35 1 32 1 8 11 59 0
27 -42 9 -12 40 -19 45 -33 -59 20 25 32 41 43 0
2 -41 -39 0
35 -56 13 -22 -14 7 -42 3 15 18 39 52 40 0
57 -36 60 -27 34 46 57 12 24 25 57 0
35 -2 -55 49 -33 -6 0
26 -13 53 -20 -58 6 9 13 41 41 30 -44 -46 0
2 17 54 0
19 30 31 8 23 49 17 -11 -30 32 -35 0
30 60 -22 44 -7 6 -1 -35 27 -44 -35 0
30 -27 -40 40 -17 0
6 22 24 26 10 -24 -28 43 -39 -45 45 -6 -43 29 0
34 0
38 -9 16 19 33 48 -28 -27 0
1 53 45 -54 60 -6 -1 5 29 0
-48 2
-49 3
