26 -7 -29 40 -27 1 13 24 -39 0
33 -23 -57 2 21 39 40 0
34 37 46 51 52 0
44 45 10 3 50 2 6 14 36 51 0
31 -30 -5 9 -57 -17 14 -46 -44 57 0
41 -6 -27 49 -60 -22 32 39 46 57 60 16 22 23 25 49 0
1 18 25 13 -20 -12 0
28 -12 -25 0
39 49 0
3 -27 0
17 25 31 48 52 -60 -39 32 -49 -30 0
6 8 37 48 58 46 -1 -24 0
29 -9 0
24 -1 20 -8 -48 0
6 16 20 48 56 7 19 31 37 43 35 -23 27 -12 -46 0
27 -45 -13 25 -37 -37 32 -27 -33 0
6 -15 -29 7 19 46 56 60 -25 -56 0
7 33 45 48 40 -25 -42 0
27 -14 -35 55 -54 10 -23 -18 46 -9 0
51 0
12 -4 0
43 -6 55 -26 -41 0
-3 1
-3 2
-3 3
-67 3
20 0
37 -42 0
10 16 29 43 19 -13 13 18 0
5 13 42 55 10 -14 0
0
12 53 56 1 34 44 0
2 9 47 1 6 47 29 -21 -57 23 0
23 0
52 0
22 37 46 0
15 -6 11 -2 -23 8 16 21 45 24 -32 -9 0
26 -58 0
27 40 0
15 29 29 36 42 13 -56 0
9 30 35 38 0
48 -31 -29 15 32 34 49 52 55 -20 0
39 -36 0
1 13 44 8 15 17 36 37 4 6 22 37 48 0
24 -48 18 -25 0
25 57 0
-50 2
-49 3
