3 25 45 50 51 0
21 22 39 51 11 24 30 34 45 48 -4 43 -40 -7 0
9 39 1 9 39 41 43 32 24 -38 0
26 -47 13 39 0
53 -13 -27 5 47 52 52 60 42 46 53 -31 0
37 -13 7 15 27 52 19 -47 0
1 -39 -43 55 -8 -21 21 22 0
10 20 31 32 43 0
21 -50 2 -37 -31 14 52 0
10 -23 -13 23 26 26 43 56 19 -44 -50 6 7 9 31 48 -27 0
7 9 13 31 0
54 -42 -39 22 -45 0
14 -48 -29 9 20 25 41 42 0
15 -32 16 18 44 2 16 24 0
36 -25 -28 9 24 31 36 56 19 -46 -3 38 -60 -6 42 -28 0
24 -52 0
48 -27 58 -29 0
0
20 -11 -50 0
4 22 30 6 30 -42 -28 21 22 1 2 2 19 59 0
29 35 43 52 28 -26 -56 16 -29 -58 40 -16 -30 0
40 54 10 -42 -45 17 -50 24 14 0
-7 1
-7 2
-7 3
-66 2
2 -5 -24 2 -12 48 60 0
13 17 24 57 60 0
42 0
56 -21 -50 6 13 -43 -43 0
32 -20 -57 18 -17 6 55 59 10 -6 27 -37 -5 0
33 -31 -38 19 29 46 48 9 -55 -19 42 -1 0
2 11 15 49 25 -35 48 -58 3 18 19 0
5 -51 -21 0
3 -18 0
0
23 34 55 59 22 29 35 46 42 -18 0
10 13 19 21 31 32 46 54 57 0
31 -7 -26 0
20 -39 5 23 0
15 29 31 47 51 0
22 -29 -58 49 -2 -60 34 9 -3 -57 0
35 -40 19 -22 -9 53 -60 -33 0
14 -24 9 -2 24 24 36 55 55 0
46 -52 0
5 26 35 40 41 8 -9 -45 28 43 53 21 -25 -47 0
-54 2
-50 3
