57 -36 -22 0
27 -6 15 28 42 18 36 45 53 -26 0
41 -35 -22 7 -26 -58 37 -17 -12 15 -19 -35 0
3 4 19 27 12 21 30 44 51 52 -9 0
50 -60 -26 24 33 36 55 4 17 18 41 56 0
34 -39 -54 52 -15 -10 0
8 -43 -9 47 -5 1 5 25 33 2 55 0
24 -2 -30 5 16 18 24 58 29 0
13 45 -8 0
7 14 25 37 53 1 14 36 39 55 20 25 25 0
34 -16 -8 0
16 9 10 33 34 42 47 -24 -45 0
33 0
28 -17 11 26 34 54 49 54 54 58 0
60 -7 -34 17 24 37 45 46 58 0
1 -14 29 -9 5 14 -10 -39 36 -13 0
60 -5 -39 0
8 16 48 45 -27 -12 0
44 36 38 40 60 0
3 -34 33 34 38 39 53 0
0
30 53 56 0
-5 1
-5 2
-5 3
-67 3
-68 2
11 46 52 55 29 32 49 60 0
24 -14 24 32 49 54 56 33 -7 -50 0
0
35 50 0
22 -1 0
27 -2 -50 0
2 31 -3 -41 0
30 -42 -40 0
13 45 48 38 -36 -26 29 -30 3 9 -39 0
20 -49 -38 3 22 55 45 -25 38 -21 -37 0
45 44 16 43 21 49 57 0
8 15 28 40 41 2 30 50 54 9 24 33 43 0
15 -46 6 -36 -26 0
9 -41 46 -22 -60 2 -52 -23 0
50 -22 -45 9 -47 -40 9 -23 -17 20 34 40 22 -27 -59 0
24 0
10 -22 33 55 0
44 -39 -21 10 -15 19 -59 -60 0
20 -59 16 40 57 59 10 21 33 36 51 0
56 -59 0
-47 2
-50 3
