6 -54 -33 14 34 54 1 7 0
59 4 6 10 14 35 0
23 -27 -25 18 -33 2 9 17 18 0
32 -48 -5 52 23 -18 -36 0
4 37 44 52 2 -45 0
22 -4 -48 29 54 -41 -56 0
2 12 26 42 20 -20 21 49 0
47 -17 59 -25 0
29 -36 14 -43 40 45 12 36 43 0
1 -40 0
28 -60 22 29 44 50 60 0
54 4 -16 -30 35 -37 14 0
0
18 48 54 12 -3 0
58 -35 -44 18 38 38 54 56 41 -23 -33 28 -33 -14 0
16 -33 -21 3 12 48 50 54 39 -55 -8 4 23 45 0
24 -21 0
32 41 42 47 48 0
0
5 46 1 59 53 -27 0
45 -40 -57 0
14 -4 58 -27 0
-7 1
-7 2
-7 3
36 6 36 50 45 40 -24 7 25 35 40 50 0
15 22 35 55 25 -11 -36 0
43 -47 33 -25 -28 36 46 49 58 33 34 0
46 -32 5 -12 52 -24 32 0
32 48 8 19 0
2 46 46 60 21 37 46 55 -26 -23 9 23 55 56 0
14 27 58 29 -28 17 -58 3 -59 0
16 -4 -26 18 23 -4 19 -59 -60 48 0
36 -47 5 -38 9 18 29 29 0
3 -21 -35 40 -55 3 34 47 49 0
14 -5 -59 5 59 47 2 -52 0
11 -3 -10 38 -3 3 36 47 59 0
4 29 15 36 37 48 49 17 28 29 59 0
24 -60 -45 26 -57 25 26 48 56 57 4 6 60 0
49 -8 -33 29 30 39 42 53 -7 -34 6 -23 0
2 13 45 0
58 -28 46 -14 41 -38 -49 0
25 -25 55 -55 28 0
4 24 30 59 24 -3 -60 39 -2 -23 0
0
-10 2
-10 3
