20 -32 -21 53 0
26 26 27 60 0
30 34 50 51 14 42 54 55 0
25 44 5 -40 -9 31 -27 58 0
29 -19 18 19 24 43 50 21 -35 -36 0
45 -35 0
7 18 20 22 23 19 8 0
13 14 28 35 49 43 -41 46 -8 -56 60 -15 0
49 -3 59 -60 -48 0
11 -42 -15 1 21 29 31 0
48 -20 -19 6 48 59 -15 11 -19 -3 0
3 12 12 20 40 8 18 40 46 56 46 48 53 56 34 -9 -49 0
28 42 59 43 -44 27 -31 3 19 23 44 0
0
34 46 0
35 42 44 47 53 46 -22 6 35 50 0
13 -4 -34 0
11 -30 0
29 -8 -46 15 -7 -1 0
1 -35 0
2 5 12 18 39 -56 -36 0
30 -40 -35 0
-3 1
-3 2
-3 3
-66 2
37 37 0
53 -6 -10 0
6 -8 0
53 -28 -43 40 53 41 -20 -31 0
6 -24 -35 15 -29 8 15 22 23 31 0
14 -47 -35 55 -6 -32 0
34 36 40 45 59 28 -47 -15 22 -15 -9 29 -29 0
32 42 49 55 0
57 -20 59 13 -38 0
3 -16 -60 16 29 31 39 42 -17 0
7 -3 -20 56 -19 -57 1 12 29 41 27 4 -15 0
50 -15 -32 11 -19 6 43 45 4 -45 -5 0
37 8 -24 -56 0
17 25 41 58 35 -7 42 -45 20 -31 55 -12 0
12 -58 15 20 25 50 26 -31 12 43 49 56 20 50 0
54 -6 -5 8 20 44 47 0
17 -42 -55 52 -53 0
53 -16 44 0
0
27 -17 -21 0
-8 2
-8 3
