31 -25 0
4 8 9 29 29 47 -40 -5 0
25 -34 16 -47 -17 0
29 33 0
0
54 -39 -42 50 -41 9 -37 7 35 0
30 18 20 27 29 30 15 52 0
10 58 41 -44 52 -13 -5 22 -27 -47 38 -38 -45 0
54 -49 29 -34 -58 54 -15 25 0
7 -52 0
59 -18 -39 0
4 4 50 60 60 25 45 -26 40 -16 59 -8 -59 0
20 -10 -49 16 31 39 0
10 -41 -37 2 23 0
27 -47 9 -13 -46 3 -21 -8 53 -43 42 -56 -28 0
35 -42 28 -42 -34 12 45 48 55 57 23 -39 -9 31 38 0
42 45 33 -34 25 -9 -58 5 16 40 45 0
31 45 50 53 -48 -42 0
14 31 41 49 60 3 -36 21 25 27 34 40 47 -2 -21 7 -40 0
17 55 0
52 23 -11 -3 0
0
-2 1
-2 2
-2 3
29 -60 36 -42 0
17 -9 16 34 38 42 0
24 0
12 44 51 58 19 -40 -38 0
25 28 36 52 1 8 12 22 41 0
46 -13 2 7 52 54 9 9 17 39 43 53 -26 0
31 -20 38 -42 19 -10 0
21 23 0
49 -22 -45 25 26 32 56 29 -43 0
6 -54 -31 55 -17 38 -4 0
59 -57 0
11 38 46 50 55 47 -45 -5 12 -24 0
9 21 40 47 54 45 -51 40 -21 11 -30 0
37 -20 -50 25 -50 0
28 -12 4 -2 -44 23 -2 1 -5 -41 0
29 -25 44 -46 -11 0
41 53 55 60 56 -47 -11 0
2 8 26 43 25 -46 -43 55 -35 -59 7 11 18 44 55 0
4 6 15 21 28 0
17 60 24 -34 14 35 43 0
-12 2
-12 3
