24 -25 47 56 -19 -41 0
1 -33 -1 8 -30 0
41 50 14 -17 -40 15 -31 -13 0
3 27 46 0
6 8 36 39 8 -59 7 17 0
37 0
43 -36 50 39 54 0
3 -49 -40 11 -49 -50 29 -7 0
12 -25 -52 4 17 18 21 57 4 -30 57 -7 0
52 10 20 26 44 59 36 39 57 -26 0
16 -37 -5 4 23 24 49 60 23 -37 9 -13 0
7 -3 -57 30 53 -18 -36 9 -27 -7 35 -30 -8 0
6 46 32 -5 -30 40 58 59 44 0
13 -7 4 6 35 0
11 29 23 24 -39 -60 0
6 23 37 0
10 -48 -46 42 -18 -26 3 5 41 43 48 53 -43 0
38 -58 -58 56 -10 -35 35 44 31 -30 -13 9 13 15 21 43 0
41 -36 -56 20 37 46 26 -31 1 20 37 10 21 40 47 0
23 24 47 60 60 -27 -54 57 -20 -55 17 23 34 0
23 14 33 35 19 27 36 48 52 0
50 8 35 34 39 46 0
-2 1
-2 2
-2 3
-68 3
-66 2
34 51 16 -29 0
19 30 34 53 55 47 -32 -19 43 -30 21 31 39 52 14 -47 0
10 32 42 25 41 56 0
58 3 15 16 43 52 0
20 -13 -27 16 0
59 -28 3 11 16 17 1 -47 19 -12 -43 0
6 -13 37 -19 -47 0
0
50 -36 0
22 -4 -4 9 -17 0
28 -57 -20 0
31 25 -7 5 8 12 40 2 -6 -28 18 24 43 50 0
12 -13 -7 0
26 -55 -37 0
5 39 49 0
2 23 35 38 0
38 -33 10 48 -16 2 -39 -34 0
19 -31 1 15 46 51 -47 24 29 54 0
0
42 -10 0
-52 2
-51 3
