1 -53 48 -17 -10 21 -56 57 -30 -48 0
24 36 33 -14 12 55 60 0
34 9 17 59 38 -47 -31 19 -56 54 -42 0
52 -56 -22 0
5 14 39 45 46 21 21 28 52 56 0
24 -29 1 -57 48 -59 -27 0
34 55 0
24 42 9 28 23 -55 29 -9 50 0
50 -46 56 -11 1 -25 -32 0
30 -33 -18 50 -26 -17 6 13 17 24 5 15 45 53 0
18 31 35 42 44 10 44 44 50 58 0
6 16 34 16 -40 -3 0
40 -40 -28 0
17 23 58 60 29 -14 0
7 13 21 46 8 24 44 46 14 -54 -19 36 37 45 -44 0
26 32 37 44 58 15 20 36 37 43 24 -24 11 13 0
17 59 2 15 37 58 9 39 42 51 51 11 -8 22 41 0
3 46 49 57 28 -58 46 -56 -26 19 -7 -33 0
60 -42 -40 10 -35 0
10 23 36 40 55 18 -26 7 -42 -35 23 -24 -51 0
18 20 23 -6 -38 15 28 58 0
24 -55 29 33 41 45 55 0
-3 1
-3 2
-3 3
-67 3
33 33 50 58 51 0
9 9 14 46 0
29 -49 -22 23 -47 38 -5 -28 36 51 0
43 -23 11 -45 -34 8 7 9 25 29 30 0
47 -43 -57 41 51 0
56 -38 51 -35 -57 0
27 -7 -49 23 -18 -23 7 45 -58 0
58 0
48 0
53 -12 -25 0
15 0
4 12 15 23 34 22 -31 0
4 24 31 44 53 0
53 53 -8 -28 19 42 1 -25 -21 0
23 -3 58 11 20 37 48 -15 -3 9 21 23 0
21 -28 -59 0
13 -50 -31 23 48 50 53 55 19 5 13 38 53 0
18 -46 15 -27 4 21 50 0
43 -31 -1 1 3 48 49 53 41 -20 -23 0
20 20 0
-49 2
-48 3
