26 -48 -43 38 -44 9 -22 53 48 -25 0
29 48 51 52 53 0
12 -11 -25 33 -56 -36 0
0
20 -14 -47 3 12 30 47 17 21 28 0
45 -8 -10 14 -47 3 -8 27 47 -60 -26 0
0
1 44 49 19 42 10 17 30 35 36 0
9 10 46 59 11 12 51 20 -35 33 -40 -7 23 -45 0
41 -8 -58 55 48 -22 -57 0
24 -20 -52 35 -27 0
2 11 15 -58 27 -15 7 15 20 22 54 60 0
43 -59 0
26 -16 -10 38 -6 -60 8 -29 -55 0
32 -10 25 -14 -5 53 -53 -50 0
35 -60 32 -14 0
17 -28 60 4 9 16 58 59 0
5 47 50 57 58 41 13 40 50 1 -15 -44 3 0
12 16 18 29 59 7 -53 0
38 -38 -39 22 0
11 51 -42 -28 45 0
16 -21 51 0
-5 1
-5 2
-5 3
41 -44 0
35 -44 -50 12 -38 -49 38 -58 0
1 14 30 34 46 5 7 21 28 0
38 43 20 11 42 55 41 -22 -34 0
0
1 46 46 49 28 -24 -7 5 10 10 37 57 -42 -52 0
9 17 22 25 28 7 -60 -13 26 -22 -56 0
38 -56 -58 0
49 -40 57 -16 7 0
17 25 39 60 39 0
28 43 0
12 -3 -46 7 15 30 5 6 47 54 52 -20 -38 0
22 -28 -30 43 -41 7 25 47 54 24 -20 -20 0
13 18 50 54 0
33 -38 -9 0
48 -6 -7 31 -19 47 -13 31 52 55 21 -19 -12 0
15 -32 -9 0
12 -30 -17 0
0
7 21 35 58 56 1 10 21 60 13 -5 -51 0
-51 2
-50 3
