3 4 -36 15 60 0
30 -7 -7 54 -44 0
25 40 47 58 39 0
26 40 51 0
57 -4 -17 31 -31 0
2 6 13 24 54 -43 53 -54 36 -52 37 0
2 31 6 -16 -29 0
24 7 20 26 53 57 2 21 32 44 10 -5 0
43 14 -39 9 -55 -31 0
14 46 13 21 9 -20 -22 32 37 50 54 0
35 55 3 -36 -12 0
10 10 15 -58 -28 33 -53 31 0
13 28 33 34 47 15 29 -24 46 -22 -4 33 -42 -57 0
20 -43 7 0
34 42 46 -40 -25 32 52 0
19 -35 -3 0
31 -8 0
6 33 25 -19 -5 0
42 -49 -50 21 34 50 0
23 -48 27 -2 -25 0
5 24 0
10 -50 -57 0
-2 1
-2 2
-2 3
10 35 48 49 55 0
15 -59 0
10 -26 -4 35 -56 12 50 5 17 31 0
1 5 20 0
29 57 36 -14 0
54 -52 -59 0
52 11 -59 56 -19 0
11 17 28 0
6 -30 -38 30 38 43 53 0
0
46 -13 11 17 39 44 -37 4 6 26 29 49 0
31 -34 43 -12 -47 37 -47 -41 6 33 36 0
38 42 59 60 22 -9 -18 0
32 27 53 0
34 56 60 1 -2 7 11 13 34 50 53 -37 3 12 34 46 60 0
2 -53 -43 0
53 -42 -60 6 6 15 20 49 34 -31 -55 2 20 21 0
21 -19 40 -5 -40 19 -7 -22 21 -14 10 19 39 58 0
5 27 17 41 -5 -5 38 18 53 0
16 -32 49 -51 -30 11 20 25 38 0
-7 2
-7 3
