2 43 21 33 54 2 12 44 -7 -3 21 -28 0
27 29 -59 4 16 24 46 46 10 41 58 0
3 27 -27 10 29 43 50 59 -36 7 11 0
11 14 41 43 55 25 -48 -58 22 -55 -30 14 28 47 48 -31 0
53 -55 -37 49 -46 -1 41 -35 59 17 48 0
1 30 31 55 50 -26 -44 39 18 33 36 58 0
47 55 0
42 -48 0
51 -26 24 -26 21 22 42 54 58 0
14 28 40 49 60 38 -52 8 0
3 5 0
46 -36 -5 0
49 -43 -18 0
30 53 -36 2 6 0
18 33 33 39 49 52 -34 -4 48 0
4 10 49 54 55 12 43 45 57 59 45 -9 -44 0
39 0
2 3 12 17 28 0
6 -38 5 11 38 49 60 11 -10 -2 0
57 -10 -48 10 38 44 54 60 8 -15 8 12 21 4 -24 0
12 12 26 54 54 0
46 -58 -27 5 11 24 39 35 -10 13 45 51 0
-8 1
-8 2
-8 3
50 -49 5 32 36 54 -14 0
6 -46 46 -5 0
35 -40 22 60 60 -58 -43 0
13 23 29 35 48 57 -5 0
12 15 33 51 2 10 24 55 33 -27 -32 0
29 -29 -21 17 22 39 44 52 39 -10 -4 0
39 55 0
36 -40 -34 45 -4 -1 0
32 -22 0
26 -8 6 8 32 0
1 0
43 -4 14 31 40 60 23 27 34 0
4 12 48 50 18 -36 -25 0
53 -7 -15 14 36 52 14 -27 20 -19 -10 0
33 56 55 0
4 6 7 21 24 40 33 -14 10 -26 -24 0
16 21 25 30 42 33 -7 0
43 -23 30 -45 0
33 -26 52 -20 -39 34 56 -46 0
1 -42 -11 40 -48 0
-8 2
-8 3
