48 51 57 19 29 41 42 -32 -12 48 2 0
12 22 57 0
17 30 37 17 -55 0
45 -7 5 14 6 7 57 0
0
0
31 0
16 -55 -30 15 -54 0
58 -11 -32 0
34 -24 40 7 30 45 52 54 31 34 14 -11 -8 0
7 9 13 35 43 0
24 -57 14 52 0
23 -15 -59 0
1 49 51 57 60 -59 12 -60 0
42 -24 42 -37 27 46 31 -54 0
60 -29 -8 10 17 42 45 45 58 -42 0
4 8 10 36 0
27 56 -8 -47 7 36 39 42 58 4 17 22 35 48 -43 -13 0
40 -42 -13 29 40 47 48 52 0
13 22 23 31 49 32 -34 -53 48 52 20 38 45 0
22 -48 -53 3 -43 -39 4 29 38 47 55 0
60 -31 14 -16 -56 5 20 28 29 31 6 -40 -43 0
-10 1
-10 2
-10 3
-67 2
35 -43 59 -16 34 -2 -57 0
34 -22 1 14 0
1 -11 -33 0
21 22 40 56 23 -12 -55 0
9 -27 37 -37 -51 23 49 52 12 24 32 35 35 11 0
7 27 45 48 8 -13 -5 0
37 -35 -7 13 0
21 27 38 39 44 0
37 -14 -52 0
14 25 29 31 57 0
0
48 -2 -47 9 -53 52 -7 -35 12 28 40 0
1 -49 -24 46 -5 -13 0
33 0
42 -59 -57 22 -28 -4 20 27 6 12 45 0
37 28 48 54 37 36 40 50 0
0
19 -32 -32 0
39 -37 -26 1 -7 17 20 43 46 58 7 -41 49 -20 0
8 -47 -36 0
-17 2
-17 3
