43 54 58 0
16 -57 0
19 -52 0
31 -21 -4 46 -12 -51 0
8 26 60 19 20 21 26 10 19 32 38 0
0
0
0
19 -49 22 -20 -35 0
2 3 5 30 31 15 24 35 50 22 35 0
23 -23 0
57 -35 28 11 15 21 54 55 -47 41 -32 -1 0
30 44 50 53 60 -54 -23 37 -28 -39 9 12 45 50 55 0
20 -35 -8 48 2 3 4 34 59 20 -31 0
27 -20 26 41 0
18 -57 31 0
7 51 51 15 -11 -9 57 -20 0
12 13 23 26 33 -46 0
20 -16 31 -18 2 36 41 49 -9 0
9 14 24 36 45 4 36 24 51 3 -13 0
15 -59 -18 1 36 43 48 60 3 -26 0
21 38 -21 -12 0
-5 1
-5 2
-5 3
6 14 17 19 51 -18 0
52 -34 24 49 0
5 18 52 54 15 17 40 51 16 36 31 -37 0
4 11 15 57 39 -29 34 -13 -8 10 -56 0
48 -41 -3 4 -10 -15 3 9 24 56 0
25 -28 36 -36 -36 0
3 4 19 33 48 53 -38 0
2 -8 51 1 14 43 52 58 15 40 1 23 31 33 39 0
10 28 45 5 14 30 42 49 25 -8 0
22 -11 -41 17 -12 27 -47 -7 52 59 2 -41 -53 0
1 -11 -27 0
22 -40 6 -20 -7 4 29 33 29 -54 0
27 15 26 32 -11 -9 28 42 42 -25 -4 0
38 -52 0
29 -17 42 -12 34 22 -54 -36 1 -35 -49 0
55 -42 0
51 -9 -55 0
5 -31 -17 6 0
1 23 37 -23 27 -60 -55 0
36 -37 -45 0
-49 2
-53 3
