2 4 48 57 59 1 24 32 44 55 0
44 37 38 40 40 47 1 14 15 32 0
12 -48 -16 12 12 13 20 31 43 14 21 39 55 3 -3 -18 0
15 23 32 38 56 18 45 18 -55 -55 15 -26 0
17 -37 39 -53 -55 54 -33 -5 0
53 -39 23 -10 -8 0
7 -17 -1 0
28 -12 -17 17 -43 -36 60 -19 41 -6 -36 40 -31 0
0
24 54 41 -9 25 -10 -40 9 11 22 26 34 22 -46 0
2 36 42 0
34 41 42 0
23 24 37 0
0
44 -8 0
19 -20 20 -2 -24 1 4 40 52 50 -6 0
0
15 -23 6 23 36 4 48 19 -40 -28 2 60 0
36 43 60 50 -39 0
17 40 2 11 -25 21 -40 0
11 19 28 44 38 -60 27 -50 4 -48 0
14 17 25 33 7 33 37 0
-4 1
-4 2
-4 3
27 -30 -49 7 -20 23 59 0
45 -58 0
57 -59 -17 22 -7 0
56 -18 -1 0
49 -41 21 51 54 47 -28 -26 0
43 43 46 59 34 -28 10 -40 -15 52 -35 0
34 -9 3 -4 0
11 -39 10 12 38 42 54 24 -4 0
39 39 12 -32 34 19 -41 -42 0
5 -27 13 35 42 52 2 -36 -3 1 -54 0
25 -59 0
20 -54 -57 33 51 52 58 19 39 -7 -28 0
20 -15 36 43 47 60 -15 -3 0
34 41 53 21 -25 -35 0
0
13 -21 42 54 0
18 22 36 47 -19 -50 57 0
34 -35 -6 0
44 -1 14 50 -56 -24 7 10 43 0
28 5 16 42 60 49 60 0
-7 2
-7 3
