0
40 0
15 -28 8 30 31 59 8 -7 20 -10 30 0
54 -25 -45 22 -23 -47 0
4 -39 11 -42 -49 18 28 46 54 54 17 -21 -2 0
3 -40 11 34 53 0
57 -60 36 40 46 57 0
21 25 32 45 53 1 15 20 41 26 -32 0
41 60 -10 -37 31 -9 0
17 -29 -23 51 -34 -38 16 -36 39 -52 -16 31 -42 -4 0
34 0
34 42 30 1 40 47 -31 -12 0
13 30 58 4 10 31 36 0
37 -15 0
3 -32 -5 0
10 41 56 22 0
20 -27 26 -20 -49 12 32 33 48 0
7 14 26 39 -33 -39 52 -50 20 -26 0
41 -24 -14 13 16 17 19 33 0
0
3 27 35 14 -26 -44 48 -32 -19 1 22 41 32 -17 0
12 21 25 27 33 23 -57 -12 48 -19 -36 28 40 59 2 -29 0
-4 1
-4 2
-4 3
-67 3
-68 2
9 21 23 0
17 21 29 56 0
32 0
19 20 34 54 56 39 -56 1 24 36 38 0
5 -54 49 2 50 11 -40 -47 36 0
24 -19 -59 39 -45 -9 4 35 39 56 36 -30 5 45 46 54 0
0
31 -57 -50 0
5 11 22 23 57 2 20 31 46 59 20 54 -47 -23 0
7 10 13 22 51 59 -21 53 -46 -13 21 34 0
12 -24 -14 28 -11 -32 8 -59 -6 25 37 0
22 -55 -58 0
17 52 57 59 -9 -33 19 -7 -30 0
33 52 56 -37 -16 0
29 31 41 49 13 -50 37 43 0
17 28 36 38 42 58 -9 -18 13 7 14 27 43 4 39 45 0
58 -7 -38 58 -44 -40 3 -22 48 54 0
0
32 33 37 -50 22 24 25 0
24 -25 26 32 44 4 -25 -26 0
-5 2
-5 3
