32 -25 7 -37 50 -31 -6 25 -21 -2 0
32 -37 -56 9 -55 14 -29 -56 0
30 37 0
26 0
59 -12 18 -35 -7 0
3 -50 33 -33 0
24 -57 40 -15 -58 2 -58 6 15 20 24 46 0
28 20 -1 53 -60 -13 28 -34 18 19 19 21 33 0
15 -44 53 -41 31 -24 1 21 48 51 57 0
27 -22 52 -34 37 -21 -26 56 -44 -25 0
45 -59 -40 22 -3 59 -7 1 -51 9 10 25 28 0
46 -45 32 -9 4 -59 56 17 25 26 27 0
49 -6 -46 34 -23 -41 49 -54 -54 46 -2 2 2 29 54 56 0
25 -1 -22 8 -31 0
39 41 5 13 32 -1 -56 0
20 40 59 2 35 0
16 34 -44 -28 0
1 2 4 18 0
28 -58 -56 41 -34 -27 0
39 -6 44 10 48 54 58 28 59 16 59 0
28 -20 0
15 21 30 46 26 38 0
-10 1
-10 2
-10 3
-67 2
30 -39 5 41 55 57 0
41 -31 -60 30 -30 15 30 35 11 -58 0
6 -14 -15 20 -41 54 -25 41 -24 39 -14 -41 0
11 13 23 56 13 -18 7 11 19 45 48 0
37 56 -51 19 -43 -32 48 -55 0
0
45 -39 -24 14 17 19 20 55 3 8 9 45 51 0
55 58 0
20 22 37 47 53 7 18 28 35 39 0
19 38 60 7 -43 -32 0
46 -20 -35 7 13 18 42 58 47 -58 -39 0
35 54 0
55 -14 -42 13 15 17 24 58 0
21 27 47 53 5 44 58 6 -30 -48 0
4 22 23 40 51 -44 -42 13 -56 26 60 0
11 -53 -57 6 -41 -1 27 -57 0
0
6 10 24 45 58 8 60 20 58 9 10 36 40 0
49 -54 50 -8 0
50 -42 -39 17 39 43 46 54 -49 -43 0
-11 2
-11 3
