58 0
13 -23 -17 23 26 50 53 45 -2 58 0
32 -7 -45 3 19 42 46 47 16 59 13 -10 0
32 0
37 37 10 11 21 22 0
0
53 -56 6 10 24 33 36 -7 -39 40 -31 0
48 -20 48 -23 21 46 50 34 -4 -55 0
14 29 60 -30 -49 7 -45 25 -6 -6 0
56 -25 0
17 16 20 43 52 0
17 18 31 59 -42 3 -3 35 -5 23 -6 0
29 -55 -9 0
7 -43 48 -7 -7 0
7 -60 -19 50 -3 -26 10 -2 -2 17 22 34 41 42 24 -28 -38 0
19 38 43 57 0
23 -19 -28 58 -43 -56 0
0
9 -42 -31 3 -47 59 -5 0
31 0
4 -48 -16 0
5 26 42 51 19 30 31 52 53 0
-2 1
-2 2
-2 3
56 -16 -29 58 25 27 28 57 10 18 24 35 0
2 4 36 -34 -35 0
2 46 56 0
8 15 22 46 0
23 -44 -15 0
8 -39 0
35 -20 17 22 24 52 57 3 11 19 19 26 47 -48 20 -2 -35 0
32 -47 0
20 58 25 -38 -29 13 -46 -58 51 -3 -45 0
1 -23 -15 38 -12 31 -8 41 -19 -3 42 -25 0
0
8 9 29 36 56 15 -29 -29 21 59 1 46 49 52 0
4 24 41 12 -37 -58 0
14 17 47 48 49 0
29 0
9 25 -14 0
18 -18 -41 60 -7 -58 51 -30 2 -47 17 -59 0
1 26 44 47 60 0
39 44 45 0
15 20 41 0
-52 2
-51 3
