27 27 42 55 0
4 37 47 -35 -37 0
31 31 42 48 0
7 -52 -9 0
59 -33 -59 25 -35 -18 27 -35 -49 5 8 0
10 13 26 20 -37 -12 47 50 0
49 -28 5 -54 -59 6 9 0
54 -32 -52 0
3 37 41 45 58 3 -2 -8 25 36 43 53 60 15 -46 1 7 9 13 22 0
16 18 18 58 59 -8 45 -42 -10 0
4 -7 0
53 -58 -30 0
19 -14 -33 17 48 29 -35 9 14 0
3 -7 -19 5 51 7 15 36 -8 0
27 35 36 34 -23 -51 21 -37 38 0
5 14 33 37 53 0
20 -4 -39 27 0
0
3 5 7 12 13 13 -54 -54 27 -27 0
56 -53 39 -51 8 28 29 30 13 -18 -38 0
34 45 53 0
2 34 35 50 51 1 -22 0
-39 1
-39 2
-39 3
-68 3
46 -32 -7 0
32 49 -47 0
60 47 -17 45 0
0
39 -15 -24 56 14 16 28 41 5 -21 18 30 39 41 60 0
49 -40 10 37 59 52 57 60 17 17 37 42 54 0
8 26 31 34 40 32 -47 0
17 32 40 53 0
10 11 22 43 15 -42 12 14 51 0
19 -6 -30 0
50 8 15 23 -54 0
19 -59 57 -53 13 44 45 59 -59 25 28 42 52 0
11 35 47 53 -15 24 -11 39 -45 0
13 35 1 -56 -2 37 -30 0
30 34 3 -1 0
13 38 50 56 58 -57 25 -59 -2 0
6 47 50 58 4 -57 -53 0
3 -10 -39 0
0
15 32 39 47 51 55 -15 -57 58 -4 0
-54 2
-55 3
