31 -32 -11 54 0
49 -60 -46 11 26 0
33 -44 1 0
13 42 44 6 29 55 0
51 -39 -3 11 -12 -29 0
25 -27 -13 0
42 -38 5 10 50 60 60 41 -44 51 -54 0
29 -6 -7 55 -8 3 14 16 31 53 2 0
47 -53 25 57 25 54 -38 0
5 11 17 25 29 2 8 9 43 54 0
35 -40 -13 0
8 -59 0
27 -58 0
17 -4 -53 39 50 53 60 -45 -5 49 -39 -18 0
25 3 6 18 23 37 8 -35 -38 21 37 56 -58 0
30 -58 2 3 24 60 2 32 0
9 19 23 38 0
31 55 58 51 -27 0
36 -5 35 -53 -12 45 -54 -54 0
2 -50 19 23 33 51 15 53 0
25 -16 27 28 0
6 11 20 2 -25 -35 15 39 42 48 0
-3 1
-3 2
-3 3
6 14 23 24 46 51 27 -44 44 -35 -10 24 -52 -52 0
59 -15 -43 0
16 -12 -6 28 28 34 50 0
0
8 12 20 24 42 0
11 14 40 54 56 0
57 -43 10 -36 -8 57 -29 0
6 31 50 51 60 0
16 -26 5 30 5 -20 58 -59 0
18 -17 -7 41 -10 -45 39 35 0
30 -29 -28 2 -15 16 42 4 43 0
9 0
60 -34 -32 0
25 37 54 0
12 33 40 0
59 57 -18 -46 50 -31 0
29 45 49 59 0
56 -36 -4 20 33 41 54 18 -30 -59 41 -54 -21 3 21 34 42 0
51 -41 -32 3 13 19 21 38 12 -22 -60 58 -59 43 -51 -49 0
57 -58 -12 5 17 2 -51 0
-6 2
-6 3
