26 -60 -33 0
26 -3 -57 1 10 23 37 0
8 -19 14 23 45 0
31 -16 -41 0
5 -7 -58 0
5 26 39 47 59 0
3 44 0
32 -16 26 -36 -31 50 -17 0
22 52 0
42 -33 0
20 8 -6 -3 0
2 20 23 6 27 27 0
58 -25 -60 0
0
37 40 58 0
0
5 10 21 26 27 21 -60 7 -11 3 -37 -5 0
14 -44 20 36 50 54 54 0
7 55 0
2 4 20 51 0
19 34 46 52 0
6 27 32 34 37 -14 46 15 16 27 60 12 -8 0
-8 1
-8 2
-8 3
21 -37 -34 32 -37 -49 56 -38 0
33 48 37 -36 0
27 34 54 0
21 0
4 -5 -41 27 -21 -3 0
33 36 41 59 59 58 -10 18 -26 1 23 25 27 42 0
28 -28 3 26 47 53 25 13 -56 -3 0
35 -8 42 58 10 -5 -16 0
13 -9 -50 8 -16 -56 50 -51 0
0
41 31 30 45 45 53 58 28 -22 0
20 30 46 49 54 47 -6 -36 16 32 40 0
37 43 26 -30 -8 12 59 -48 0
12 16 27 45 6 8 53 9 -40 -57 39 -2 -35 24 31 43 59 0
0
59 -54 -7 36 -55 0
55 -22 4 15 50 18 54 55 -27 -17 0
6 11 22 45 -10 18 -50 20 22 38 0
13 27 28 39 57 3 -28 -43 0
40 25 -57 12 -50 37 43 47 53 -50 -12 0
-16 2
-16 3
