28 -19 56 -52 18 -36 0
8 -56 -31 34 -41 -36 0
8 14 16 30 48 25 -52 53 -52 -38 0
39 -53 57 -53 0
5 26 32 44 27 -6 -44 25 49 52 30 -12 -52 2 30 0
22 35 45 60 15 33 0
45 51 8 -32 -49 0
59 0
30 13 -41 -32 40 -7 0
18 22 47 52 57 10 -52 -43 56 -51 -44 12 0
22 35 40 2 -56 -59 6 -2 -54 0
46 -40 37 55 58 16 24 28 29 35 24 -55 0
43 -2 0
42 -46 14 16 5 17 21 48 51 53 52 -18 -5 0
20 37 50 51 57 41 -21 -35 50 -49 -58 57 -56 0
5 51 55 58 -11 -24 51 -50 -25 57 -11 -10 24 0
29 -46 5 40 41 0
13 -6 33 -10 -4 10 26 27 36 45 3 35 40 60 0
18 -32 -13 24 -44 46 54 0
28 28 53 2 -7 -57 0
47 -17 -41 35 -18 -15 1 19 30 46 59 46 -1 -21 0
24 -14 0
-3 1
-3 2
-3 3
-66 2
30 52 0
39 53 -17 -53 21 -59 -42 53 -11 9 -49 0
4 -42 16 23 56 0
10 -43 -57 36 -24 -29 0
44 -50 51 -19 0
6 11 18 21 32 15 43 32 -39 -58 1 25 42 45 0
51 58 59 46 -20 -3 58 -14 -28 55 -38 27 -7 -10 0
48 -26 4 13 24 59 21 -22 -44 0
0
23 30 57 60 16 28 41 55 0
41 57 4 -12 10 -33 -45 11 -60 8 -17 -42 0
7 10 20 25 46 -44 -51 12 -10 55 -10 16 0
29 -20 -32 7 -53 -35 2 -50 42 -8 -42 0
32 43 56 9 -31 35 49 0
22 22 25 33 39 26 -60 47 0
6 18 21 33 47 51 -44 -60 0
5 26 31 51 28 31 50 54 60 14 36 54 10 40 50 60 0
50 -18 44 -51 6 16 24 59 0
7 -54 27 50 55 0
12 54 0
-50 2
-55 3
