24 -29 -19 15 0
39 -20 -40 8 10 60 60 34 -45 0
26 57 0
40 -45 33 -9 0
34 41 41 51 51 47 -31 -34 15 0
9 -4 -3 0
45 -49 55 -22 -44 3 28 35 -20 0
20 42 1 40 10 23 60 19 31 0
58 -13 -52 0
13 31 40 45 50 21 27 12 20 0
18 44 46 47 0
42 53 30 -49 -13 10 -24 28 -8 0
37 47 52 53 56 7 38 39 -43 -39 12 23 3 8 22 32 54 0
50 -35 -42 16 -35 -55 60 42 -11 0
45 -9 60 -54 -23 0
6 18 38 44 58 19 -5 -8 31 -35 -48 0
10 13 55 0
53 -47 19 52 -32 10 26 0
26 44 16 -38 0
9 10 26 16 42 18 -5 -10 0
2 14 26 30 54 0
8 -56 4 -59 -26 14 -43 -48 52 -41 -52 0
-4 1
-4 2
-4 3
53 -43 -60 0
7 19 41 48 54 0
46 -44 49 -34 36 -30 1 -21 12 18 18 0
60 -25 50 -42 -56 56 -37 0
59 27 40 0
17 40 10 -22 31 42 53 60 0
9 14 25 44 50 0
27 -22 -35 39 44 11 14 16 39 60 0
40 -26 -22 9 -29 10 12 32 38 52 0
21 34 40 41 46 11 -44 -40 0
11 12 25 32 43 0
15 -17 1 11 0
39 -53 -45 27 0
7 18 20 39 43 1 12 29 38 45 0
13 28 38 49 27 -16 -5 32 -35 -57 0
12 53 13 -38 54 -43 5 -59 -57 0
56 -3 -4 59 -1 34 57 0
20 23 24 43 45 1 -34 -19 4 30 2 -2 0
14 -46 -45 37 -42 -8 1 9 16 24 34 20 -36 -1 0
10 -53 9 -34 -21 0
-55 2
-51 3
