37 55 0
14 -20 38 38 41 22 -14 -5 33 -2 -32 0
20 -49 37 -43 4 -19 -49 4 0
14 53 20 26 31 45 27 29 47 56 -4 -19 5 25 25 41 0
11 -20 14 -47 -15 33 35 45 60 22 39 58 0
3 -11 -5 11 -30 0
51 -47 -60 13 21 52 20 -9 0
49 -8 43 -57 35 -37 -45 0
9 -56 -57 49 -54 -35 30 48 50 51 0
20 -32 41 -60 -51 0
24 -42 0
10 33 53 58 2 20 31 41 35 44 0
40 -18 -54 0
23 30 52 58 47 -30 -21 0
17 18 34 45 47 14 -48 0
26 -13 0
14 0
34 -21 -18 1 7 9 24 44 45 55 0
49 -23 -49 40 -4 -35 6 9 47 29 -14 16 -37 0
12 -16 13 -2 -22 12 17 35 38 42 0
24 36 41 10 3 11 33 60 40 -14 0
16 -34 -21 8 23 51 9 -15 0
-31 1
-31 2
-31 3
59 -50 9 -22 -39 19 -40 -25 53 -20 0
1 8 20 56 58 19 -9 -39 36 -10 4 10 19 36 37 0
25 37 16 17 9 -56 51 -5 -13 0
7 -1 -28 13 24 -51 0
48 -19 -2 27 39 47 50 58 4 -45 60 -38 -9 0
3 16 53 0
58 -37 -23 17 46 56 0
14 -12 4 -7 20 26 31 42 46 8 12 54 58 1 -52 0
38 -22 -2 16 36 39 18 -54 1 9 10 11 0
13 -49 45 -36 -16 29 -44 14 19 22 26 41 34 -52 -5 0
1 50 -26 18 -14 -18 0
0
42 0
27 -20 54 -2 29 44 55 50 -10 22 27 37 0
28 31 34 56 3 18 27 29 60 14 39 0
34 -23 -9 25 -9 51 -41 -27 0
37 -29 38 28 -29 -8 0
7 28 15 50 -26 30 -32 0
52 -36 5 32 38 44 5 -21 -37 24 -12 0
5 3 -37 0
-51 2
-47 3
