55 -28 -36 51 -9 -14 1 40 16 -37 0
34 48 42 42 0
52 33 16 54 4 12 21 26 47 53 -56 -52 0
3 45 45 50 42 -47 -3 41 -30 -6 32 -28 -18 42 0
51 -55 7 21 21 23 -49 32 -55 -38 31 -15 -53 0
41 -49 4 26 43 26 41 53 56 0
2 -38 -26 3 -9 -57 5 12 19 4 -57 0
41 -52 -30 40 -44 0
39 -29 -32 0
46 -30 -3 53 -51 33 -28 58 -39 0
5 -21 45 5 -8 -50 0
11 14 20 26 27 15 -55 -10 17 -51 -19 27 0
47 -49 -27 4 -5 1 7 17 43 45 32 -36 24 -26 0
58 32 35 47 54 34 -49 -24 0
3 3 15 43 49 0
54 -15 -38 20 7 31 37 52 55 0
55 -28 -16 8 9 24 31 0
3 46 0
60 -28 -42 0
16 -24 27 39 54 11 22 42 10 17 42 55 0
22 -54 34 55 24 -9 0
16 -35 -27 23 -53 10 50 17 -50 0
-5 1
-5 2
-5 3
-66 3
15 26 2 -22 -4 0
47 57 0
58 25 -6 -36 0
55 -44 1 -45 0
2 -41 10 -55 -13 48 -1 -56 0
4 -37 13 -46 -45 26 -29 48 -55 0
29 -12 34 42 45 0
20 25 32 -56 -18 8 10 27 -16 -43 52 -9 -24 0
7 21 26 0
24 33 35 0
24 31 34 -39 -7 0
60 -40 -47 23 -8 15 -38 0
1 -31 -10 32 45 10 -12 -5 0
27 -44 32 -10 -1 33 -23 0
32 -3 0
56 -25 20 29 1 9 44 55 47 -22 -55 14 -59 0
32 58 38 -31 0
17 34 49 56 13 -5 -20 12 27 49 50 19 -28 -47 0
11 44 56 0
9 -28 -36 37 -40 -46 0
-5 2
-5 3
