10 13 59 60 7 0
3 53 58 60 0
16 -27 5 -54 -51 12 -1 -21 30 -44 -44 0
46 48 43 -23 -17 31 -51 59 -49 -22 0
9 -56 -28 34 -31 -38 54 -38 39 42 0
25 -26 -34 35 -46 -34 38 0
34 -55 -48 47 -59 0
45 -4 13 13 0
35 35 41 42 44 53 -6 3 -29 0
2 31 49 50 54 17 23 43 0
28 -27 -26 49 -45 -39 0
1 14 27 1 35 0
35 -36 -60 13 -13 -14 49 0
15 -5 -45 31 -36 -16 0
45 21 22 38 54 5 8 29 35 44 0
54 -34 19 53 59 60 43 -26 17 -60 0
3 -41 0
29 -26 15 25 0
45 -17 -32 38 -5 27 -19 -5 0
0
9 -15 -11 6 7 53 57 16 25 50 54 0
31 45 1 3 3 22 57 32 -25 -19 0
-3 1
-3 2
-3 3
0
59 40 2 -7 0
26 50 25 25 37 0
4 -56 -50 22 -31 -37 0
50 -8 39 -20 -23 31 -6 56 -54 -21 13 32 45 0
5 24 41 45 6 23 32 42 45 11 -13 -19 0
9 -38 -56 51 -16 0
26 -51 -41 20 20 28 34 16 0
25 -29 -8 0
40 -15 0
54 -36 -12 43 -26 43 -58 13 24 46 50 31 -5 -27 0
34 -7 9 23 48 57 -23 45 -54 0
33 -42 -51 34 -22 -1 31 -51 -23 18 19 39 50 55 -31 -51 0
5 21 34 36 41 22 -56 32 0
2 14 39 43 49 28 -51 -60 4 14 49 7 -55 -40 0
6 7 14 37 56 0
10 28 59 28 -39 -36 42 -34 -55 0
8 16 17 41 32 -38 0
19 -49 -44 0
46 -43 -50 16 -49 59 -18 0
-48 2
-47 3
