0
47 -42 54 -7 0
29 -34 8 -34 44 35 -50 -12 0
36 -45 -48 42 -3 9 17 30 60 0
4 -57 -14 12 -55 0
27 -48 54 -1 -22 0
32 34 7 18 18 5 -53 41 -34 0
35 -28 -42 47 -18 0
53 -43 -7 30 32 37 17 27 33 -21 -57 11 42 46 0
0
6 7 10 58 1 16 48 16 21 40 57 0
9 31 36 0
11 -53 -7 51 -14 -26 6 26 55 0
9 -30 -41 58 -22 0
22 31 43 55 0
18 -36 15 18 27 50 59 3 -32 -15 44 -48 -58 0
16 -35 5 18 53 57 -48 47 -52 -29 0
24 -55 0
28 -18 58 -10 14 -55 0
16 20 24 41 32 -22 -18 0
17 25 41 53 1 12 18 57 0
33 -26 -14 8 -29 -1 10 -17 -38 54 -53 0
-2 1
-2 2
-2 3
21 -51 5 12 17 15 34 41 42 43 3 -16 -28 0
13 -53 10 18 50 0
15 -36 -46 42 -2 0
40 -26 52 -59 -48 53 -3 -7 0
33 -5 4 5 7 18 10 31 39 10 -29 36 -18 -3 0
36 0
3 -1 -8 0
46 -47 -54 27 29 42 43 -16 34 36 43 50 52 0
24 -30 -28 14 14 35 42 59 47 -9 -5 0
6 -39 -21 22 0
52 -9 22 1 22 36 37 -23 0
54 -32 30 32 44 56 0
10 16 42 60 36 -46 -58 31 0
26 -49 -1 0
13 26 33 -18 4 -20 16 28 39 55 0
11 30 37 46 46 0
15 51 53 -11 6 17 50 0
6 11 33 42 20 28 30 42 1 35 47 -25 -18 0
20 -29 -56 43 -12 -41 4 13 20 22 22 12 23 55 36 41 47 0
7 12 13 29 56 55 -10 16 38 -33 -36 0
-2 2
-2 3
