53 -44 52 -16 -8 0
40 33 36 59 -34 -48 4 7 34 37 53 0
25 32 58 40 -54 0
45 -36 36 -27 9 14 15 28 60 -38 52 -59 0
9 -59 -21 0
57 -38 -11 59 0
51 -52 -38 35 -5 -31 25 39 0
5 37 41 51 -56 -32 6 28 37 43 55 -35 -25 27 -15 0
23 -54 -52 30 -23 -48 6 40 46 9 16 41 0
20 36 44 59 0
39 -40 10 -31 17 47 2 35 36 49 0
4 21 23 37 6 7 55 0
11 21 57 2 18 39 44 4 15 17 33 44 9 37 57 57 0
25 53 7 47 0
16 -47 54 -48 -44 0
16 59 28 39 0
10 -25 35 -48 -21 0
50 -54 5 50 4 14 18 24 58 21 26 49 51 60 31 0
31 -13 18 20 34 44 56 33 39 -56 -19 31 -36 0
28 -56 1 0
58 -12 -34 56 -57 -12 14 -31 0
1 2 4 21 30 33 -44 0
-2 1
-2 2
-2 3
56 -22 2 21 24 49 50 0
40 4 -19 -17 9 -16 -39 0
11 -12 42 -46 -34 2 7 17 40 50 0
18 -46 2 29 32 0
33 -43 -25 8 0
8 -40 -47 10 14 37 58 59 39 -18 -32 6 -54 -24 0
10 -45 -22 32 -22 10 0
10 -27 1 1 3 5 27 -24 -50 0
20 42 0
24 47 59 40 -6 40 33 -41 12 0
3 -60 -28 30 -55 -29 38 -30 0
58 -45 0
58 -42 14 25 26 34 12 -40 -34 23 41 49 54 0
58 -56 -20 0
10 -29 49 -22 0
48 -2 -6 27 32 38 41 53 36 -6 -49 17 27 -34 0
35 -16 0
40 0
8 23 40 42 52 60 -41 -46 6 25 25 38 48 0
3 -10 -54 58 -30 -3 21 -33 -33 9 10 20 55 36 37 47 59 0
-18 2
-18 3
