3 11 33 56 0
39 -49 -8 32 -31 22 -9 0
29 -38 19 28 12 34 36 45 0
15 -46 0
17 19 37 0
42 48 -56 57 -36 -6 15 -57 13 27 35 0
3 -33 1 -8 -53 25 47 58 0
35 -30 -7 4 11 33 58 59 0
32 59 -14 -46 33 14 37 3 8 16 21 0
16 23 25 27 28 60 -16 -16 33 -53 -17 0
59 -26 12 -41 -44 7 27 39 45 46 59 60 0
4 6 30 37 50 0
4 5 17 28 32 39 48 -25 0
14 37 55 57 9 -44 0
8 -11 -26 0
51 -43 -15 45 -52 -53 0
7 -12 -8 12 15 31 17 23 50 57 0
29 -33 -38 0
16 46 -19 -26 59 -5 -16 3 14 39 0
22 -39 32 -8 -23 17 25 32 1 -51 0
51 -26 12 35 7 8 39 16 -37 0
38 -29 -23 14 43 51 51 46 -11 -23 0
-2 1
-2 2
-2 3
-67 2
26 47 -55 -35 0
0
7 46 0
22 36 43 44 38 -21 3 16 18 24 26 59 2 -6 0
21 -33 -6 0
34 48 50 56 17 60 31 -31 -43 0
4 19 31 2 27 42 51 58 17 -32 -44 0
0
52 -45 0
53 -1 -7 53 -44 18 25 31 32 45 18 28 36 46 60 15 16 38 42 0
9 -35 -54 0
11 53 11 41 43 46 58 35 51 53 56 5 -56 -8 0
41 47 21 26 35 37 39 60 15 -47 -2 0
16 32 45 32 42 45 0
14 15 25 36 60 56 -12 9 -9 0
44 -19 55 -57 54 -14 20 42 54 26 -33 0
24 47 -3 11 21 27 35 38 0
34 -53 0
3 -5 -7 29 15 -15 0
14 20 28 28 0
-9 2
-9 3
