20 30 -45 -26 0
22 -56 50 -31 -16 55 0
36 -20 0
55 -31 -21 50 5 -40 37 37 58 0
39 -33 39 45 45 46 49 0
60 -49 -32 55 -35 -10 14 17 19 49 57 46 -4 50 -39 -20 0
4 38 39 57 58 22 -25 11 -6 26 39 -38 -48 0
0
2 2 8 23 27 49 0
11 24 0
0
31 -37 -54 0
54 -60 -46 5 -23 -11 0
38 -31 -40 0
55 -20 -29 52 20 24 49 0
41 -15 0
20 24 0
13 15 16 46 54 0
33 41 24 22 -44 -29 21 22 44 48 0
36 -2 -43 28 -58 0
8 19 19 32 42 33 -17 -34 3 6 19 38 0
10 -10 -42 39 -8 -24 10 10 23 44 60 8 47 59 -16 -15 0
-2 1
-2 2
-2 3
-67 3
18 26 31 45 -42 -7 26 -4 -6 54 0
0
57 -25 -25 50 -37 -36 12 -4 21 44 54 56 4 32 51 52 0
13 -39 -18 13 37 56 57 60 -45 0
8 -51 22 31 58 23 45 49 38 0
2 12 17 27 0
4 8 34 52 49 -28 -34 0
0
49 -44 3 -42 0
0
7 37 -28 -14 3 13 16 31 40 0
33 2 27 37 47 56 5 59 1 -7 0
47 -60 53 -58 22 -37 33 -36 52 -54 -6 0
36 0
16 22 38 52 27 52 59 0
15 -9 -9 24 36 0
30 33 22 19 57 -3 -6 24 -22 0
42 -1 16 41 45 55 -36 -17 0
24 -45 0
24 -46 -37 22 32 0
-8 2
-8 3
