7 15 20 47 48 54 -53 -21 51 0
9 31 34 43 -25 13 31 43 50 0
3 -9 -34 2 40 59 25 29 30 41 49 0
10 31 58 0
40 16 35 0
14 27 28 34 47 24 13 -23 -13 4 -40 -14 16 26 60 0
13 15 22 27 51 0
12 23 -3 34 -27 -29 35 -41 29 -20 0
36 -7 5 10 10 27 9 12 27 -48 -4 47 -2 -14 0
27 60 2 19 25 35 43 25 53 0
35 -32 -31 56 -49 -25 34 -29 53 -39 -34 0
21 24 56 3 -40 -34 16 -15 -50 0
54 -9 -46 11 -37 0
15 -51 -47 0
34 -28 31 42 48 50 10 -26 -54 31 34 36 56 8 16 39 57 57 0
14 7 -24 0
52 -5 -32 1 26 27 41 9 -59 -57 13 18 0
16 -21 -7 14 19 54 -14 27 -50 0
52 -41 -21 0
0
23 -44 -45 0
0
-5 1
-5 2
-5 3
39 -35 23 -17 0
0
33 -25 10 44 10 22 27 16 34 43 60 6 41 0
9 29 41 50 42 -41 0
10 13 15 24 3 -36 -26 54 -1 -29 26 36 38 49 47 -54 0
5 6 12 37 41 51 -55 0
4 5 34 11 -47 23 -20 51 -10 0
26 31 16 43 0
40 -42 0
4 35 40 47 50 5 -1 -27 28 55 0
30 -19 -37 24 40 57 31 37 38 59 1 4 12 37 15 24 25 53 0
0
5 -51 14 19 34 0
39 -1 36 53 0
30 2 36 48 48 -40 -55 57 22 -33 -10 0
5 39 -48 36 41 -7 -2 17 -24 0
44 -31 8 -3 0
49 -21 -13 29 31 50 0
1 -5 -58 0
18 27 41 42 57 4 8 31 47 59 0
-51 2
-47 3
