0
39 -9 -5 5 -38 -19 43 -22 25 0
27 57 16 18 21 0
18 32 58 7 9 25 46 60 0
24 -18 -33 39 -22 0
47 -13 23 26 45 55 58 60 -60 -17 0
37 -20 0
1 7 18 29 48 16 -9 -4 0
15 -14 -42 38 -58 0
36 -31 12 -2 -34 18 29 48 17 0
58 -60 58 -27 0
16 -11 -29 10 37 38 55 24 -40 -46 0
35 -5 29 42 44 34 38 34 -51 -30 0
30 34 38 42 48 0
3 -25 -15 3 43 13 59 -14 56 -16 0
28 -56 1 37 40 51 57 60 21 -35 0
21 -22 -7 6 11 27 33 -21 0
56 -54 2 -52 -27 48 -31 34 -28 0
46 -1 20 -16 0
60 28 36 51 5 30 54 56 9 53 0
3 -11 -49 49 -42 -37 0
31 -41 -13 0
-3 1
-3 2
-3 3
-67 3
48 -21 -11 58 -40 17 -22 0
50 -20 -41 48 -34 -41 7 0
45 -37 -30 7 -50 -50 12 -53 8 14 24 26 38 0
55 22 -49 21 -21 -31 0
1 6 12 15 24 13 16 27 43 47 0
23 39 48 51 60 45 52 55 6 28 46 55 0
12 -13 12 34 0
13 -37 3 20 40 1 -34 0
6 9 36 44 4 31 47 47 58 10 17 21 42 50 49 -29 -35 0
29 40 55 -16 -4 8 40 41 42 56 17 -10 -44 0
7 16 42 57 -51 14 -51 -12 34 58 -58 0
8 18 56 -37 -58 12 -41 42 44 24 0
7 3 6 6 16 57 -19 -47 0
17 -56 -47 0
26 -3 60 -45 -12 0
46 -19 -8 0
56 2 21 26 32 45 54 60 54 -1 0
21 -58 -9 42 53 57 0
53 -34 56 -36 -58 0
33 -48 0
-18 2
-18 3
