39 28 -47 -26 57 58 0
0
33 55 0
15 57 38 -56 1 -3 0
38 -38 6 -48 0
22 27 40 0
0
36 43 53 -58 -49 42 -60 -55 0
22 -13 -52 0
40 -47 -37 0
19 -12 28 -37 3 27 0
28 -18 0
7 8 11 20 25 2 20 37 47 54 27 -34 22 -35 -11 0
43 -20 -59 46 -47 -57 59 -25 -35 41 -12 -30 0
59 -15 -20 0
8 39 16 -38 0
18 -9 -28 15 16 41 50 9 -17 -6 36 -16 0
19 -2 -10 55 -6 0
24 48 0
49 2 24 37 45 9 59 40 -8 0
2 -59 -55 44 -36 0
53 -53 0
-4 1
-4 2
-4 3
1 -57 19 24 33 60 37 -29 -56 0
7 -57 -34 0
27 -27 -9 0
8 -51 32 -36 -52 57 -37 0
5 15 49 29 0
49 -17 50 -47 -17 0
0
45 -52 -16 2 18 28 55 2 41 37 -7 -59 58 -37 -20 0
46 -35 -45 12 26 51 58 24 -15 -19 0
1 4 6 18 38 52 -28 -10 18 55 18 -47 0
15 26 16 -15 -50 0
4 8 11 39 42 9 48 9 34 45 50 0
0
21 -51 -5 44 -10 -36 0
18 -44 54 -46 54 -55 -23 6 -3 -13 0
10 41 41 47 49 41 -23 -14 28 29 29 -20 -54 0
4 11 57 5 -16 -39 0
7 42 43 7 56 7 -9 -35 0
47 -17 -55 0
41 -10 51 -39 -18 16 20 41 0
-13 2
-13 3
