48 -12 22 -36 33 -20 21 10 30 0
2 -39 3 8 9 11 52 2 17 20 52 59 57 -15 35 -17 -48 0
4 21 46 6 7 11 29 45 29 -7 59 -11 -59 0
6 -59 -35 53 -40 -32 0
33 -17 -38 8 36 43 48 -48 0
27 35 6 9 23 41 0
27 16 17 36 51 6 22 36 47 0
44 -50 -7 10 -25 11 -32 26 -27 4 -46 0
7 -56 -20 15 -4 52 -18 34 60 60 18 -57 0
21 26 45 0
56 -45 -19 56 37 41 42 44 48 0
46 0
32 -27 0
9 -24 46 -9 -33 20 51 0
17 -2 47 -42 -43 33 36 42 54 60 17 28 37 41 42 11 15 26 34 0
12 45 10 -45 -31 0
7 16 22 43 0
28 -6 20 54 11 -51 -41 0
19 24 38 25 -35 31 33 54 0
19 36 46 47 23 -41 -18 3 -34 29 -12 -1 22 -34 -20 0
44 -7 33 -60 -25 0
56 16 -60 0
-2 1
-2 2
-2 3
58 -3 0
57 -44 21 -50 -16 1 49 22 -1 0
31 -26 -55 3 9 17 26 57 -34 -10 22 7 34 0
45 -34 -53 8 -51 -7 4 -44 0
45 -16 11 29 32 -19 54 -6 0
4 25 37 46 17 -11 -18 53 -8 0
11 -44 -26 1 8 44 -47 -35 0
35 -42 3 7 48 53 57 0
55 -35 0
3 39 39 51 11 13 33 9 14 32 47 33 -6 11 11 45 53 60 0
22 -33 -47 38 0
35 -35 29 -8 -18 6 21 33 0
4 16 57 0
5 -32 -40 0
32 -47 2 10 19 25 32 46 0
0
4 13 53 58 0
9 15 43 55 12 45 52 0
22 41 57 0
7 -44 26 -49 0
-50 2
-51 3
