2 -22 -30 60 -33 0
37 -12 -49 14 20 25 30 31 57 0
1 2 5 48 56 19 26 32 -5 36 53 16 -28 -31 0
44 -35 2 17 23 50 56 3 13 17 41 43 0
14 0
11 -14 52 58 58 20 23 31 41 55 6 -7 11 -58 -31 0
3 -38 1 3 24 0
24 -12 -9 0
0
22 32 55 56 48 -20 2 13 12 48 48 26 -60 0
59 -43 34 -32 -20 52 -32 14 -40 -34 11 41 52 0
3 -7 -49 23 -31 47 -30 -34 17 0
10 22 -11 8 23 37 53 59 0
43 -34 0
3 34 39 20 -34 45 47 50 57 0
3 -43 0
20 33 7 42 55 58 -56 -44 16 26 43 49 56 0
46 -27 0
26 -11 56 -6 51 -13 0
49 -55 5 -43 11 20 40 47 0
44 -40 -44 28 -56 11 47 0
56 38 -17 2 10 37 55 0
-3 1
-3 2
-3 3
-67 2
42 -53 28 -29 4 -5 -18 0
31 -38 48 -33 13 -37 6 24 52 -15 0
38 -19 -58 7 25 29 59 0
21 22 25 30 52 56 -22 -50 54 -12 -57 2 2 14 22 25 0
27 -32 6 18 30 49 57 19 43 0
3 -6 -30 5 29 40 42 50 7 23 58 31 43 52 55 57 0
8 -1 -1 13 -29 35 -52 0
11 11 59 0
11 -51 15 -32 46 -45 -53 1 56 0
42 -22 -53 21 -33 -22 25 31 53 57 59 13 0
20 -43 -18 15 -57 -58 48 32 -38 0
33 0
12 14 38 17 -46 43 -45 -37 45 -26 -14 0
3 8 16 29 43 5 -46 28 -34 3 -38 -51 0
1 1 39 4 -47 52 54 59 59 0
10 -47 33 39 55 0
5 38 47 53 50 -47 -25 0
21 -31 8 12 22 27 0
47 -21 18 -24 -26 19 -5 0
1 3 27 5 42 -41 0
-49 2
-48 3
