1 20 22 27 58 0
25 50 0
56 -55 0
2 15 33 35 50 35 35 2 41 52 0
4 16 17 37 39 0
7 33 50 0
59 -12 -8 0
38 -16 -22 18 44 0
11 12 27 31 39 0
46 -37 3 38 6 -6 -52 12 1 10 15 38 39 0
45 21 -49 -3 28 34 39 47 53 59 -28 35 -9 -57 0
11 28 44 58 29 0
52 -21 -31 25 -29 9 12 37 27 28 0
14 15 21 32 57 20 21 37 44 53 18 -7 0
24 -37 0
14 16 22 43 45 13 -48 0
46 -20 -22 14 58 57 -45 -29 43 -44 -1 49 -18 -17 0
19 21 34 39 55 2 3 18 37 17 -3 1 -17 -10 0
11 27 34 48 -55 36 -11 33 -58 0
43 -42 18 27 54 0
10 -49 30 32 38 38 22 -16 -23 5 44 -12 -1 0
15 31 55 9 13 20 6 14 30 33 13 31 37 47 52 0
-7 1
-7 2
-7 3
2 -35 -25 0
2 26 29 34 45 21 0
10 -11 14 28 28 41 44 0
4 4 25 46 50 18 -11 59 -17 9 25 29 35 40 0
1 33 52 57 11 -46 -18 0
34 51 29 -50 -50 54 -54 -18 36 29 45 0
38 0
1 14 6 15 21 45 55 15 27 28 41 46 0
44 52 56 0
3 -57 -26 26 -58 0
53 -34 21 -41 53 -26 -10 0
38 -58 26 41 55 56 60 17 -43 0
3 -24 10 51 11 31 5 11 49 0
49 -27 -56 3 30 48 54 58 31 -57 44 -3 4 28 46 53 56 0
8 -55 -37 6 21 37 44 40 16 0
55 44 -23 34 -30 -19 25 -39 0
19 -49 -24 28 -53 31 -14 -20 0
0
22 23 27 30 33 3 3 23 57 21 -59 -37 7 17 19 0
19 56 -48 44 47 25 42 -11 -1 0
-50 2
-51 3
