16 17 36 56 16 43 57 -50 0
19 56 60 10 33 42 49 58 21 -45 -9 40 -8 0
14 43 44 -39 2 5 54 53 -11 -17 0
47 -29 -54 6 -20 36 -32 -54 1 16 29 12 28 50 0
59 -1 0
5 45 46 48 -28 -38 19 41 0
39 -23 36 55 15 59 14 27 29 45 58 0
36 -21 -25 2 -15 -31 0
36 -43 -8 32 -9 -25 2 32 41 0
13 33 41 41 52 23 0
13 -9 25 -8 -27 60 45 -20 -8 0
34 -53 -3 28 -44 25 45 0
16 -50 28 -7 -39 4 -23 43 42 -47 0
27 35 17 20 23 30 58 0
47 -18 -15 21 -7 0
3 -7 5 13 18 39 41 32 60 0
2 39 0
19 -55 -20 0
9 -23 -9 46 -38 -50 0
25 -11 -7 1 3 31 44 46 42 -44 1 30 0
1 -29 26 -19 -38 0
15 31 6 10 15 0
-6 1
-6 2
-6 3
31 2 -49 0
3 54 -3 24 36 40 49 35 -22 -10 0
13 59 7 18 14 -29 11 33 40 45 45 9 33 50 0
0
25 -8 12 16 24 47 56 6 -55 -35 11 -39 0
15 -16 20 -30 -10 30 -31 -59 16 17 24 59 0
18 55 0
25 59 57 -18 8 17 35 58 0
8 27 48 53 54 0
16 51 60 -21 26 43 43 50 54 0
27 0
10 9 15 30 34 53 54 -47 -11 29 -35 0
19 -56 -54 9 -11 -35 0
45 -38 6 15 33 60 2 21 31 33 12 21 50 60 1 10 28 40 51 0
14 -46 0
16 34 -51 0
0
22 -18 39 -59 -25 0
38 -29 -9 29 -56 -53 48 49 0
54 -22 56 40 -50 -60 0
-36 2
-36 3
