12 -5 -56 30 54 50 -38 -52 0
51 -8 6 -35 -22 0
9 56 0
21 -14 12 -20 0
6 21 41 47 30 -35 -30 0
22 27 11 56 60 29 33 0
59 -47 0
42 -59 -29 12 15 18 27 52 0
3 16 37 23 37 52 54 59 0
35 -48 0
22 -56 -54 42 -48 -54 21 31 60 60 0
14 34 47 51 40 -44 54 -3 -20 0
35 -44 13 0
42 45 51 56 51 0
35 -17 -57 0
33 -11 -59 43 -23 0
57 -41 -24 11 42 56 3 18 -34 0
14 -14 12 -4 -33 60 -18 -56 3 17 41 0
60 -51 38 -35 0
30 -30 10 10 40 42 17 23 24 50 55 0
17 -33 0
51 9 13 -17 0
-2 1
-2 2
-2 3
20 -12 -11 14 -34 -8 39 43 44 53 0
21 -25 -37 5 21 0
7 -52 -17 10 -34 -52 44 -46 -30 0
5 -57 60 0
38 28 -9 -57 37 -27 15 -27 11 40 0
5 11 52 35 -57 -42 0
4 13 14 47 5 46 0
2 28 33 57 0
11 -40 0
10 -55 -49 10 31 31 39 56 39 -49 17 37 57 32 -4 -41 0
27 32 1 -8 -23 22 51 57 47 -46 -26 20 -24 -36 0
30 49 56 56 -43 22 31 41 52 0
49 58 30 -37 0
2 10 11 -53 -31 13 -43 -31 0
15 19 32 32 52 0
25 -3 10 -57 0
25 -21 -43 40 -41 -22 0
2 13 57 2 15 19 28 0
13 -36 -8 37 -51 -53 0
24 30 38 40 12 -24 -46 13 -18 -24 9 22 23 26 6 48 53 0
-7 2
-7 3
