21 -21 36 0
5 -53 49 -30 0
2 -39 24 34 39 8 39 58 0
0
15 -56 -13 35 -3 -49 0
22 27 30 56 53 -38 -41 5 6 11 58 5 6 23 40 52 0
12 -5 49 0
31 -13 -3 2 7 29 58 6 -57 0
19 -59 0
36 -47 43 -47 -28 30 -27 -58 0
54 -12 10 11 40 54 59 17 25 27 33 47 0
7 -32 0
44 -6 -22 46 -2 20 -36 -37 29 32 0
9 21 23 45 -47 50 -42 28 -14 -21 0
46 -53 10 -42 -40 16 52 10 -55 -51 0
41 -11 -55 20 36 47 53 57 7 23 48 0
31 -22 34 60 0
21 33 43 46 46 39 -38 0
25 -49 34 -40 53 -32 0
56 -2 -46 0
20 21 58 25 53 54 47 -42 -36 0
46 -11 0
-2 1
-2 2
-2 3
-67 2
49 -42 -50 0
6 8 9 20 38 25 -54 -32 58 -11 -6 0
16 45 50 25 -27 -7 26 35 43 0
31 -45 16 26 28 59 12 20 37 44 55 0
48 -15 22 55 37 58 -27 -8 10 27 0
8 -37 57 -54 -31 0
0
6 13 21 49 56 13 27 27 0
6 32 50 43 -35 -7 0
13 -51 -9 0
42 49 53 -10 50 -4 0
7 12 24 30 18 -42 -4 24 -49 -34 0
15 -22 -8 45 56 57 57 0
5 22 32 39 -41 -14 5 51 -35 -44 0
7 14 45 0
1 13 18 38 40 48 -21 -3 11 -19 -56 23 33 44 46 43 -56 -18 0
60 -60 -48 9 38 59 60 1 16 26 60 -6 26 -18 0
59 -50 0
22 50 55 58 21 -55 -57 20 -21 -56 2 7 14 45 0
43 51 51 6 16 21 53 54 0
-2 2
-2 3
