49 58 28 32 50 57 5 0
10 -48 43 56 0
0
11 11 14 17 21 0
0
24 28 34 50 50 -38 -56 7 32 40 55 56 14 19 38 44 48 0
2 47 0
7 5 6 19 52 58 0
20 23 20 0
18 21 24 35 60 2 2 0
9 13 0
28 -49 20 0
3 11 41 12 23 36 -44 0
1 4 11 30 32 57 -43 -26 13 -44 0
47 -47 -57 54 -22 0
31 -41 -23 0
26 -52 2 18 60 0
30 -36 21 -12 -44 17 38 5 9 9 23 45 0
60 -33 -58 2 30 38 39 0
1 6 15 30 38 49 0
47 -39 -11 26 -54 -4 2 0
30 31 48 30 -40 -4 13 -43 0
-7 1
-7 2
-7 3
3 7 46 57 43 35 -22 -50 9 26 26 33 27 30 48 58 60 0
46 -25 -9 52 -43 -39 41 -46 -18 7 29 40 0
13 32 44 45 46 48 -28 0
38 -44 24 44 54 0
15 30 50 51 60 19 11 -15 -16 48 -15 -28 0
26 36 43 59 53 5 6 24 40 56 4 13 21 42 48 0
1 5 11 45 50 14 -45 -38 13 49 3 36 47 59 0
33 -45 -20 12 21 55 0
9 -38 19 28 46 40 -46 -1 14 20 30 37 41 41 46 0
34 -12 -7 15 21 56 0
7 -38 -3 4 21 0
31 -56 54 0
51 -44 8 -30 -3 5 6 20 30 32 32 48 31 -22 0
49 -41 3 -30 -29 0
7 10 35 38 5 8 -33 -56 0
39 -20 -38 30 -17 -36 28 35 42 57 44 -19 16 -11 -42 0
25 27 31 49 36 -10 -19 2 28 30 6 43 0
37 -60 -46 33 -38 10 44 50 51 54 11 -52 0
14 28 32 0
32 18 -60 -5 4 -51 -60 3 9 48 43 -53 -18 0
-21 2
-21 3
