0
2 -22 -59 6 43 7 25 36 58 0
16 -40 0
37 48 14 -31 -27 17 -41 39 55 60 0
11 -34 -12 38 -16 -47 7 37 43 0
34 50 43 50 6 11 48 0
51 -16 60 -37 -13 0
31 -42 30 48 52 55 58 27 30 38 47 52 0
6 11 16 52 55 30 -7 49 -12 31 59 0
28 -26 -33 1 -30 -6 0
54 -5 -36 12 25 29 48 8 13 40 51 52 14 15 39 0
26 -35 -19 3 -37 -2 27 -41 -22 5 10 48 52 52 0
8 -30 19 -10 -10 1 15 20 0
42 -51 -57 12 14 27 37 0
48 -35 -21 4 -14 17 20 31 38 49 0
17 56 -47 30 -52 -58 21 41 0
41 56 57 28 10 -2 -40 15 16 38 43 46 0
7 25 46 52 20 -20 -10 0
18 20 53 48 -57 38 -32 12 -31 14 18 22 42 0
2 28 56 58 14 28 36 45 58 44 58 31 44 54 17 -42 -12 0
56 -31 -25 10 18 21 24 3 14 18 59 0
57 -55 -58 0
-8 1
-8 2
-8 3
20 45 59 0
4 -28 -5 58 -57 0
21 26 -14 -37 6 23 38 41 41 11 17 25 60 7 -33 -34 0
49 6 0
47 -58 -48 4 52 53 54 57 19 -54 -30 17 39 0
21 -57 50 -47 2 -55 -10 52 -60 -5 16 0
14 37 54 55 -57 6 -45 -20 0
5 -37 0
25 -25 -31 0
38 -17 -7 46 -37 0
38 39 60 23 -1 0
14 -26 0
13 18 41 58 60 7 23 37 49 56 0
50 -29 -58 5 22 26 41 47 17 -1 -53 28 0
26 27 50 0
59 47 -54 25 -35 0
29 33 39 40 -38 0
2 58 5 -57 -5 0
25 49 50 55 58 56 -22 -32 23 -53 -58 49 29 38 58 0
58 30 0
-8 2
-8 3
