0
58 0
27 -2 -56 3 -16 -1 1 -27 -56 21 42 0
9 -11 4 -2 53 -16 -57 0
10 55 -53 -21 25 33 58 0
12 -8 25 -56 24 -16 0
26 -3 -40 0
14 33 50 51 20 -1 37 -3 53 -6 -11 0
3 -21 53 -18 -47 23 -17 22 31 34 0
19 21 24 43 53 19 40 49 7 8 28 33 3 7 54 0
31 -57 -19 3 -17 -55 11 -2 -52 33 41 45 0
50 -60 0
54 -33 -14 0
9 -45 57 0
17 18 44 0
25 -35 3 11 46 51 -16 -12 0
22 51 58 59 16 -31 -56 19 -26 -60 0
46 -45 0
18 23 40 46 35 -42 23 -40 22 29 59 0
4 -14 -37 0
5 41 20 48 16 -44 -7 0
45 46 5 -47 -58 54 -15 -23 0
-2 1
-2 2
-2 3
34 -15 -6 25 -8 -7 22 23 30 37 0
1 29 47 0
20 -23 19 1 -54 -56 0
22 40 49 11 14 31 32 34 -45 28 -46 -53 0
3 -23 -44 2 16 35 59 1 0
0
4 21 21 22 53 21 -50 55 24 29 37 42 52 0
51 -59 48 -52 60 -14 6 0
54 -56 -20 2 -22 -48 48 -9 39 -25 0
55 -17 -29 49 -4 37 38 53 0
13 30 37 45 0
40 56 59 0
2 17 25 60 0
60 -32 55 -32 11 -20 -4 8 8 19 50 0
22 -27 19 -52 -7 8 -23 -9 0
28 52 57 32 -14 -6 0
8 20 24 34 52 51 52 54 5 37 38 42 42 0
7 -54 -60 20 -6 0
30 -12 0
50 -4 -58 30 38 10 23 28 57 -53 -37 0
-50 2
-54 3
