44 -47 22 -27 -21 48 59 0
52 3 9 13 38 58 0
13 -40 36 42 48 60 0
44 -16 -37 25 39 59 19 -26 -14 0
25 -53 0
14 35 39 3 10 15 36 53 60 0
4 31 39 53 1 -16 -24 2 -51 0
39 -9 -2 24 -4 -7 58 -34 42 -37 0
5 33 50 48 57 13 -21 -6 35 -28 0
21 -52 -14 7 -38 43 -27 0
17 23 0
15 31 46 29 -1 0
7 24 58 56 -17 58 -43 -55 29 0
53 -5 -18 20 -25 0
31 32 37 55 55 15 -33 -6 11 43 51 57 0
50 -11 -3 53 -44 -50 0
33 -26 -55 19 -11 33 -46 0
1 -41 -28 29 -10 34 48 52 2 -55 0
38 -23 -23 39 -22 -9 45 55 -30 1 34 38 38 0
0
10 -59 35 -27 23 -2 2 28 28 -4 -44 0
8 30 -44 59 -22 -21 0
-5 1
-5 2
-5 3
-69 2
19 -11 -40 4 5 26 35 41 4 -21 56 -17 0
10 -24 0
42 -51 -11 10 12 21 35 0
34 -15 -1 4 -27 -39 0
1 -9 4 16 8 -39 -55 55 -50 -7 0
2 32 43 0
10 -2 47 -40 56 -16 -3 8 19 57 59 0
8 17 27 60 0
28 -54 -36 58 -24 0
56 18 46 50 55 0
57 -21 -9 0
33 -30 23 -13 45 -20 0
12 15 29 49 33 0
14 -9 54 -31 -50 7 11 15 31 31 0
1 8 32 42 48 8 10 23 29 21 31 42 48 54 7 0
37 -12 -10 7 36 48 50 0
7 18 24 42 1 -18 55 -60 -53 30 45 19 37 45 47 0
22 38 42 54 -1 59 -39 -25 1 -22 0
0
46 2 -31 23 -3 -32 0
-5 2
-5 3
