19 -31 -11 0
45 -43 -47 2 12 16 0
46 -15 13 23 20 36 58 0
34 -44 8 -9 -43 42 -10 9 14 44 12 -35 0
5 45 55 57 60 25 -7 22 23 30 52 0
22 30 38 24 -32 3 -59 -53 0
16 -52 53 -31 0
11 -2 -58 36 -13 10 36 42 54 0
36 -56 -47 7 10 55 0
0
29 51 13 46 47 39 -3 0
41 -17 -2 34 -38 9 22 54 12 -40 12 33 0
58 -56 -24 0
15 -52 -10 0
21 34 0
58 -60 -47 43 -56 28 42 43 0
29 -37 -1 0
25 -18 6 18 30 56 0
30 -46 2 42 54 4 33 46 52 0
8 -34 -26 8 25 25 16 -52 0
58 -34 -11 37 1 5 24 52 59 0
28 47 47 55 58 31 -18 45 -51 -28 35 0
-39 1
-39 2
-39 3
-68 3
-68 2
6 9 14 0
36 -23 0
8 37 47 47 32 -7 9 14 18 35 0
4 -35 0
0
18 23 50 14 40 51 53 40 0
41 -60 -36 54 -56 0
6 -55 -53 1 21 28 0
9 -38 -3 0
0
11 7 42 43 45 49 50 -21 0
12 37 45 51 60 17 22 44 0
21 -38 -25 4 -27 25 -23 -56 9 30 54 32 -28 -41 0
38 -47 0
21 53 -21 16 34 52 0
52 -14 -49 10 20 42 56 58 36 -59 0
54 -22 24 28 30 43 0
39 -59 -15 56 -22 47 10 24 42 -50 0
0
13 28 30 30 48 -38 6 22 33 41 57 14 33 50 0
-49 2
-49 3
