28 -19 -13 46 59 0
22 -9 33 19 -39 42 47 0
4 9 32 44 44 5 7 22 59 29 -57 31 -56 -8 0
8 28 39 55 0
11 -10 0
10 12 18 36 0
0
29 -53 10 16 29 52 -23 22 27 31 53 19 44 0
19 -32 -17 0
7 24 0
19 -51 36 -4 9 -46 -25 4 35 58 0
18 56 0
31 -27 46 -19 -40 48 -58 11 54 55 7 23 33 39 50 0
44 -24 1 -10 5 -53 0
60 -12 -48 8 -9 -28 0
8 -32 4 11 55 51 -23 -30 3 -46 0
10 28 52 23 -47 20 -7 16 -22 0
16 20 29 31 43 27 31 60 60 14 24 28 36 10 -32 -35 0
4 5 19 22 39 4 15 21 19 -42 -12 19 -9 -17 56 -60 0
25 60 38 -21 1 -33 -38 4 13 19 0
24 49 58 18 30 41 53 36 -3 -19 1 15 45 0
20 25 49 60 -40 13 -4 9 15 44 56 60 46 -35 0
-2 1
-2 2
-2 3
-69 3
43 -43 -60 9 -25 59 -8 0
7 33 60 30 -18 8 13 17 24 33 39 -48 34 36 45 48 0
3 -9 -31 26 -26 -20 26 41 5 0
32 1 -12 -2 0
59 -6 -22 2 0
31 -39 -45 0
42 -31 46 -48 -52 46 0
13 -44 -10 25 26 30 0
35 42 0
9 47 52 54 -3 -11 21 -21 -39 53 -8 0
16 -24 7 -21 -44 0
54 -18 20 -30 33 41 41 59 0
11 18 39 41 46 -40 -44 14 19 20 22 -1 -16 25 -52 -48 0
6 29 34 45 11 34 45 47 54 48 -3 39 -41 0
6 14 31 51 23 -14 -52 0
45 -46 -24 8 9 17 48 50 53 -36 -10 0
16 28 34 18 53 0
11 -53 0
5 40 48 14 -41 -20 29 31 36 44 0
43 -56 0
-48 2
-55 3
