52 -33 -42 0
1 20 28 35 52 25 -55 0
45 -33 -7 0
1 2 19 37 56 8 23 32 57 26 30 60 1 4 0
39 -37 57 -21 0
13 -15 25 -38 0
19 37 50 16 25 27 52 17 -56 -11 55 -16 -5 18 47 49 0
17 -48 -27 29 51 58 0
16 22 3 10 33 45 48 59 0
8 22 39 60 11 37 0
25 48 0
9 -56 20 25 43 49 60 7 17 21 39 42 0
43 -18 0
37 -27 -12 7 -3 2 5 49 50 48 -47 39 -29 0
57 -16 36 -59 -35 0
4 -50 14 -15 -7 0
37 41 22 37 47 60 60 0
58 -49 -14 21 -31 -27 19 31 37 51 38 -33 -6 15 0
36 -7 12 19 32 48 58 16 -17 -46 60 -17 -32 23 0
30 -30 0
0
10 33 41 50 2 12 50 59 0
-5 1
-5 2
-5 3
54 -44 14 0
33 41 0
55 -54 -7 6 -9 9 34 0
26 -27 6 15 19 35 53 17 -26 -9 12 -3 -58 0
24 31 38 0
2 8 45 46 57 20 25 39 53 0
12 -58 48 -25 -25 12 -49 33 -42 -8 0
27 53 59 45 5 -41 60 -59 -37 31 -47 0
20 43 47 53 0
5 -1 2 5 19 20 12 43 43 53 0
10 16 23 37 37 34 -41 0
18 -34 47 -47 0
36 2 7 12 31 54 60 -9 -21 34 -20 52 -53 0
59 -12 -37 0
30 -30 -25 60 -13 -40 51 -27 0
8 -52 17 49 54 0
8 37 0
35 -36 -12 2 5 23 0
21 -46 53 -59 -44 0
8 15 19 20 58 52 -5 -28 6 19 57 60 0
-52 2
-47 3
