14 17 -20 -53 11 -52 0
0
11 -42 16 24 53 0
45 -4 11 0
39 -5 15 -32 0
2 14 47 -60 60 -53 18 0
29 -55 -38 41 -58 -27 0
25 53 36 -45 6 17 43 60 0
14 -18 -24 20 -55 -7 35 -59 -5 2 -50 0
16 -25 -15 33 37 40 53 0
13 33 45 0
22 22 26 38 44 16 28 6 20 37 45 35 35 55 34 -22 0
6 12 25 54 -21 25 42 0
0
58 -26 -23 3 8 11 16 43 -29 11 40 0
20 54 58 34 37 43 48 54 0
5 33 51 -55 -51 55 -27 -24 9 48 0
37 -14 4 0
37 42 34 -17 -58 0
59 -40 -30 0
17 19 46 60 18 -40 -31 33 -32 -29 0
30 -10 -28 0
-2 1
-2 2
-2 3
-69 2
58 -2 -2 0
16 49 57 60 2 4 10 14 40 55 -3 53 -4 3 5 34 37 0
9 0
29 -19 -46 7 14 19 22 54 29 -14 32 -19 -31 0
43 -2 0
6 7 59 9 -11 13 35 39 49 56 44 -12 -54 0
27 28 38 45 55 0
1 19 33 56 1 57 20 -24 30 -20 -54 0
54 -11 57 -14 0
45 -31 -27 16 20 30 42 43 7 30 37 37 46 8 -39 -20 8 -30 0
54 0
18 18 33 50 51 0
27 -57 -25 59 -29 19 51 53 13 -46 -17 0
31 -1 56 56 43 -32 -16 50 -30 -11 28 30 39 50 57 0
13 41 49 56 59 0
2 21 21 34 10 20 -53 -57 28 -54 -5 0
11 18 20 47 18 30 19 -24 -14 0
26 30 53 21 -44 -6 0
31 -6 0
47 -43 60 -47 47 -51 0
-22 2
-22 3
