0
15 7 -5 -41 4 7 0
1 38 52 15 -48 27 34 36 1 54 0
28 41 -47 -44 25 -16 0
40 46 54 55 57 11 20 20 27 37 7 49 -14 -27 26 0
3 -37 -23 52 -9 -16 0
51 -42 -6 24 1 53 0
51 -46 0
57 -60 0
3 5 23 2 9 28 32 49 9 -20 -19 11 35 42 0
32 -47 0
16 25 37 37 -25 -12 19 -11 0
4 -8 5 -48 -28 0
22 -11 -19 0
60 -22 9 23 30 44 48 1 -51 -42 40 0
59 6 -16 60 -28 0
5 29 40 29 -4 -8 6 36 49 15 -33 -58 23 51 0
43 -16 19 57 25 12 27 43 48 17 -57 0
14 21 0
16 39 23 24 45 45 35 -18 -33 0
12 -42 -28 1 0
44 -37 21 -32 0
-7 1
-7 2
-7 3
55 -16 13 -54 -19 0
12 -55 -54 60 -15 0
33 36 44 47 56 0
0
45 -9 -13 14 30 42 -10 -51 28 0
0
11 -41 -17 46 -39 -1 0
6 2 55 59 0
12 -29 11 -27 5 -45 33 0
4 22 40 53 9 19 0
7 11 41 57 1 -21 0
5 5 59 14 -54 -29 34 50 0
15 26 30 47 59 54 0
2 24 40 44 49 13 28 30 30 39 51 -14 28 56 57 9 -40 0
36 -42 -1 5 14 55 59 60 23 50 58 59 0
17 -54 -47 41 -56 0
55 -2 17 39 53 60 0
3 -55 12 18 38 46 55 35 -4 -60 0
29 -20 -16 14 41 41 49 52 -47 53 -42 -47 0
57 -17 0
-7 2
-7 3
