4 41 54 58 26 34 13 29 33 38 54 0
5 -37 -2 34 -4 11 -17 52 58 0
20 46 -11 -36 13 0
46 -10 -57 0
55 -7 12 -44 12 -18 -35 3 7 26 36 36 0
26 -19 21 0
21 -42 -25 11 19 38 32 54 56 57 7 28 47 55 30 -27 0
42 -14 0
22 38 55 29 51 51 59 -5 -9 16 0
23 -34 -29 16 -29 -28 60 -56 -16 0
4 22 24 26 28 -18 -48 8 29 45 11 55 -59 0
2 -27 -26 26 26 34 39 39 0
16 -58 15 16 28 34 43 44 0
0
28 -4 25 -31 3 33 45 51 59 0
0
32 34 49 57 58 45 -40 -60 23 -27 -18 0
9 15 16 28 26 50 51 57 -45 58 -8 -11 0
10 -52 19 -6 -5 14 -35 -19 0
22 40 54 1 35 50 8 55 20 26 37 41 48 -4 0
7 53 55 -39 14 23 37 51 -24 -3 13 -32 0
15 -44 45 0
-4 1
-4 2
-4 3
-67 3
-67 2
10 38 46 60 0
24 25 11 -38 0
13 -51 -48 48 -43 -52 37 -44 24 -4 -48 0
0
32 48 54 12 -11 -55 0
1 18 27 55 22 34 10 12 54 0
1 -50 -29 21 36 59 10 14 0
45 -56 18 -14 -38 16 33 39 42 58 0
25 0
9 -37 44 -40 5 -38 -38 0
12 19 25 33 54 0
7 -19 30 -3 -5 29 39 53 55 0
4 24 60 23 -56 13 26 36 0
17 45 10 31 0
16 -40 -36 34 60 0
48 -57 0
24 52 -6 58 -43 24 -36 1 14 26 0
34 -60 0
3 -41 -57 26 43 47 51 52 59 52 52 0
58 -15 -24 58 -19 14 16 26 52 54 5 29 0
-5 2
-5 3
