9 -4 -9 33 -56 23 -60 -9 0
11 43 12 25 53 12 -17 6 10 35 60 0
19 -6 -8 25 0
33 -57 -53 57 -50 0
3 -41 -10 20 24 28 44 54 18 -40 23 50 59 0
16 34 48 15 -34 -40 0
4 11 31 53 0
28 49 30 -16 0
6 -21 0
0
53 60 52 -38 0
19 -18 39 -36 -46 17 29 30 57 30 -35 40 -24 -32 0
1 57 0
59 4 4 12 19 25 0
2 5 12 14 41 27 -34 -49 9 43 6 14 20 48 60 23 26 44 55 58 0
0
3 27 35 52 0
41 -2 26 -6 13 -23 35 56 9 47 52 0
7 8 31 -7 -45 55 -35 0
4 0
34 38 0
23 15 39 44 44 45 0
-20 1
-20 2
-20 3
33 -14 6 7 57 60 35 -57 -26 0
12 14 17 35 60 25 34 37 59 34 -58 -60 0
25 -58 -19 5 15 41 54 57 55 -9 -45 0
25 54 55 22 -46 0
44 24 -44 36 -52 47 -14 0
29 44 56 -55 -59 0
13 39 40 21 -48 0
6 26 55 57 43 51 60 8 41 50 57 60 20 45 55 0
8 17 21 30 51 57 -18 18 -32 23 35 60 0
7 16 33 37 19 -60 0
0
52 -13 0
57 -9 5 26 27 31 39 0
14 -50 50 -56 -3 30 -25 -24 50 -47 -60 22 -15 -4 0
59 -6 -13 10 -2 50 -2 -15 5 13 42 43 0
17 0
25 27 31 41 3 -11 0
1 -32 -43 48 -8 0
56 -45 0
53 -18 6 9 37 40 56 23 29 45 3 18 20 30 60 0
-48 2
-52 3
