48 0
18 18 34 46 47 15 -60 -51 0
33 -18 -36 44 -14 -2 31 -47 0
33 -40 0
48 -12 15 27 5 9 49 0
0
38 4 40 45 50 55 0
56 -36 -24 0
0
40 -11 -10 4 16 17 45 45 0
51 -48 27 33 56 7 0
4 51 56 38 -24 -12 50 -3 -52 0
0
12 22 31 39 26 -18 -40 29 -1 3 0
27 -10 10 33 58 22 37 54 7 24 45 53 0
20 27 43 3 8 13 16 25 22 58 0
24 44 45 53 57 0
58 -42 0
46 -48 -56 9 10 37 56 8 -50 0
2 -55 56 -54 3 28 51 52 57 0
60 -5 -24 0
20 21 42 47 30 -54 -56 0
-2 1
-2 2
-2 3
30 24 -42 -6 18 -48 33 -43 -18 44 58 0
26 39 0
4 46 55 55 0
0
20 -37 -29 0
19 -42 -30 53 -26 0
28 -35 0
11 19 21 21 37 0
0
40 -54 -14 56 -35 -25 0
1 25 26 5 27 50 53 32 -43 -44 50 -29 -42 0
31 -4 59 -27 2 13 20 26 29 0
49 -4 0
2 9 18 19 47 31 -14 52 -6 48 -33 0
4 -3 -25 0
1 -33 -47 13 -55 40 0
20 -20 -9 40 -22 -8 16 -15 -14 0
20 -14 -27 8 19 31 55 24 -60 6 -43 10 11 28 34 34 0
3 31 5 -5 -43 35 -34 -36 10 16 30 33 0
53 -42 39 -47 -30 17 -7 0
-13 2
-13 3
