16 -24 25 -34 45 -49 3 40 59 4 -52 0
51 -56 -1 0
16 -35 -23 0
40 -18 18 26 44 46 2 -42 41 -23 -19 0
13 20 28 60 16 18 35 0
21 41 49 1 6 25 26 58 2 -43 13 2 3 7 0
3 23 24 34 54 15 -12 54 -39 0
11 -38 3 8 24 20 -35 39 -33 18 23 41 58 0
26 34 46 55 0
2 15 30 22 31 36 48 58 -46 0
17 -11 54 -14 29 -47 -14 59 -17 1 -54 0
0
3 12 27 55 45 -19 -36 27 -11 6 53 1 -20 0
8 9 24 10 -26 0
22 -50 -21 18 18 26 31 57 5 -59 0
41 60 16 17 57 51 -11 16 51 57 0
18 -33 0
2 31 41 52 58 20 -16 -17 38 46 57 -46 26 41 54 57 0
57 -50 -3 36 8 -13 -18 0
9 -31 -10 0
8 -44 -15 0
11 -24 2 -9 -49 0
-13 1
-13 2
-13 3
9 12 53 55 0
7 48 49 12 -50 36 -18 14 30 48 0
24 4 0
12 -55 39 -7 -30 6 -11 0
29 -49 -42 21 -15 -15 0
9 -23 -34 2 39 50 60 0
50 -57 -28 27 -56 57 -30 -29 24 -19 -40 0
55 -17 0
58 -20 48 50 58 24 33 48 48 49 0
0
20 -29 -28 22 -59 0
59 0
4 5 18 26 45 7 -4 -22 5 9 19 45 51 38 -57 0
23 -19 -39 7 29 33 35 35 1 -45 0
20 -9 -36 46 -31 30 0
10 -9 60 -10 0
31 35 40 0
43 -44 -25 0
11 -7 -47 3 -3 -44 16 -31 34 -27 0
8 -45 19 36 37 49 60 0
-42 2
-42 3
