0
24 -49 29 -49 -32 12 25 26 30 45 46 -46 -41 37 -21 0
28 -7 -59 0
23 45 46 46 8 19 39 43 49 0
13 -20 0
4 34 49 0
24 -10 -37 1 8 27 -14 -55 0
3 6 20 29 34 0
13 40 3 -51 20 -51 -52 22 -27 0
48 50 7 9 21 28 43 49 56 0
22 3 40 54 57 45 -42 19 25 46 60 0
2 38 48 6 -1 0
56 -18 -54 1 4 52 16 -48 0
15 30 43 50 53 19 39 43 31 -15 4 0
25 -17 -43 4 54 59 0
10 -17 0
10 24 17 -56 -36 1 -28 -41 29 39 19 22 49 51 0
38 -2 -1 0
1 2 59 2 21 22 26 58 18 24 36 48 53 31 -22 -3 1 8 21 54 0
7 35 51 8 -46 -32 0
37 -7 26 -8 56 42 48 50 56 0
8 -17 7 -48 -18 23 25 50 60 0
-4 1
-4 2
-4 3
24 11 -4 54 -58 33 -54 -38 0
0
34 24 18 0
22 -52 -36 56 -20 40 -12 0
26 -7 0
47 -10 19 40 58 59 59 6 29 29 50 56 47 -17 -51 0
6 -19 -53 52 -46 -36 27 30 0
25 -9 3 -55 3 3 6 23 16 -17 -23 0
31 16 27 42 14 21 54 60 41 41 -21 0
14 -11 -18 16 42 1 38 6 29 58 -24 0
47 -41 37 -42 58 -2 23 -28 -20 26 -1 -33 0
18 24 40 48 9 13 27 49 2 -46 44 22 0
13 -9 -27 41 -24 -46 0
14 18 28 38 39 37 -34 19 20 26 34 51 0
19 26 49 29 -15 0
5 -56 -43 16 42 52 54 0
28 -4 -58 13 15 29 50 51 35 46 0
28 -43 -27 10 -23 -2 18 -15 46 -29 -33 38 -55 0
41 -53 -36 39 -23 -58 0
7 12 13 22 28 0
-49 2
-50 3
