13 35 0
0
28 -1 29 56 60 49 57 58 59 -48 0
10 -7 -24 0
46 -55 -39 55 0
53 -1 46 -56 4 25 27 29 3 9 15 16 0
49 -33 45 -6 0
21 42 58 58 -7 0
8 20 27 46 21 -30 -15 18 -22 -57 0
38 -8 24 -39 -36 0
17 31 51 51 16 -7 1 28 38 43 0
40 58 18 -18 -45 0
25 33 14 -10 0
9 -58 31 -59 -38 15 -48 2 -18 6 38 43 49 0
33 53 8 21 22 39 54 17 19 47 23 38 44 28 -2 -40 0
18 -33 0
17 -27 42 -22 -48 49 -48 17 48 58 -1 -11 0
16 32 35 54 -10 0
7 11 21 45 48 -38 -44 0
6 38 41 20 -21 0
6 23 37 58 29 -58 0
23 -54 -34 8 21 44 48 0
-4 1
-4 2
-4 3
-67 3
-66 2
58 -57 -49 6 -8 31 -16 3 13 15 0
37 3 12 19 48 60 8 2 12 33 39 0
18 21 39 50 -2 0
6 10 19 33 57 25 31 0
0
25 -47 -25 1 -41 24 28 0
12 17 24 38 52 25 51 -11 5 -15 0
53 -38 -59 1 -38 29 -49 0
20 -54 -46 52 -21 0
29 -34 43 -29 -20 3 7 37 6 -19 -29 0
33 -40 -53 9 0
14 -47 21 28 -26 -59 0
4 -17 10 -28 0
53 -9 3 0
12 -24 -43 0
4 8 50 51 21 -56 -13 34 -55 57 -33 0
54 -18 41 -6 52 0
23 37 47 51 0
60 -59 7 -14 19 -51 -41 34 -55 0
47 -34 31 -42 0
-25 2
-25 3
