42 -5 -2 38 -26 -57 32 -36 0
38 50 60 0
10 22 30 55 57 58 -44 0
58 -20 -21 54 -2 -27 0
20 5 21 26 30 59 3 16 19 45 6 38 48 0
12 14 17 33 48 14 -13 -17 44 -60 37 -18 -57 54 0
4 -26 -36 9 17 39 60 4 11 44 49 0
19 35 47 52 7 29 0
0
49 -51 0
27 49 52 58 28 0
45 8 13 13 35 37 59 -9 -6 0
10 15 30 37 58 0
0
10 -49 8 21 -17 26 47 0
10 -46 -42 0
22 23 1 0
6 -4 -22 0
30 -7 -44 8 23 -1 -51 33 -3 0
25 -58 -45 0
54 -24 36 -30 1 7 30 38 0
5 -27 44 -48 19 34 46 0
-2 1
-2 2
-2 3
-66 3
55 -37 22 56 2 -15 -3 33 -12 0
20 33 34 34 53 49 -12 -11 24 26 37 33 -8 -30 0
51 -52 -46 24 -14 42 -33 -9 58 -18 0
29 0
51 -39 -45 0
0
10 -57 -6 0
0
45 -35 -31 34 51 20 35 39 49 53 0
5 -52 -59 55 -17 -28 25 -39 22 -11 -28 13 23 60 60 0
15 -27 -41 14 -18 -47 44 -40 -35 0
0
11 -29 -13 9 50 9 -29 -19 9 19 33 36 37 0
51 -4 -38 0
31 -54 -23 0
6 13 13 18 23 44 0
21 30 40 29 -19 52 -3 32 -59 -17 0
29 -23 -24 0
0
2 4 15 33 2 29 42 36 -15 36 -30 0
-48 2
-48 3
