28 14 19 28 5 19 21 28 0
19 53 48 -31 -58 0
3 7 36 5 -35 33 -20 -41 0
24 -56 0
27 13 -32 0
23 -2 43 45 53 -29 -33 0
46 -21 1 9 23 41 51 0
21 -45 -32 0
27 -50 -37 29 38 47 58 -32 -56 0
25 -23 15 16 24 53 55 0
18 0
44 -44 0
54 -45 -8 11 -20 17 -40 0
47 -23 -33 0
56 -37 22 -16 -9 0
2 8 25 42 52 10 31 45 59 11 19 35 38 0
34 51 54 56 10 -59 -1 11 24 42 43 54 10 46 48 49 0
60 -45 -56 0
24 6 17 17 54 34 37 35 -21 -50 0
54 -48 -57 0
1 15 49 7 -52 35 -7 0
0
-3 1
-3 2
-3 3
35 -44 -10 21 -2 1 28 36 44 50 0
59 -2 34 -35 0
0
20 -60 1 8 11 36 54 0
9 31 36 20 32 10 -17 17 -51 -27 17 -39 -14 0
1 6 33 39 27 -24 0
22 -41 -60 35 -60 31 -23 -38 42 -22 0
41 -60 -54 31 -37 7 14 22 27 0
11 30 1 3 51 55 14 -23 3 -28 0
12 -24 -22 3 -26 48 -3 27 53 49 0
3 45 54 57 0
39 -60 0
7 7 36 36 14 -33 -4 0
26 -23 49 51 0
3 16 16 50 58 24 -19 0
18 29 42 8 21 34 45 -46 55 -52 0
46 -7 31 -37 -43 0
57 -58 16 22 26 6 19 0
34 58 7 17 29 43 45 9 55 57 0
25 -41 38 -25 -43 42 -52 -52 0
-3 2
-3 3
