29 -1 -12 48 -45 5 21 0
42 -34 -31 0
3 35 0
45 -39 27 -52 -47 3 3 30 32 57 0
43 -45 44 -10 7 8 14 39 7 -3 0
5 38 46 40 -44 18 -10 51 -53 0
16 20 39 0
26 35 -17 54 0
10 -10 3 26 31 46 56 49 0
2 16 23 27 33 -34 54 57 -18 27 0
32 -2 -60 1 -47 0
2 13 21 39 43 14 41 44 44 54 19 -36 48 -52 -32 23 28 0
27 -50 -27 6 13 19 33 -1 0
19 -48 0
6 7 25 60 41 -33 11 36 38 52 0
41 -59 -14 8 20 37 42 1 7 14 16 25 41 41 45 0
5 10 34 23 0
56 38 -43 -53 9 15 24 27 52 48 -19 3 27 45 0
6 20 24 25 50 0
18 -18 0
0
11 -35 13 29 36 39 13 16 19 19 20 35 0
-3 1
-3 2
-3 3
26 -2 0
30 -16 -30 9 -51 17 43 51 0
9 -45 -51 8 18 -49 0
17 -8 10 20 51 55 59 0
11 46 -16 22 -29 -1 0
50 -60 53 -21 41 -33 -2 11 41 0
7 15 55 57 23 43 46 0
9 43 53 58 26 35 51 18 25 30 40 50 0
28 -45 38 41 53 23 -10 -11 27 31 32 41 46 58 -54 -21 0
36 -5 0
26 58 21 -6 0
19 -16 -4 20 -42 35 0
22 38 33 -21 -33 33 -14 -9 0
1 10 26 42 58 0
36 -38 -57 49 -52 10 -35 3 12 15 18 21 0
25 -12 -11 2 13 -33 -39 10 -16 0
38 -25 13 18 19 41 56 28 -55 5 -11 0
13 14 14 15 37 1 46 50 55 57 43 -49 35 45 0
16 39 43 0
23 42 44 48 51 0
-3 2
-3 3
