4 6 7 27 49 56 0
44 51 0
10 -18 -47 0
17 33 33 0
21 -23 45 -51 8 -39 35 -55 0
41 49 20 26 29 46 55 5 -23 -2 33 -15 0
16 -31 -42 20 48 0
33 34 5 34 0
5 20 33 55 59 35 -52 -26 1 -3 -51 11 33 44 46 53 20 -3 -14 0
0
56 -38 0
35 -31 6 -52 -57 0
3 -38 -13 0
0
30 18 -53 -15 5 54 43 -47 -7 0
3 14 41 57 59 8 15 31 41 53 9 -52 0
26 -9 4 7 11 36 47 0
54 -51 14 18 36 0
51 -38 15 23 57 -52 -24 0
39 -7 18 22 27 28 -33 14 16 21 46 52 11 -37 0
12 -26 -22 30 -3 -5 0
17 31 2 13 22 46 47 0
-23 1
-23 2
-23 3
17 30 35 36 54 9 0
52 -34 -13 21 30 32 37 50 0
2 19 27 52 53 13 18 24 38 49 0
9 -58 -13 44 -41 30 7 9 33 54 60 0
7 18 20 26 51 37 -1 0
32 -30 -57 3 33 33 42 48 10 -18 -60 0
27 3 11 44 0
44 -28 -13 13 -16 46 -50 -44 2 13 20 49 60 11 -14 0
41 -16 0
60 -15 -33 26 27 30 -56 0
5 0
5 -9 -21 59 -40 0
4 6 9 31 5 29 29 41 17 19 30 7 -44 0
54 -40 0
8 -29 -24 14 -39 0
3 40 0
34 -57 -52 32 35 0
28 40 57 0
51 -6 -36 8 15 25 26 55 0
28 -20 -4 54 56 -58 15 26 59 0
-49 2
-53 3
