34 49 54 59 20 22 47 0
2 25 47 -14 7 14 46 50 12 -11 -30 0
1 -25 -26 11 20 55 58 0
1 10 46 60 53 54 0
3 -32 -31 0
45 50 4 0
0
18 23 30 36 60 38 -10 -37 6 -59 3 26 0
11 31 33 40 0
56 -13 -33 12 -13 -43 2 -45 -4 3 -36 51 0
0
36 39 -14 -20 16 -16 -45 55 -12 14 37 0
6 27 29 52 55 -44 17 0
49 -56 -35 48 -42 31 -23 15 16 42 12 -23 0
19 41 23 -27 -49 30 0
37 59 53 -51 -33 33 -44 -49 0
11 25 35 -42 -20 21 22 25 0
48 -3 -10 13 19 27 45 32 -22 -42 0
8 33 35 0
28 -18 -39 28 -20 2 4 33 35 35 4 7 11 33 45 0
13 30 50 56 6 -4 8 -31 -34 1 -22 49 -58 -2 0
58 -33 -55 3 8 10 44 2 5 20 46 45 -28 -45 0
-8 1
-8 2
-8 3
17 59 6 39 57 60 0
5 23 26 43 0
2 -16 1 -47 31 49 -12 0
50 -19 8 11 14 15 35 0
0
34 40 42 57 55 -12 25 -52 14 46 52 54 10 -58 0
27 -36 -31 14 24 40 52 0
60 -30 14 -58 27 -56 25 26 27 45 47 55 56 0
0
2 23 30 35 49 57 -43 -46 9 -33 -17 0
36 52 0
12 22 32 32 47 0
0
8 18 24 36 4 -55 -23 46 -40 -25 53 -54 25 -13 -58 0
10 14 42 47 58 10 -46 47 -26 0
34 47 0
40 -25 0
11 16 27 58 21 38 0
14 14 18 37 41 36 -43 9 -25 -33 5 35 50 0
3 8 18 22 14 30 38 51 -31 -2 45 -35 -36 0
-52 2
-50 3
