26 -16 -14 6 15 55 59 0
3 -1 -47 1 21 25 55 21 -50 -59 2 12 16 6 32 45 48 60 0
55 -6 18 -23 31 -52 -58 6 37 58 16 -55 -51 0
14 -36 -31 11 -19 10 23 29 49 11 39 0
9 16 25 57 58 0
55 -3 25 37 47 47 52 0
4 -42 -54 5 9 13 22 60 11 0
6 26 -23 38 36 -42 -10 0
29 22 22 59 26 -27 -29 5 -50 0
17 53 0
4 7 21 24 60 0
24 45 57 5 -4 36 -43 -1 0
35 -56 -24 0
0
50 59 -54 -15 19 -35 0
37 -46 -21 2 -3 -54 55 -7 0
24 -9 3 28 0
40 -57 39 47 59 55 -24 -48 1 -58 14 36 42 43 0
19 38 39 47 56 0
52 -56 37 -30 -2 31 -49 -49 0
36 56 23 -6 1 -15 -18 34 -60 -44 0
38 -51 -24 35 -57 13 -58 12 -25 -12 23 -14 0
-50 1
-47 2
-48 3
8 -9 -31 12 22 47 56 0
18 22 48 53 58 0
0
28 -6 7 22 31 0
51 -50 -56 48 1 40 43 45 46 1 6 11 22 34 12 30 36 39 42 0
1 -50 -31 0
49 -57 -8 56 -41 -20 0
52 -1 -15 0
0
6 -30 13 18 59 45 24 42 0
0
2 -35 45 55 16 -8 5 -52 -48 20 51 53 0
7 13 19 25 37 58 33 -44 6 10 33 39 35 0
16 17 0
8 45 53 13 24 36 0
14 26 42 47 41 0
22 1 3 20 45 45 -16 -41 59 0
5 10 0
60 -9 0
37 -58 -26 18 44 45 47 53 13 39 11 -44 -21 0
-48 2
-47 3
