0
4 3 7 12 32 33 32 -41 -7 8 12 32 0
32 -41 39 -30 -60 22 23 27 54 0
57 -2 -46 0
57 -16 -41 15 35 38 51 52 60 -1 -27 4 47 49 20 -12 -27 0
0
13 -43 54 -40 -11 0
2 31 0
0
27 -37 -12 47 -40 23 -37 -25 0
37 -25 3 14 27 28 0
8 13 37 53 0
19 28 -46 48 -5 -20 8 -41 1 25 27 28 0
22 58 15 -57 -14 9 -46 -47 46 -4 20 51 0
32 -56 0
25 52 41 -17 -49 0
1 10 41 54 2 15 33 34 57 -14 0
4 11 33 34 42 29 29 39 19 -25 34 -22 34 -40 -26 0
36 46 0
20 -40 55 -58 20 -58 15 17 19 22 48 36 40 60 0
26 -10 -45 19 30 58 0
36 5 9 29 29 60 25 -57 -32 0
-5 1
-5 2
-5 3
17 59 47 -9 -10 12 30 35 53 54 32 -16 31 -20 0
20 -51 -34 0
16 -35 -1 4 10 14 37 45 58 -47 -8 0
17 2 19 38 8 -9 -26 15 41 54 0
17 42 49 3 17 44 45 57 8 33 39 19 20 37 41 0
48 -47 -55 11 -35 -20 0
45 -31 22 54 41 -50 -32 0
2 3 25 31 60 24 -47 -46 0
11 33 31 -21 -49 0
29 -51 -41 6 38 47 14 37 25 -41 21 -25 -30 0
31 34 39 43 47 53 55 15 -30 14 -35 -6 0
51 -12 34 -12 35 -21 -49 0
38 -53 -37 0
43 -29 57 40 -51 17 33 37 0
16 -40 12 -4 -39 5 -12 0
11 -55 0
20 27 28 30 33 0
2 34 44 -37 -11 12 -15 51 -59 59 -1 -40 0
0
51 -49 1 9 38 39 41 0
-17 2
-17 3
