42 -55 -8 60 -8 -29 14 -60 -15 58 0
31 -47 -36 23 48 0
38 -18 -5 0
1 9 12 43 36 -31 3 -20 -56 0
30 -24 0
3 -4 -18 0
48 -26 56 -20 -9 36 -58 5 29 37 7 35 40 0
41 -28 -13 48 -21 0
13 22 28 -35 43 -5 -43 1 5 33 39 24 41 44 0
11 -25 20 -16 18 37 51 55 56 0
44 58 -41 5 0
15 -21 -3 0
42 -7 -56 28 -15 -9 36 52 55 60 -10 -47 0
30 -54 56 -19 0
3 -41 45 35 -41 0
0
21 32 54 59 43 -25 -58 0
16 44 47 54 6 40 54 59 0
32 41 -10 20 20 27 42 56 40 -10 -58 15 25 40 0
60 -47 25 0
39 -53 12 -4 0
25 37 46 42 -58 -37 29 -58 0
-2 1
-2 2
-2 3
-69 2
7 0
39 -26 -39 5 15 36 48 58 0
46 -37 8 -26 0
10 -51 34 0
46 -21 -60 0
22 43 53 2 -60 -58 24 35 45 45 55 0
29 44 -47 -30 0
28 -30 -3 29 -52 6 -58 0
7 12 3 9 47 52 20 0
17 24 29 40 48 13 -12 23 -26 57 -28 -7 43 -14 -38 0
11 -1 57 -13 8 20 5 26 32 32 37 0
7 -58 -9 9 -41 -31 7 -19 11 -41 2 -40 -28 0
48 -60 60 -3 59 -15 47 -20 -24 55 -52 0
4 20 54 20 60 0
20 25 48 57 0
3 -31 -34 38 -10 59 -4 -60 1 -17 -44 0
22 23 25 44 48 0
20 -3 -52 15 -25 -15 26 43 54 57 -58 0
1 3 31 50 59 -17 44 -16 -48 12 17 0
6 11 38 39 0
-47 2
-54 3
