13 19 55 55 21 -13 -38 0
19 -56 -15 9 20 44 0
31 0
28 46 0
21 -30 -49 0
9 16 25 27 39 26 -59 18 39 43 57 0
3 6 25 48 53 25 -58 -34 29 36 42 51 0
26 43 54 -57 -36 0
12 27 35 -28 -27 0
11 15 28 44 0
13 -22 -36 40 54 -13 0
0
56 -9 -20 56 -9 -25 33 -48 0
0
26 60 5 35 49 -52 0
47 -22 -59 6 -17 -47 0
55 -39 5 -35 19 36 49 -22 11 22 0
53 -53 4 -46 -58 48 -42 -53 5 -59 -4 46 -60 -10 0
41 -58 -11 0
50 -1 1 -6 5 12 33 46 20 -5 -44 7 20 0
9 -2 0
0
-2 1
-2 2
-2 3
14 17 19 21 56 41 -16 11 21 24 49 37 16 36 0
9 10 14 0
9 -37 60 9 14 19 29 35 10 13 19 2 -37 0
35 -54 -58 25 -40 16 33 52 52 2 8 45 49 0
58 0
4 25 30 40 58 45 -26 15 -34 -5 40 -8 45 -30 0
5 12 53 57 0
59 -54 24 42 0
34 -52 -24 0
9 16 17 42 56 0
42 -12 -23 58 -32 0
0
12 -28 -11 13 -55 0
18 27 40 14 -60 0
35 -8 -4 10 18 28 52 49 -26 1 25 27 36 58 46 -20 -37 0
9 20 40 41 14 24 59 -39 -41 5 27 32 53 0
6 20 25 26 7 43 53 35 38 58 0
58 -7 -54 27 -54 -24 0
9 14 44 28 -32 3 33 41 52 49 -7 -21 0
19 0
-48 2
-53 3
