0
35 -51 5 -55 -36 0
7 58 6 -39 50 -8 -5 0
60 -27 -43 0
57 -49 -17 21 3 3 13 35 57 0
51 -18 47 58 0
46 -55 -43 2 0
24 26 39 12 28 34 38 54 29 -8 22 -17 47 0
10 21 47 9 -17 -1 0
3 16 57 0
11 22 32 37 29 -49 -23 29 -35 0
59 -11 -37 24 20 46 0
0
50 -45 -8 0
0
35 -18 -32 9 13 15 35 54 12 23 0
8 23 41 60 22 -1 0
43 -15 0
46 40 -31 0
7 13 13 25 53 12 19 19 59 6 -13 -20 9 0
17 -59 48 -57 -34 0
29 -5 55 -49 19 36 0
-2 1
-2 2
-2 3
9 10 -14 30 9 21 27 53 51 -5 -23 0
9 -5 18 25 26 -18 14 18 0
30 -35 -46 8 -31 -33 0
40 -41 -9 40 -46 -7 5 10 42 48 18 40 45 -6 0
9 24 25 40 6 17 28 29 36 0
47 -19 8 -23 -6 0
18 21 27 43 56 0
6 38 34 -42 58 9 48 54 22 -13 0
34 37 38 39 0
58 7 -55 -49 26 -5 -18 0
41 40 -4 -14 0
5 40 50 5 -41 10 24 26 0
30 47 49 54 9 -51 -43 0
42 -44 -25 7 -9 0
0
14 -24 0
46 0
41 43 50 2 -12 -42 0
0
11 0
-2 2
-2 3
