58 -48 8 16 34 40 0
12 -14 -52 8 -31 -47 2 26 31 44 56 0
18 36 -50 11 -14 18 40 0
25 -58 -53 10 -56 -45 22 -10 0
37 -50 31 -50 30 -18 0
44 -41 -13 33 39 52 56 -10 0
55 -50 -3 3 19 28 52 37 -60 -28 35 -19 -26 28 -17 -9 0
59 -8 -32 0
25 -16 5 22 46 55 0
60 -57 0
50 -46 -17 28 -15 -55 8 32 0
19 -48 16 -38 -56 22 55 60 59 60 0
54 -18 -44 50 16 10 16 41 47 0
0
14 25 30 38 44 4 25 39 51 -35 -50 6 40 15 -10 -8 0
14 9 -15 35 51 53 56 0
2 -50 -3 0
60 -2 8 8 0
31 -24 -34 0
4 -22 15 -52 0
17 -5 0
15 -22 -1 35 38 50 6 10 25 50 0
-2 1
-2 2
-2 3
4 21 22 26 28 8 39 23 -35 -26 38 0
16 34 34 42 47 7 18 21 43 51 0
21 8 -18 0
4 -39 -17 0
18 21 22 54 57 -8 40 0
8 -55 35 -56 -50 12 21 30 60 4 25 26 0
56 -22 35 -44 0
28 50 53 57 57 22 -47 14 18 44 1 9 22 0
55 -3 -31 36 -4 0
22 -3 17 38 10 20 36 38 0
45 -23 -32 26 -1 -38 0
53 -34 22 23 50 3 -54 -2 24 -32 -33 0
15 -52 -5 24 -41 24 -45 -31 37 -41 0
42 -58 -10 0
15 18 28 30 39 0
60 -25 26 -3 -13 0
21 40 46 0
14 -26 19 40 57 0
24 -24 17 30 38 0
33 -44 0
-12 2
-12 3
