51 58 33 -43 0
13 23 28 45 7 -35 0
19 26 32 58 43 -30 -39 41 -59 43 59 60 1 0
0
10 -49 -11 38 37 -25 0
14 46 -11 -16 47 -10 28 36 24 -9 -24 0
57 -15 -21 12 -49 -28 37 -2 -28 0
11 13 34 0
10 -19 -41 18 -16 -47 7 -34 -54 50 0
42 43 54 36 0
47 -35 -30 58 -7 20 -19 -28 1 -39 -3 21 22 34 43 0
24 52 -58 -48 50 -22 4 7 0
31 23 -34 -59 0
0
42 -13 -20 17 0
16 0
18 -60 -34 2 -47 8 12 29 52 9 -30 -13 16 30 47 50 60 0
6 55 5 -2 -11 6 -19 -43 13 -48 0
8 28 59 59 58 -29 0
7 -17 -47 0
3 5 7 39 59 30 -38 5 -31 0
51 53 0
-14 1
-14 2
-14 3
-66 3
-68 2
4 48 26 -3 52 -40 -18 60 -23 -4 37 -28 0
18 -17 2 7 9 26 8 40 41 43 46 59 -52 -49 0
9 22 33 50 48 -36 6 -46 4 37 57 0
2 25 2 18 19 32 4 -12 -2 53 -20 -23 0
12 50 21 19 -30 -2 10 -50 -49 2 11 53 0
2 -57 0
29 36 29 29 36 47 0
34 17 -9 0
54 -13 -4 53 -17 -54 0
25 36 55 59 0
29 -57 -33 15 -23 9 11 11 16 25 29 -17 -52 0
26 -10 -12 3 23 39 24 -58 -4 0
3 10 14 28 33 1 31 45 50 57 37 0
57 0
20 -57 59 -13 -3 0
7 -56 -18 8 -42 32 -49 0
0
4 -39 27 43 48 22 24 58 0
51 -22 -16 0
53 -48 -7 17 -37 36 55 18 -30 31 -8 0
-48 2
-50 3
