10 32 48 34 10 12 18 50 6 0
18 -4 12 -35 -30 0
40 1 29 39 51 57 10 41 1 8 28 35 54 0
28 -3 56 -29 -9 21 31 42 47 59 0
5 13 31 2 10 26 45 60 33 58 0
0
3 -53 43 44 44 46 48 0
0
0
57 -59 -35 14 60 5 10 18 21 50 0
16 18 18 35 39 10 -60 1 24 37 51 58 60 -17 6 37 40 0
44 -6 0
39 -27 15 -3 -55 54 -16 0
16 -12 11 18 32 52 9 5 10 13 14 30 33 0
32 -59 55 -44 -26 18 0
23 -14 20 -5 -15 58 -20 11 15 28 37 56 0
11 18 20 23 25 0
44 -4 -53 10 50 6 6 21 28 30 0
5 -23 -2 0
27 -18 0
33 -13 -30 7 -38 41 0
0
-3 1
-3 2
-3 3
60 -28 -1 36 -3 45 -35 -20 0
29 50 54 0
39 -29 -11 37 -35 42 13 -41 11 -29 0
47 -42 -57 0
26 30 49 0
43 -14 -21 2 39 42 47 54 0
5 21 24 26 52 47 -19 45 -41 24 -32 0
24 -28 -45 26 -31 -15 28 32 51 38 -33 0
10 -5 53 -53 -33 20 41 1 0
17 -11 -31 0
25 27 54 34 -43 0
11 14 23 51 59 12 -15 0
54 -13 -60 44 -16 -44 56 0
0
0
34 43 51 46 -33 0
35 -2 34 -25 -49 13 -29 -30 0
41 52 0
38 16 -16 -43 11 26 34 0
27 -58 0
-3 2
-3 3
