1 42 51 19 -41 -10 0
28 -30 53 0
42 -12 45 53 7 31 -10 -46 0
59 7 50 27 -58 8 -28 -35 0
58 21 40 42 42 0
12 27 30 57 0
10 16 25 48 -32 0
1 -49 -51 5 8 14 34 43 57 -55 0
20 24 24 43 55 1 -54 15 -27 -54 0
50 -33 9 36 1 31 46 52 0
0
44 -25 1 59 59 35 -8 12 -12 -13 0
11 25 43 0
32 -11 0
20 44 57 -24 45 -21 0
0
46 47 53 54 0
48 -50 -47 31 44 46 50 59 15 32 38 42 13 34 42 45 1 -2 0
15 42 45 52 58 0
9 15 31 33 56 4 47 11 27 49 0
35 60 54 0
29 49 0
-2 1
-2 2
-2 3
-66 3
38 41 56 58 0
52 -6 6 9 15 0
17 -54 6 -17 4 14 39 16 -14 0
0
14 25 33 -3 0
14 26 25 57 13 0
49 -28 -28 0
13 17 48 46 -53 -58 0
28 31 54 0
43 13 19 36 48 13 -28 0
8 21 40 46 23 24 42 58 39 -39 0
58 -19 0
4 8 34 52 57 19 -34 33 -6 -38 0
20 -9 26 -7 -4 6 14 24 48 56 0
36 -32 0
40 -50 16 24 12 50 -21 -28 54 -17 0
0
6 27 -15 29 43 58 6 -43 0
7 -52 9 10 23 31 23 -43 -37 10 -23 -32 0
8 17 34 35 2 5 19 26 28 0
-17 2
-17 3
