8 23 -13 0
26 -23 0
10 35 39 40 59 52 -29 17 35 49 0
13 -20 -39 0
40 -53 0
35 -34 -54 5 -4 32 -21 0
22 27 45 47 18 31 -31 -27 54 36 -12 -45 0
41 -28 -56 0
51 9 42 43 44 0
9 11 14 23 54 37 -44 -6 0
12 49 43 -47 -42 8 -51 -44 5 13 26 39 24 24 52 56 0
11 -6 19 -52 0
14 56 57 59 52 0
18 57 52 -1 57 -7 -12 32 0
0
42 -57 0
20 29 33 34 3 13 37 -41 -60 41 -47 -45 26 28 47 50 54 0
13 59 -42 -49 28 -32 -55 0
0
18 34 50 5 10 34 50 59 6 27 35 39 40 17 0
49 -11 -34 20 54 0
26 37 -25 51 -13 28 41 11 41 43 48 0
-2 1
-2 2
-2 3
-69 3
46 -26 0
18 -38 -48 0
25 -54 55 -41 -47 60 -26 0
27 49 8 40 25 -43 -14 53 0
11 -45 0
6 24 42 0
54 -56 48 28 44 0
46 -14 54 -54 -32 16 -54 27 28 57 19 33 43 45 0
18 29 16 -47 -53 24 44 0
40 -29 -32 16 18 29 31 58 54 -60 10 -4 -50 0
55 30 54 0
31 14 -29 38 -40 -25 51 -59 -5 20 28 34 0
11 -1 15 25 39 41 56 -16 0
1 26 27 32 53 20 20 39 45 0
59 -40 -30 38 -47 -19 0
16 31 36 54 57 13 31 33 54 8 -48 -48 26 59 21 26 38 0
24 53 59 34 55 8 12 41 53 50 -42 -25 10 33 41 0
22 -1 0
26 53 0
6 35 25 -59 11 27 55 -35 34 0
-2 2
-2 3
