39 -32 5 23 34 46 47 0
5 41 54 60 45 27 -16 14 28 36 57 17 17 0
29 38 47 50 0
12 -32 -2 0
24 -8 17 32 32 3 31 46 53 -9 -45 60 -41 -37 0
4 29 32 39 0
44 4 21 31 48 55 0
15 34 56 0
50 -31 40 -58 0
34 42 13 21 32 41 35 -2 19 21 30 56 0
0
0
28 -48 51 -1 -16 9 10 31 45 18 -14 0
26 -5 -36 21 -37 -35 27 36 43 47 0
26 -22 -3 33 -20 12 -57 0
25 32 34 41 19 -42 55 -21 -31 3 14 19 42 48 9 -5 0
53 -27 -58 46 0
24 -56 -39 27 -50 7 26 29 42 6 11 43 0
59 -5 15 -28 -21 5 -11 11 0
16 59 26 -42 -24 16 -48 0
10 23 25 9 -52 30 54 55 0
6 37 19 23 9 17 42 9 26 0
-2 1
-2 2
-2 3
-68 3
57 -11 -18 46 -58 0
10 19 34 55 58 -27 0
59 -50 -6 21 33 34 19 -33 22 -35 -42 57 -28 -35 0
33 -57 5 8 13 0
1 51 -20 0
5 19 -19 32 -19 -21 0
33 -41 29 -49 -18 0
19 10 -3 -50 0
47 48 0
4 14 28 31 36 28 -13 8 36 45 48 46 -7 -47 0
4 -39 9 -12 2 -21 -20 0
39 56 50 -8 54 -48 -24 0
29 -28 23 35 16 0
6 -57 -48 14 -6 -46 24 -55 22 -1 0
21 -24 -60 0
3 15 27 57 15 -8 0
6 8 8 11 22 12 29 42 44 45 23 -21 53 -50 0
54 29 -57 59 -42 -27 2 19 -46 -12 0
47 -5 -26 8 24 26 40 54 25 40 58 0
20 41 3 -42 -16 5 34 35 0
-50 2
-48 3
