13 -6 -23 0
27 38 44 23 -19 13 -59 26 37 0
42 45 17 -60 -51 23 31 42 51 0
30 -47 0
39 6 48 24 -34 0
25 -5 0
56 -27 -27 24 33 38 48 32 -42 0
3 37 45 46 13 -36 -1 55 -36 0
2 20 42 48 17 -47 38 -15 0
26 31 53 -23 23 28 39 45 -41 -27 8 23 27 33 33 0
3 -40 -43 0
25 -7 20 -5 39 31 -38 0
29 37 39 49 58 0
52 -33 28 -10 34 37 31 -56 0
0
52 39 -45 0
20 -41 -55 13 27 51 59 59 9 21 25 47 51 59 -51 -11 51 -20 -44 0
10 13 23 34 39 16 60 0
10 -39 -20 27 31 39 52 60 6 15 25 25 0
30 -17 -51 36 52 56 5 27 45 30 -16 12 -21 0
58 -48 -22 34 42 59 24 33 0
24 -5 0
-2 1
-2 2
-2 3
-67 2
15 -9 -51 2 -23 25 -28 -55 0
18 -34 -26 25 51 48 -47 7 -22 -1 0
37 2 15 29 46 0
42 49 8 -42 -44 0
17 22 37 41 57 57 6 8 25 31 48 7 11 40 46 58 0
10 25 50 51 0
15 -56 -15 30 52 54 40 -27 -58 0
13 -7 12 15 20 47 59 10 -18 0
2 -5 -34 41 -34 -51 9 22 44 48 0
6 -10 0
54 -2 9 27 15 30 59 1 37 44 57 0
55 -13 12 -59 -22 17 0
16 38 58 4 4 32 56 60 0
6 10 23 49 -53 -30 20 20 -15 -11 0
60 -31 40 -19 0
5 -51 -51 43 45 47 47 56 45 -24 0
18 27 51 0
4 6 11 29 0
16 33 47 59 16 -25 56 -30 6 5 -1 -32 0
19 58 -44 0
-51 2
-50 3
