35 6 40 50 53 -58 -5 0
5 13 44 0
11 -16 45 -31 24 -26 -19 58 -45 0
24 43 43 47 20 -14 0
1 14 30 47 5 14 19 53 0
46 -54 -55 0
22 -19 -42 41 -34 -44 33 -27 -28 0
6 34 51 0
46 -53 -11 57 -51 0
1 2 20 58 59 0
39 33 -11 -38 24 29 48 10 -49 16 -39 -47 0
4 26 54 2 21 35 40 44 16 16 40 9 43 48 50 52 0
52 -35 -25 9 15 23 40 1 10 26 42 31 -11 -33 44 -57 -1 0
44 8 18 23 50 -15 -40 6 18 21 29 43 0
0
45 -42 -19 0
3 21 25 35 45 25 -8 0
13 17 31 49 49 0
5 -35 16 22 34 50 28 34 47 3 5 37 0
28 -5 -37 48 -51 -30 34 -24 -40 0
29 31 35 55 0
12 14 15 45 28 -45 41 -55 -10 0
-6 1
-6 2
-6 3
23 53 57 52 -9 45 -54 -31 0
0
59 -10 21 58 34 -58 -51 27 52 -39 -5 0
4 35 57 0
37 -2 -47 7 -22 -18 48 -15 52 -9 0
1 12 20 28 41 36 -6 16 -15 -52 0
7 16 53 17 39 45 54 0
0
0
3 -4 -25 55 -43 -4 43 -11 -17 59 -32 -32 0
0
10 29 38 39 50 52 -10 43 -7 -59 8 11 2 0
22 -35 -9 2 32 52 52 -45 -24 60 -20 17 36 48 51 0
19 22 45 51 6 7 54 1 53 55 60 0
59 -5 12 -39 -40 10 41 47 57 0
9 35 38 43 54 0
15 -37 10 -7 -57 0
13 -45 -57 0
53 -22 -43 44 -39 -58 7 -40 -55 47 -28 -7 48 0
46 -60 11 34 52 0
-52 2
-55 3
