34 7 34 -7 -10 46 -29 0
17 0
44 -45 0
50 -47 -21 18 -56 -12 0
59 -10 0
12 -6 -56 28 52 7 13 19 0
21 -20 0
3 6 37 39 59 17 -7 0
3 26 32 32 40 0
25 -6 0
1 3 19 32 36 50 -14 -34 0
17 -53 -45 0
2 45 57 34 43 0
4 13 24 46 11 21 9 -17 -59 22 56 0
40 -55 -7 0
6 42 4 5 6 15 23 10 12 54 59 10 20 24 -8 -34 0
57 -51 17 39 40 49 0
18 -37 -47 0
17 -12 -40 22 28 41 5 -45 -13 0
9 31 43 46 -3 -11 60 -42 0
6 -28 -30 26 1 -5 4 -6 0
26 52 55 17 -4 0
-7 1
-7 2
-7 3
15 -4 -46 14 -15 0
37 58 52 -39 0
15 53 10 51 51 52 0
21 -43 20 41 52 -6 29 35 43 44 0
16 -5 -8 15 41 34 -27 -20 27 49 59 0
26 32 54 55 0
6 12 30 45 57 -57 -17 40 -21 0
16 -5 -8 5 11 24 27 0
7 47 -50 -19 41 56 23 -52 0
38 -54 -35 47 -48 3 -46 -16 0
2 -50 37 -35 35 -52 -29 33 -54 -20 0
31 -24 -3 0
11 16 28 36 53 39 -51 -6 51 -8 -23 29 -41 -6 0
14 37 39 40 -42 0
50 -18 59 -39 -55 17 -43 13 -1 0
16 -36 31 -18 -30 4 -8 -54 0
6 -7 0
28 -37 -26 0
8 -41 0
44 -26 0
-52 2
-55 3
