36 -39 -8 0
15 -60 51 -28 0
5 5 21 22 24 29 52 0
13 -39 -26 51 -32 -39 5 -1 9 11 14 29 34 49 0
32 -32 -15 20 46 31 -3 -46 28 -20 0
37 -21 0
22 23 28 47 0
16 -47 36 45 0
25 -31 0
0
59 -38 -40 10 0
7 -50 -4 0
2 18 32 51 54 18 19 8 16 30 40 38 -11 50 -34 0
9 -27 42 -50 7 0
7 -8 -38 4 -54 -12 4 -11 0
9 -60 -39 0
43 -15 -55 56 -57 -1 0
1 3 38 46 42 -36 -11 16 -49 -35 40 -7 0
23 -35 16 -19 -14 9 23 28 46 21 -2 15 -38 -31 0
5 12 27 35 45 8 40 47 51 0
10 -3 -55 11 -44 -58 17 24 0
3 -15 3 31 34 19 26 0
-51 1
-47 2
-49 3
-67 2
22 -29 -60 0
6 17 22 54 59 -3 -4 19 -41 -1 0
0
5 18 49 52 0
42 -39 0
25 -42 -53 48 -7 -12 60 -5 -57 4 20 20 37 55 0
41 -58 0
50 -55 0
28 4 33 44 45 9 10 20 38 52 33 34 0
11 49 -60 -17 0
18 37 37 -30 -7 7 17 43 54 19 34 41 42 0
29 -10 31 37 38 48 58 14 19 24 38 57 0
0
11 27 56 3 16 35 39 39 52 -14 19 36 0
0
19 -13 37 -2 15 -32 0
16 -44 -42 28 -7 5 6 30 -40 9 16 30 35 0
20 23 25 47 0
38 4 36 54 58 59 13 -50 0
42 -33 47 -6 21 24 39 0
-47 2
-49 3
