15 -37 -25 27 -52 -34 43 -58 0
0
3 -1 11 12 48 0
28 60 -44 0
12 -39 -35 56 -11 -57 0
1 -30 -39 56 0
8 25 35 51 9 -30 0
20 24 25 25 52 2 23 30 49 54 17 21 38 47 0
3 -8 -24 2 -53 24 -30 -59 0
10 15 21 22 55 40 40 14 26 34 47 58 0
40 -50 0
7 58 5 35 20 -41 -27 32 45 0
15 -8 -4 19 55 3 31 42 0
38 -58 16 22 49 54 43 51 27 -6 -10 51 -40 0
5 34 39 45 49 52 -17 -29 3 -3 0
39 -7 -32 1 35 40 26 -1 -35 3 13 40 51 0
11 -30 -60 34 -31 -57 39 -30 15 15 42 44 27 -40 -14 0
44 -1 -54 11 -25 -17 19 43 0
3 4 15 31 60 0
30 5 -51 0
18 -12 -27 43 49 -24 0
42 -44 45 -11 6 -60 -42 15 -5 -38 53 0
-53 1
-56 2
-54 3
54 -45 -34 0
5 -5 -60 0
14 -10 -4 23 -32 0
25 -46 -17 0
20 49 0
43 -20 0
3 -43 45 -11 24 52 6 7 32 47 0
44 60 0
4 -10 -26 2 -20 0
13 19 22 35 54 22 -56 7 -36 -47 16 -10 0
43 -31 43 -49 -9 53 -52 3 -10 50 0
13 -2 34 39 39 10 12 37 4 -2 0
46 -33 35 -46 33 -42 0
4 -33 1 -58 -11 0
6 23 46 58 8 -39 -1 19 54 54 0
25 33 52 52 0
32 -34 26 -26 -45 0
6 -45 60 -47 59 -52 -15 0
4 15 23 38 50 13 16 59 48 -30 -2 0
7 -60 -31 0
-48 2
-53 3
