57 -14 -35 17 21 40 52 33 -20 -18 4 17 21 32 0
27 -28 56 -58 33 55 26 -8 -20 4 -23 0
46 46 46 0
0
38 -36 12 12 15 15 54 7 -41 -13 0
16 -58 -24 26 -18 26 -30 9 9 10 17 18 0
3 -43 -33 21 35 0
3 6 13 17 50 0
0
32 54 58 58 -48 -12 12 -22 30 -24 -36 0
3 -27 44 17 39 47 49 0
41 57 5 -6 -39 32 42 48 51 0
58 -56 -57 59 -52 18 23 -40 0
43 56 53 -34 -12 22 -15 -15 0
57 -32 24 -54 45 -31 -56 12 35 39 47 0
7 11 23 27 45 0
37 -39 -54 0
24 -12 0
19 19 36 54 0
12 -8 1 5 27 0
22 42 36 0
25 0
-2 1
-2 2
-2 3
32 30 -23 -46 0
34 -36 0
50 -6 -59 25 -30 -54 55 -31 43 -43 -18 2 -6 -23 0
17 18 52 57 19 -46 54 -28 34 -36 -20 0
18 -33 14 -5 -30 18 -22 -60 10 17 28 42 36 37 55 56 0
23 -50 24 24 27 42 48 52 -3 5 24 25 11 31 42 44 55 0
7 -38 -49 30 44 4 19 3 3 8 14 56 0
12 22 6 28 28 0
11 -22 0
6 20 24 0
22 27 52 38 -32 0
1 -3 60 -52 9 -56 47 -57 -49 0
7 -38 -48 5 -49 28 -19 0
16 -3 55 -22 4 7 39 51 54 0
32 -7 14 17 24 41 -9 0
17 28 48 39 -7 0
28 -55 44 -46 -14 0
13 22 0
11 46 47 51 54 0
7 22 25 26 49 51 -26 0
-51 2
-51 3
