43 54 21 -20 -49 4 23 53 0
0
23 -55 -35 27 51 54 32 -57 -12 0
38 0
2 13 23 28 44 0
47 -44 -14 43 -29 -22 2 34 44 54 0
0
11 28 47 51 51 1 4 16 23 42 -10 20 41 43 56 0
56 -3 -26 0
23 37 40 43 1 -4 -45 22 -37 9 33 27 0
44 -44 -39 0
6 9 47 56 56 2 14 24 32 50 9 10 47 55 56 0
16 -56 0
0
54 -19 33 60 0
54 -20 -34 24 -4 58 -35 38 -20 52 -51 0
1 12 32 37 60 42 22 0
27 59 5 43 49 1 12 16 33 48 0
29 47 49 58 0
36 -38 0
49 9 -13 5 9 19 19 32 31 -34 6 36 43 0
14 29 3 -32 -16 3 55 56 0
-6 1
-6 2
-6 3
21 -48 11 12 41 0
21 -17 -44 24 39 44 51 0
13 -28 44 -22 -3 0
18 31 37 56 56 7 26 30 10 10 14 37 50 -33 0
25 43 0
16 -21 0
7 15 4 12 37 7 -35 0
3 -6 -44 17 -24 5 -47 -25 0
58 -36 48 -8 -21 0
26 -28 0
47 -55 -35 33 36 42 18 -40 -37 0
36 -43 3 28 33 45 57 0
48 59 0
8 -8 11 26 0
33 -46 19 21 46 42 -34 -53 0
5 29 34 46 51 16 -48 -18 1 26 53 0
52 -34 -54 7 32 49 49 0
21 -34 -43 0
0
9 -16 33 -41 14 -37 0
-53 2
-50 3
