37 45 0
31 45 14 -6 0
26 -56 8 -38 -49 7 -2 15 31 37 0
56 -4 -31 1 -34 13 29 43 57 57 45 -13 -40 0
43 -16 29 35 45 0
7 0
0
53 -24 -42 12 34 9 37 16 25 33 44 51 0
18 19 26 30 43 -52 -28 20 0
3 5 17 17 17 36 37 7 -1 -50 39 -2 -17 0
37 -10 -21 24 0
38 -14 -27 0
2 -22 8 -4 40 16 58 0
20 29 32 51 7 11 27 36 44 57 0
31 -52 -48 28 -43 -14 30 0
18 -44 -18 55 -15 -28 0
6 9 40 53 56 -10 -59 4 11 41 51 0
26 -56 -24 0
48 -10 -14 0
46 -38 33 -41 17 -58 0
30 -54 32 51 58 2 -38 -21 0
17 45 11 28 38 55 14 18 20 53 0
-47 1
-47 2
-48 3
-68 2
31 -22 -30 3 -11 -35 15 -26 -34 44 -11 0
34 -60 -32 0
22 56 11 25 5 -34 -31 60 -25 0
47 9 32 35 16 32 52 52 56 0
54 -4 0
49 4 8 20 53 43 50 0
6 11 25 53 59 0
32 41 39 -2 -29 27 32 48 53 57 4 10 18 0
9 -49 0
28 -22 8 12 17 27 52 0
6 17 57 0
2 4 39 46 47 39 43 55 56 58 0
31 53 54 21 -15 0
30 -7 -4 0
1 10 26 41 45 28 38 40 56 58 36 6 -48 0
0
7 20 38 33 57 49 9 17 42 54 59 32 -12 -21 0
30 -32 -41 0
6 41 21 36 59 59 60 4 17 21 22 43 0
0
-50 2
-53 3
