43 4 7 15 42 58 11 20 30 0
4 9 57 60 16 36 59 19 24 49 19 -33 -33 0
0
4 37 60 -35 11 -44 12 -26 -55 13 39 46 49 59 0
40 48 13 -24 53 -49 -14 0
16 -58 20 35 43 49 21 -11 0
21 -51 21 -34 -52 0
2 -27 0
14 21 22 54 0
0
35 -8 0
33 50 -50 -46 16 -59 45 -1 -60 0
41 53 52 -24 -22 0
35 -29 -25 35 -4 3 -3 -56 7 17 22 26 49 0
3 -10 8 -6 0
18 21 42 46 37 0
13 -16 21 -22 -8 47 -6 0
14 -6 0
23 -29 29 -39 -37 13 22 25 27 31 0
17 29 33 0
53 0
43 59 60 0
-2 1
-2 2
-2 3
5 26 43 44 48 55 -28 0
12 -25 -23 30 44 50 51 46 -32 -41 0
25 37 42 53 59 0
18 23 48 49 -42 6 52 25 30 0
17 -27 56 -19 7 -56 -42 23 24 31 36 57 0
12 -16 -42 54 -47 -16 22 39 39 0
25 -42 -18 7 8 14 23 19 22 51 58 35 -28 -20 0
29 -50 -12 0
60 -37 -32 31 34 25 -17 -6 0
0
2 11 17 42 55 0
59 -6 -20 46 -30 -12 14 17 30 53 59 0
38 15 -10 5 16 21 60 16 -4 0
7 37 46 53 46 -43 53 -48 -6 19 42 0
0
7 20 24 32 37 0
47 -41 0
2 -55 -27 1 36 45 53 5 41 55 59 -54 -43 0
17 -40 21 23 60 20 44 58 58 0
13 16 45 19 25 51 60 28 -39 0
-9 2
-9 3
