36 -32 0
7 12 41 41 21 31 38 58 0
23 28 34 37 33 -40 -2 0
33 40 44 0
17 26 29 50 52 58 -16 -4 31 -10 16 38 44 0
25 -28 0
8 21 38 52 57 59 45 -10 -23 1 22 23 37 44 0
56 -18 -35 56 -44 -46 3 -54 -55 0
30 -57 1 34 42 0
7 23 28 37 53 0
57 -1 6 -27 -33 0
6 12 41 52 58 10 -22 0
40 -1 4 6 24 25 32 60 -40 0
59 -5 27 -19 -45 0
26 3 8 22 34 54 51 -33 -53 0
33 43 44 54 22 25 38 39 53 0
44 -53 -31 28 45 52 52 34 -18 0
7 -23 3 -11 -28 22 -30 47 -35 -4 0
59 -20 -40 10 -27 53 -27 -5 13 -44 -21 0
26 50 25 -44 39 -57 -4 0
6 13 59 11 -50 9 50 1 6 0
12 47 0
-2 1
-2 2
-2 3
11 -4 51 24 -5 -43 0
50 -24 -39 54 -29 6 -50 -9 0
25 28 39 27 -50 -32 53 -47 -2 0
18 44 48 0
1 -53 21 -36 46 -37 -40 0
29 -15 58 29 -20 -36 1 2 24 26 59 0
27 32 58 59 2 26 30 49 60 0
5 42 -17 5 -51 -48 18 -5 -46 12 38 40 43 43 0
57 24 -42 15 21 35 0
6 41 46 57 24 35 53 55 0
29 -40 -43 5 12 18 26 56 16 -2 -53 2 47 0
0
0
25 -28 -1 0
12 34 35 12 -29 -47 0
41 -12 -59 18 47 12 14 18 59 0
1 1 16 33 54 0
8 -11 0
38 -2 -55 30 0
10 -55 0
-50 2
-53 3
