7 29 30 32 58 42 6 20 32 48 32 -8 -21 0
6 31 41 32 42 36 -36 0
40 -47 -15 46 -9 -27 12 -4 -24 5 44 54 -50 0
15 36 46 53 6 -25 -2 13 16 23 55 17 -40 -38 0
36 -23 0
0
1 -6 36 -36 -31 6 -30 25 -11 -9 0
14 -42 -56 0
2 -7 23 -7 9 21 0
1 36 47 46 27 38 45 0
22 -36 0
5 27 48 51 60 0
51 57 18 25 37 -19 41 -12 -18 0
37 39 30 0
25 -3 25 46 51 19 39 13 34 39 0
57 -34 0
8 10 24 49 60 0
7 -11 -2 33 35 42 59 24 -7 32 -51 -23 7 10 31 48 0
29 19 -39 -17 0
1 -34 0
49 -2 22 -10 -38 17 0
12 -31 26 -18 -46 0
-2 1
-2 2
-2 3
48 -6 58 -47 -3 0
29 -7 -59 0
27 -12 -30 0
14 -37 17 26 54 57 -39 18 27 15 0
33 -59 27 -60 -59 0
43 -15 25 -50 20 48 0
10 -7 45 -47 0
14 -9 -23 25 39 41 -28 -56 1 -17 0
13 53 56 -10 53 -14 -12 44 0
0
0
58 -7 -9 16 24 46 0
2 -25 0
16 -7 -6 35 -18 54 -34 33 0
60 -19 -53 16 -54 -30 51 -10 -7 6 60 0
55 -17 -15 34 -60 -52 0
51 6 -8 15 41 41 27 -15 -13 0
25 34 41 60 13 6 48 59 60 0
5 12 53 0
18 25 40 54 57 7 11 12 29 53 12 30 31 38 60 0
-2 2
-2 3
