8 -20 -38 14 35 36 48 54 36 -29 -33 0
44 3 -28 0
48 14 -39 -42 0
16 60 41 44 46 48 60 7 -36 0
0
9 -20 -51 26 -5 0
3 30 38 48 56 50 -31 23 -27 0
29 -14 29 33 37 42 55 0
47 -37 0
15 -36 0
25 -57 -22 0
13 48 4 9 10 12 47 43 -34 0
6 7 36 39 46 34 -37 -6 46 40 -48 38 -28 -12 0
11 4 8 46 57 -1 7 9 38 4 -6 -58 0
55 -7 51 57 0
50 -50 0
57 -46 -5 0
24 26 -42 -26 60 -44 0
56 -16 -6 4 4 35 47 54 54 27 -40 11 37 44 48 0
3 19 36 54 14 26 40 54 48 -53 55 -9 9 12 30 38 58 0
21 0
3 -38 4 10 26 38 48 56 22 -56 -19 0
-2 1
-2 2
-2 3
45 60 35 -43 0
57 -30 0
11 -20 48 -17 -30 20 44 50 57 44 45 45 59 0
1 -16 -39 0
0
32 -58 23 26 12 31 0
16 26 42 -40 0
44 -15 52 -43 -45 10 -22 17 43 48 48 50 0
6 27 29 23 -54 -33 22 -54 -57 0
38 -50 -13 18 48 55 1 -36 -19 50 -48 0
16 -5 -51 0
31 -47 -37 0
54 -17 -50 25 -42 17 -37 0
57 -28 -40 60 -37 41 -51 0
42 -58 0
0
59 -47 -25 1 -12 -15 0
0
17 20 44 50 15 -19 -59 19 30 0
40 -30 -52 42 -2 33 34 49 0
-2 2
-2 3
