40 -42 7 16 21 25 47 0
0
30 -33 -13 0
3 6 6 20 47 48 49 17 21 40 46 17 30 39 41 55 10 -14 -16 0
0
30 -46 5 -13 0
20 25 27 0
51 -57 -29 0
6 23 38 60 -35 0
3 23 39 40 53 0
1 -15 24 -40 -41 2 20 30 42 -48 0
2 5 30 45 53 -56 0
46 -58 37 -37 0
24 59 32 28 -49 -47 25 47 0
9 10 16 22 57 0
43 -44 -58 0
36 47 -33 -39 58 57 -39 -23 11 15 0
23 43 0
4 23 24 51 0
47 -15 0
1 7 15 31 41 9 11 16 29 44 0
46 38 2 -45 0
-7 1
-7 2
-7 3
-68 3
21 1 -52 -42 3 -9 -50 0
20 43 -21 -6 0
7 2 -32 -10 1 56 4 -19 -56 17 32 52 0
9 -17 -29 5 48 3 14 30 33 45 10 15 34 41 0
15 25 0
10 14 17 44 0
18 20 21 33 36 23 36 36 55 8 23 31 49 48 -4 -29 0
19 -4 4 9 20 34 -31 0
28 -48 7 -12 -10 5 -20 0
17 -35 -38 26 47 55 13 14 17 44 60 0
33 10 15 23 43 50 18 1 29 34 48 53 0
40 -23 0
31 -44 -42 22 0
60 -29 -29 51 -50 0
11 20 24 0
16 36 53 1 -23 -53 11 -2 0
3 5 15 44 0
4 10 13 24 34 4 50 -8 -33 4 18 40 41 0
35 -45 39 -27 34 -32 -53 0
58 -59 0
-52 2
-47 3
