52 -6 -13 0
56 -48 0
60 -41 -45 53 0
3 8 32 48 39 -55 0
48 -47 -10 48 -59 -7 4 31 46 -51 -24 0
0
7 -56 -41 0
3 55 13 34 52 11 -58 0
4 13 50 55 30 -12 -11 43 -26 -32 44 -28 -22 0
9 23 1 16 47 54 42 45 50 54 16 39 0
3 -5 -15 0
9 -9 3 16 48 58 35 -40 22 -19 -41 46 -16 -42 0
47 -49 -40 18 20 26 44 13 39 10 55 0
39 -44 -32 0
17 -26 0
0
5 35 38 54 22 32 39 3 15 16 24 40 0
10 44 -23 31 -49 0
52 -25 -45 17 -2 -39 8 25 39 50 0
2 -45 0
9 11 53 53 32 42 56 59 10 25 29 42 45 60 -20 -29 30 -31 -46 0
35 14 -10 -39 22 28 30 32 54 43 -50 0
-5 1
-5 2
-5 3
13 -56 -48 31 35 37 54 54 18 -10 47 14 -15 0
27 -36 15 31 43 54 60 0
3 4 6 -38 47 -39 0
58 12 16 26 43 52 14 0
27 42 0
28 -23 55 -54 25 -9 -44 0
5 -42 -5 0
10 -54 54 -39 12 18 34 34 49 7 21 29 8 23 25 33 47 0
26 24 -60 -7 0
13 -58 -50 55 -44 0
1 5 12 52 -33 16 20 25 34 25 -57 -36 2 3 10 57 57 0
2 46 0
3 -39 5 -42 -22 13 31 56 -35 -53 16 -32 -22 0
46 -42 0
48 -46 0
38 -36 52 53 6 30 23 46 0
15 21 31 0
38 47 33 -59 -52 2 -34 -40 0
11 37 44 46 55 0
11 13 26 32 32 0
-40 2
-40 3
