16 -33 9 45 0
4 -35 4 32 43 44 44 0
44 -59 48 -31 -21 56 -4 0
51 -21 -28 13 -46 7 10 25 36 36 20 -49 40 47 50 0
39 54 4 25 27 46 49 12 38 48 49 0
29 -54 8 27 38 48 60 0
28 12 -27 -44 0
28 -37 16 20 23 51 59 0
47 3 -59 0
26 26 -1 -10 52 -30 -11 0
23 3 -34 -9 0
17 -19 -33 15 -12 3 6 41 39 -39 -49 0
55 0
0
49 -6 -44 3 -51 -47 19 19 37 0
36 -9 4 25 37 40 42 9 44 55 23 -52 -2 0
14 0
45 -3 -46 57 -26 -43 14 39 21 -55 44 -48 0
46 -46 0
14 16 34 41 47 0
15 -56 -15 0
56 -36 -51 0
-2 1
-2 2
-2 3
6 -40 -21 3 9 41 51 0
3 -59 -8 0
12 17 34 37 17 -8 0
0
23 -8 -12 6 19 0
37 -29 2 -31 -11 7 49 43 -15 0
0
29 -22 -24 57 -33 58 -17 10 -53 41 52 53 55 0
58 -39 14 17 60 60 4 -34 -58 42 -25 0
4 20 6 -34 -50 0
0
55 -20 19 22 25 25 5 14 20 34 0
8 -37 0
51 -52 -46 38 -29 0
43 46 60 0
15 16 27 51 59 32 -35 0
0
21 -28 -54 0
9 17 21 38 38 11 -34 -15 14 15 35 58 0
16 -6 9 22 54 -6 -56 0
-2 2
-2 3
