28 -43 -5 20 23 52 38 -59 37 -37 -52 2 -35 -31 0
45 -21 -8 0
1 20 27 33 60 0
8 -2 35 48 1 22 34 47 47 23 28 40 5 -57 -4 0
21 31 14 31 42 0
7 9 24 60 60 10 15 28 29 58 0
10 14 54 60 60 22 26 55 57 16 -4 46 -36 -28 0
53 -29 41 -37 0
39 57 3 13 27 60 25 55 9 21 25 29 41 25 0
9 -58 -58 53 -45 0
17 37 39 40 58 0
17 37 0
60 -14 0
8 27 39 57 0
2 5 6 13 24 -14 52 -41 -34 0
38 -58 -41 5 -14 -6 21 41 0
60 42 47 0
21 -51 16 -16 0
47 29 57 0
53 -50 -37 11 11 16 0
15 20 0
42 18 40 49 59 -35 -26 24 52 60 0
-3 1
-3 2
-3 3
41 -15 -9 30 38 57 3 28 44 28 -33 -24 0
2 -59 -57 6 11 0
52 53 12 -5 0
36 -6 -5 16 -18 -48 9 17 19 30 32 33 21 -4 -8 0
20 41 51 0
27 7 28 35 0
2 11 28 10 -41 -46 53 14 15 34 39 0
3 51 26 0
32 -7 44 45 28 -8 -36 7 -24 -49 0
5 -46 8 20 33 46 48 58 -23 35 3 7 22 25 45 0
0
51 55 1 44 46 53 39 0
24 -30 26 38 58 2 13 15 30 37 43 44 53 56 0
1 14 15 44 57 3 35 45 50 56 0
33 48 30 -21 0
27 -9 0
0
18 -25 -50 52 -17 -47 1 5 7 25 0
18 48 0
29 -36 -10 57 -40 -7 0
-3 2
-3 3
