36 -15 -42 45 -51 -37 2 0
4 4 28 47 57 -36 -42 0
1 43 29 29 52 26 0
56 -41 0
55 -48 -45 19 -55 0
0
39 36 42 0
6 6 10 13 37 5 -48 28 -22 30 36 1 3 4 55 57 0
8 -1 22 -39 43 51 14 0
18 -56 -59 46 -17 -5 44 -45 2 -42 -17 27 -44 0
1 25 34 45 50 31 56 0
19 -14 30 -13 36 -34 -51 0
13 47 54 2 25 35 55 57 0
25 -56 -42 14 45 56 56 0
0
37 40 59 60 10 -5 -44 0
10 -39 -19 58 -13 32 0
22 -26 -26 27 8 38 40 0
15 28 29 35 39 1 24 48 45 -43 0
47 -41 0
4 11 15 35 49 18 -30 0
43 -44 7 -25 -15 26 37 38 55 25 -27 39 -57 -10 0
-51 1
-50 2
-48 3
-68 3
-66 2
29 -55 -30 4 54 0
4 27 55 55 -48 -34 35 47 -8 0
11 11 32 34 26 43 21 -12 0
55 -45 -15 41 -10 0
3 -36 -19 20 -35 -10 11 22 32 38 30 -47 0
6 -30 -58 16 -1 -57 18 -6 -31 28 -5 -23 33 39 47 0
25 54 48 -4 50 -52 -22 58 -22 -22 52 -15 0
13 -55 0
8 11 21 51 52 44 -30 -14 52 0
27 28 29 38 0
8 11 22 39 29 0
25 -36 8 27 45 0
1 2 43 0
23 53 30 -58 0
11 0
6 -43 -22 26 -1 -10 0
23 24 27 33 55 58 -59 -29 0
39 55 17 18 25 35 57 0
6 51 24 33 55 24 30 38 49 0
38 -50 -44 57 17 20 29 47 47 0
-56 2
-55 3
