14 23 44 56 49 -60 -40 0
11 12 16 55 48 56 59 54 -56 -37 10 14 40 0
42 -4 -4 0
40 -19 24 33 10 0
45 -59 27 41 47 59 35 -22 39 43 45 56 0
2 11 50 52 0
24 -45 -58 41 -41 58 -27 -59 0
51 -2 0
49 56 -24 54 -44 0
22 51 55 55 0
18 -19 14 -28 -31 33 39 47 50 46 -28 7 11 0
58 -23 -46 14 20 37 4 44 52 0
53 -10 0
47 -51 -38 0
44 -50 -55 1 2 23 44 55 12 20 38 39 49 32 43 59 52 0
23 40 0
13 -11 -4 35 -50 -40 43 -21 -43 0
9 -37 19 -33 -5 8 10 21 39 0
40 60 14 32 50 8 1 -11 -50 0
39 -28 0
6 11 32 33 45 12 56 9 19 34 0
20 -57 46 -6 0
-2 1
-2 2
-2 3
-68 2
14 -54 0
22 -19 22 46 59 60 40 -9 -49 56 0
12 -5 -6 2 -35 -27 27 -52 0
60 -42 -20 1 19 20 35 21 41 47 50 54 0
54 -21 42 -24 0
2 -40 -48 5 -9 32 -16 -26 50 -40 -30 0
20 0
0
13 -20 19 35 46 52 60 0
57 -9 -26 1 -57 26 60 24 -53 -49 11 18 26 56 60 0
17 34 40 44 45 54 -45 -59 26 -32 -39 18 -55 0
14 -11 -46 30 41 49 20 38 8 38 46 48 55 0
10 -49 -17 54 -7 2 24 51 2 13 59 0
10 20 28 40 9 -41 29 -23 -32 0
51 60 0
16 21 22 40 40 53 -7 -29 0
33 -48 -42 24 -8 23 -48 -18 0
5 -19 0
8 -30 13 44 60 33 -25 0
11 39 24 50 0
-2 2
-2 3
