56 -7 39 48 35 39 48 52 0
0
46 -46 -58 1 3 4 20 45 49 -55 41 -56 0
7 18 28 32 46 18 -4 0
16 -28 -15 17 48 27 -44 -51 0
43 -27 -55 0
31 -11 27 -18 -49 40 -11 22 -8 42 -8 0
11 17 32 34 38 20 24 39 53 0
23 -57 -6 25 -5 -43 13 42 53 57 0
44 59 26 -25 8 11 16 23 49 -57 -29 35 37 59 60 0
1 5 5 49 53 0
44 -41 -16 0
28 -27 9 33 51 0
54 -42 -57 27 -42 -45 24 -33 -9 0
13 -26 -52 44 -26 -3 54 0
29 30 0
15 15 24 42 42 46 11 49 51 60 46 -50 -31 20 36 45 59 0
11 -33 -23 2 2 28 38 51 36 -35 -15 6 47 0
16 -30 17 20 31 46 46 2 37 52 59 17 -41 0
60 -30 -12 0
50 -21 28 -3 -25 19 19 21 31 53 0
8 8 51 56 0
-9 1
-9 2
-9 3
6 24 43 5 -5 -12 48 -25 0
19 28 49 60 0
44 -16 -16 18 -2 27 -3 -18 0
32 -52 0
20 37 40 50 56 7 29 38 45 0
16 -11 0
39 -47 -24 25 -16 48 -42 -16 0
11 18 49 54 -20 8 -15 -35 0
33 -25 -14 49 0
20 -27 1 22 51 53 35 -34 0
32 0
4 0
7 -26 30 -57 -25 0
5 -40 49 -4 -14 23 24 44 24 53 0
32 -12 -18 6 28 48 51 0
10 -1 59 -30 57 -9 -57 0
30 -31 -1 10 -19 -48 29 31 58 13 16 18 26 40 18 -59 0
19 58 56 -24 0
3 20 36 15 26 40 48 29 -46 37 -8 0
32 -23 -51 28 -33 0
-53 2
-50 3
