9 -47 -49 54 -52 -28 1 39 -6 1 6 13 30 41 0
27 32 38 0
3 17 40 0
43 -54 -43 1 -23 -48 0
0
49 -43 0
56 -18 -57 26 26 34 51 5 23 0
53 -2 -6 3 8 47 55 0
24 25 45 14 51 6 47 54 0
51 -17 -53 0
40 -44 21 -28 54 -10 0
54 -29 12 28 36 41 51 11 22 0
38 59 58 -20 4 14 37 38 51 0
29 -13 -4 0
58 -9 11 42 54 34 -2 27 33 36 42 47 0
6 15 0
15 -54 0
29 -39 -57 0
2 36 -53 -34 23 -37 -32 38 5 48 50 58 0
30 2 12 19 41 49 19 -44 8 19 34 -47 0
9 0
11 0
-6 1
-6 2
-6 3
6 12 37 47 59 1 1 19 47 48 26 58 59 54 0
5 -39 17 39 53 0
34 60 0
0
24 27 39 43 0
2 32 39 42 58 9 18 38 41 20 -55 0
9 34 44 54 56 -55 43 -36 32 -16 -40 0
29 44 2 -12 -11 15 29 41 53 60 30 -41 17 -60 0
15 36 47 51 55 28 -47 -43 28 56 20 -45 -9 5 51 60 0
2 7 9 14 17 -37 29 -29 39 48 53 0
5 7 32 46 4 -40 0
15 -28 -36 35 -39 46 -7 -6 0
29 58 0
36 -19 -10 13 47 0
35 -15 12 20 26 41 58 0
12 36 38 -50 0
39 -19 -17 47 -23 0
1 21 38 38 55 0
19 33 0
11 -27 0
-9 2
-9 3
