9 36 42 58 27 -57 0
23 -55 -5 12 -26 -15 4 5 31 0
27 38 44 58 59 46 -15 60 -45 60 51 0
30 -38 -8 14 -23 20 -3 0
29 -18 -51 0
0
3 36 38 43 33 -48 -7 37 0
22 40 57 20 -19 -45 0
49 56 3 -53 25 -48 0
19 19 21 22 30 40 -9 36 -17 -2 3 -24 -37 0
2 12 29 44 50 11 -9 -11 1 -16 26 45 50 46 -54 -43 0
18 22 34 53 0
19 -60 32 -5 0
28 -39 27 -14 8 -10 0
19 -18 -38 20 -47 0
31 -11 -17 39 54 56 50 -54 -12 0
12 -6 0
4 -37 21 -6 -40 19 27 20 -36 0
24 -30 0
0
46 -19 0
39 3 0
-5 1
-5 2
-5 3
5 17 38 5 6 9 17 40 42 -34 0
20 3 54 0
5 53 54 54 0
12 32 44 50 57 2 3 12 47 0
20 -30 -4 29 39 40 44 47 17 -2 0
0
32 36 0
5 12 41 56 10 11 14 43 0
8 25 16 36 59 0
16 -32 -34 41 -30 0
50 -27 -37 45 46 59 0
60 -8 -13 3 14 59 9 10 0
21 -57 -23 0
11 12 26 45 54 59 -21 35 54 59 17 57 0
60 3 -24 -45 23 -3 -17 22 43 53 0
8 16 21 56 1 11 24 45 56 0
12 24 43 58 39 -12 0
3 -56 -34 27 60 29 -16 -27 0
37 -20 -43 0
29 -13 -28 60 -35 -10 2 9 37 47 50 0
-6 2
-6 3
