32 -55 -10 10 13 -24 -57 0
2 0
41 -31 43 -31 -6 5 10 15 16 51 60 -32 -38 0
1 34 35 -46 -50 12 49 55 57 21 29 46 56 22 -38 -23 0
12 42 47 55 -48 0
16 22 31 59 -32 -27 0
44 -29 0
0
32 -20 35 -20 -53 0
53 -41 50 -14 -54 52 -34 0
23 28 35 0
41 -28 -42 19 -15 -15 0
46 20 39 42 36 30 -14 41 -30 0
32 -39 46 -52 0
19 27 47 49 30 -46 -47 29 -38 0
60 -22 0
49 -35 -60 0
21 -17 -1 0
9 -38 19 35 39 56 60 0
57 -46 57 -25 -56 60 -37 4 5 38 38 49 0
16 -16 0
52 -38 -15 37 -14 -24 20 47 38 -24 -44 0
-2 1
-2 2
-2 3
-69 3
7 11 25 52 58 40 0
44 -16 36 -35 -33 0
0
2 2 7 25 57 -52 -47 5 6 32 56 4 9 24 43 0
17 -45 -6 43 -32 -18 6 -41 9 -6 -3 0
34 -19 43 -37 -57 2 -60 0
2 10 20 30 6 41 46 49 23 -1 -16 3 16 27 28 34 0
54 27 -39 0
20 42 44 3 -2 0
40 4 44 51 0
3 7 10 16 36 0
4 7 21 45 57 0
24 -15 6 -5 -44 0
37 -42 -44 18 -29 59 -20 -2 0
17 -22 54 -29 31 -1 0
4 -16 -34 13 16 0
6 -59 -34 50 -34 -22 2 5 8 11 0
46 -41 30 -58 1 -31 -34 57 -36 -51 0
33 43 30 -26 -20 0
6 55 38 43 49 18 57 30 40 16 40 58 58 0
-13 2
-13 3
