41 -4 0
0
16 -2 -51 37 -34 -51 7 8 41 16 31 33 0
12 15 15 43 40 -24 -29 0
34 -16 41 -56 -55 54 -19 0
6 -14 -28 0
3 13 0
56 -39 51 -18 -3 0
39 0
2 8 12 52 12 19 21 23 51 40 -47 -11 0
26 -50 0
2 -40 -53 4 10 45 52 0
17 -33 51 -21 0
60 -30 -6 42 -31 0
4 -16 -51 0
33 -27 -8 0
20 26 3 5 8 11 20 39 -11 -60 0
37 47 0
4 -49 -55 0
43 -38 -5 47 -48 0
51 -3 2 -46 -21 6 16 0
14 33 0
-2 1
-2 2
-2 3
54 -23 46 -8 0
17 -46 0
42 -52 0
0
59 -19 1 -10 48 -5 -48 0
24 5 38 50 0
44 -4 0
37 -27 0
5 15 23 27 37 -23 -36 23 25 54 0
32 35 45 49 5 -57 24 -1 0
48 -34 20 -32 0
1 -58 14 -2 -54 9 17 30 46 4 -26 22 55 0
4 -11 45 -21 0
35 35 -21 48 -45 -6 11 21 0
58 59 -33 38 0
49 -38 18 0
17 25 29 54 58 0
28 -32 -2 30 44 52 54 55 7 12 26 30 48 -55 40 -52 -14 0
23 55 56 12 16 42 52 28 29 53 57 2 50 32 -34 0
35 -57 -58 34 -10 -44 0
-56 2
-49 3
