8 29 31 49 50 0
59 -31 49 -5 33 49 0
41 -53 28 38 48 -14 -30 45 -27 50 -28 0
24 36 37 18 -18 -21 15 16 30 46 0
3 10 0
25 44 54 60 -3 -33 8 -29 -26 10 37 48 57 0
14 25 44 0
28 57 11 40 0
18 38 50 56 59 39 59 48 -54 -27 40 -46 -19 0
43 -2 -59 29 13 21 41 14 26 38 38 56 35 -34 0
24 -21 -59 14 46 0
37 -4 39 54 0
0
11 -31 -17 19 40 60 0
23 -52 41 -37 0
52 -44 0
24 -31 -6 29 -14 0
29 0
23 -1 53 -4 -35 34 -7 27 36 53 12 -58 0
3 -60 -27 3 -24 -7 6 -10 -9 0
55 -24 -27 32 8 13 33 42 48 8 -2 0
29 -17 5 6 41 45 0
-2 1
-2 2
-2 3
-69 2
50 -54 0
2 7 48 52 57 14 -16 14 40 2 10 43 57 37 49 53 55 58 0
16 -45 11 -50 -29 58 11 -24 0
15 -59 -44 0
16 30 39 39 -19 47 -39 56 -60 0
5 11 13 27 37 9 20 26 47 0
43 -13 -47 13 -45 47 -3 30 -46 -59 37 -24 -47 0
8 26 31 52 35 -23 -42 36 38 -4 0
3 -59 -47 0
33 -34 8 36 0
0
23 -30 -8 0
0
18 42 45 51 59 14 -37 42 58 28 -32 -59 0
15 21 23 29 41 12 -18 12 -12 44 -54 19 -18 -30 0
45 51 53 58 32 -52 -48 0
53 32 60 7 21 23 41 38 51 12 31 42 0
50 56 30 -12 0
38 -39 22 -12 25 32 47 57 0
13 -30 -30 0
-2 2
-2 3
