46 -5 -54 55 43 -21 -56 0
3 25 32 38 48 1 2 41 42 0
7 -15 59 -27 -15 51 -13 -14 0
20 22 40 55 56 0
17 51 54 60 8 0
20 -47 -4 17 -48 -33 5 -7 -57 1 12 33 0
9 -18 -59 10 -20 -33 12 15 46 52 4 -34 -50 0
10 48 53 59 -39 5 42 55 0
45 -29 -12 0
22 -40 -5 0
5 11 25 46 53 32 -46 0
12 -38 22 -32 -38 0
45 14 46 5 23 29 29 50 12 31 0
54 -10 12 25 29 10 17 24 35 18 37 60 55 0
3 33 40 49 52 0
53 -22 47 0
33 -2 24 10 32 36 42 55 0
3 22 39 43 24 24 36 54 0
3 60 1 50 17 25 11 -52 -49 3 49 0
3 -54 -26 19 24 53 60 60 0
46 -17 8 17 42 56 33 -44 -5 0
0
-5 1
-5 2
-5 3
5 6 7 11 24 25 13 -13 -41 47 -1 18 -55 -35 0
37 42 0
34 43 0
30 3 30 36 53 3 40 44 52 29 -39 23 39 0
7 33 35 44 42 -21 4 -23 -37 31 37 50 0
52 -32 37 -19 3 32 38 40 45 4 -36 33 -46 -32 0
11 15 21 36 0
41 -21 19 35 59 44 -58 -5 22 -13 -11 0
2 4 17 32 58 55 -29 -36 23 -45 0
10 33 54 -25 24 -53 0
22 -3 13 54 55 22 26 29 30 49 0
17 -39 -59 0
11 -30 54 -53 -29 44 -35 32 -11 -41 0
33 -40 -17 0
32 37 38 45 0
8 35 -13 -26 50 -57 0
0
1 26 34 51 3 21 39 51 10 16 29 60 38 -22 -33 0
22 -22 32 37 43 24 34 39 54 54 0
48 -20 43 -33 -37 49 57 1 -46 26 30 0
-47 2
-48 3
