11 13 20 24 30 0
8 28 47 47 55 0
0
22 23 42 -48 5 29 0
9 -44 0
24 -56 0
5 32 53 55 0
8 11 12 24 28 8 -44 40 -21 46 -50 0
19 -4 57 -5 20 26 40 54 15 -20 0
32 -60 -34 21 -14 -60 0
15 24 44 2 -55 32 59 0
3 -37 25 53 9 14 18 28 31 19 27 39 40 49 30 -53 -53 0
11 17 20 31 42 7 3 4 6 9 52 0
52 28 -31 -50 0
49 0
5 15 37 38 46 0
13 23 34 36 46 44 51 60 56 -13 -58 0
2 -7 -15 58 -26 30 -25 0
4 21 39 42 43 17 39 0
57 -35 -60 0
23 -59 -47 39 -57 -54 0
15 19 46 51 55 58 -28 12 25 28 30 48 10 -23 27 32 45 0
-2 1
-2 2
-2 3
-68 2
0
15 -54 42 -54 43 -47 -54 0
10 39 50 55 0
23 26 0
0
60 -18 43 -12 -52 0
32 35 59 24 -30 -20 1 -55 -27 0
0
51 -46 -58 0
42 -52 -24 0
1 -45 -51 28 -29 -19 15 49 60 0
6 12 16 20 51 10 -59 14 -33 -51 0
26 40 46 47 57 15 39 43 -35 0
57 -17 -25 30 0
15 23 25 37 0
23 25 41 49 0
3 -39 -42 54 -18 -60 0
60 -28 -57 0
0
10 51 55 0
-47 2
-51 3
