9 27 38 48 54 35 0
56 18 -7 6 24 33 46 56 0
33 -55 7 8 23 0
13 -21 -30 44 -7 43 -41 54 -4 -57 0
0
27 29 48 8 51 5 14 20 46 56 28 29 43 58 0
3 12 53 0
54 -30 -10 0
6 20 34 45 -54 36 41 52 43 -22 -51 0
39 43 45 9 52 22 44 44 0
34 59 0
16 -55 0
17 -7 -49 14 51 0
47 -9 -51 7 34 43 0
13 31 33 45 57 0
52 -28 25 49 39 16 -37 0
52 -9 36 39 2 21 28 -22 -3 0
2 41 0
46 55 0
15 -18 33 35 44 59 0
28 0
53 -23 -57 0
-2 1
-2 2
-2 3
-66 3
49 -16 -42 0
1 3 11 31 35 50 -50 -2 0
22 -58 38 26 27 40 50 41 -5 -57 0
26 -5 -27 21 29 43 4 9 13 33 56 0
13 36 41 7 14 59 46 -21 -18 35 58 -3 -55 0
20 32 32 42 50 37 -6 48 -5 -52 54 -12 -23 44 60 0
39 59 0
46 -42 -33 3 4 4 46 0
1 5 36 58 17 18 38 56 38 59 6 29 31 33 50 0
11 11 27 43 49 10 -14 17 0
25 -14 -51 26 -36 -44 11 36 39 49 49 0
40 -49 3 12 13 15 25 31 -15 -47 0
16 18 30 38 43 19 -40 0
17 -18 -23 4 16 18 19 45 0
7 19 24 34 60 -45 55 -31 -55 21 -41 39 -18 0
20 -34 -32 0
16 41 41 43 22 -32 -44 55 -37 -15 57 -15 -22 0
23 25 55 29 -16 -24 1 -5 0
53 -43 0
0
-47 2
-52 3
