28 55 59 47 -49 -44 23 45 0
31 32 0
31 7 11 11 31 45 9 28 28 30 38 0
31 32 41 46 48 50 0
10 16 18 27 32 53 -58 0
28 53 38 -50 -52 60 -17 -7 0
4 19 48 36 -5 0
30 55 58 51 -27 0
3 -46 30 33 60 0
18 19 43 46 49 0
39 -46 -21 0
36 -23 -9 50 53 0
24 -3 -60 10 41 51 52 58 0
0
58 -33 -42 54 -29 -16 49 -29 -50 0
22 47 54 14 58 58 -24 55 -50 0
45 55 0
57 2 30 36 40 59 0
19 -50 -8 24 27 47 35 -29 0
12 18 33 56 -37 0
60 -49 9 -16 11 22 23 54 56 8 50 56 -50 -41 0
29 32 33 35 52 51 -51 0
-2 1
-2 2
-2 3
-68 3
52 -20 -23 25 -24 16 -22 -3 46 -11 -17 0
19 30 34 42 44 20 -45 60 -32 38 41 0
8 48 52 0
4 -13 23 40 57 56 -49 0
44 -1 -7 58 -60 26 -16 12 -57 -4 14 -48 0
23 -56 -26 3 14 -40 -15 18 -42 0
33 -40 -15 7 20 39 51 38 43 -48 9 -15 0
14 22 40 0
0
57 -15 22 42 0
35 -46 53 44 -6 52 -48 0
3 -5 46 -53 -39 4 -11 -13 10 -42 -41 0
52 -58 -51 53 -36 40 44 0
15 -25 -13 30 3 -8 -28 0
1 -54 51 -59 -56 5 -35 -31 0
30 31 43 0
0
36 -34 -15 1 6 12 19 36 50 -10 0
8 29 0
12 21 21 53 47 -58 -53 5 36 59 0
-14 2
-14 3
