59 0
7 31 38 44 0
19 0
21 -6 15 -60 41 -1 15 27 30 40 0
8 23 43 45 47 -57 -27 0
6 -12 11 -54 -35 28 -21 -59 0
41 -54 -60 13 44 0
36 36 -40 -50 32 51 58 0
15 -11 -11 26 -20 -21 25 -34 -26 0
22 -57 -51 7 51 54 57 0
1 2 16 36 48 -44 13 -5 0
35 -50 24 -47 -7 0
38 -56 -44 10 15 17 35 28 -27 6 -40 0
7 -32 -24 30 47 0
36 -35 28 -35 9 11 12 54 60 -59 -21 0
34 -11 -24 35 -9 28 40 -12 -2 4 16 58 0
30 -34 -21 0
10 -40 -22 0
41 23 -46 -1 0
5 22 53 37 -34 -23 0
37 51 52 56 57 16 24 28 0
50 44 -54 -37 0
-2 1
-2 2
-2 3
2 30 31 3 13 48 50 20 29 37 37 0
27 -11 10 18 24 14 28 34 0
37 -51 0
57 -58 6 7 19 22 41 30 -51 10 33 38 49 51 0
29 -43 20 29 3 19 34 52 55 0
16 21 38 52 54 18 30 39 49 28 -58 -52 22 -2 15 20 42 44 0
22 33 43 45 0
4 9 -47 0
2 11 12 22 9 -15 0
17 27 34 0
45 -55 41 45 39 -14 0
45 39 -23 0
48 -33 -44 43 -42 -22 3 14 23 27 41 43 -25 0
19 21 36 49 51 0
9 30 32 32 11 -8 -56 11 54 2 31 0
6 -29 -15 7 8 14 24 53 0
15 19 20 26 28 2 11 13 19 27 5 16 0
33 0
3 8 21 36 47 -33 39 40 25 -19 -34 0
35 35 36 47 -45 -49 5 12 29 50 54 0
-50 2
-51 3
