15 -49 -57 0
17 53 16 26 37 40 51 0
12 -27 -41 0
60 -3 1 51 40 -27 0
15 -28 16 -57 0
12 20 49 51 58 28 44 54 0
34 -18 0
22 -31 28 -13 -54 53 -59 -53 57 -14 -47 0
32 -16 -35 24 28 32 34 46 58 -33 0
48 19 -13 47 -6 0
0
46 -60 12 13 13 34 34 9 15 47 49 51 12 49 0
1 -4 -19 20 23 25 49 18 -42 -4 38 -36 0
24 52 1 7 56 7 16 43 52 55 37 -45 -57 34 35 57 0
15 -15 9 -37 -38 0
20 46 48 57 24 -36 -46 11 -20 -60 0
1 17 50 0
28 31 38 47 5 20 0
12 20 21 22 54 2 -22 38 -2 -17 47 -30 0
38 0
42 -13 0
20 0
-2 1
-2 2
-2 3
-66 3
26 -59 -51 46 -27 49 -13 22 42 55 56 44 -38 -21 0
5 -57 -29 14 -5 -57 12 -54 0
53 -49 -5 0
57 -21 -23 35 50 54 -29 0
2 60 15 -7 -52 55 -56 42 -41 0
17 23 28 34 36 9 32 51 22 28 0
2 8 -54 -12 9 -35 -17 0
52 -20 7 -46 -7 0
55 -33 0
5 17 20 58 43 -8 9 -9 -18 0
41 -23 30 -35 -50 18 32 52 56 0
2 -44 -24 32 -30 -26 3 3 16 26 55 0
0
50 -29 46 -21 -12 32 -50 0
45 32 -6 21 -53 45 -28 0
7 -32 20 0
2 34 56 8 42 45 52 57 10 30 31 40 46 2 3 57 45 -51 -55 0
18 2 -15 -12 0
13 -24 45 -3 -21 4 25 31 51 31 -9 0
9 0
-5 2
-5 3
