19 40 56 18 37 53 55 0
33 35 45 52 1 -34 -17 60 -42 14 -19 33 -56 0
0
9 14 34 49 57 38 -8 21 -37 -47 50 -30 -59 38 -12 0
19 -42 -24 10 -46 1 46 59 4 34 7 -10 0
56 -14 6 12 14 60 15 17 19 39 51 0
38 -28 23 43 43 43 60 21 -43 0
0
4 10 21 41 45 0
21 28 44 45 2 20 44 1 -44 -60 0
11 56 23 34 37 38 51 20 -30 48 -57 -36 31 -59 0
11 -7 -34 0
9 20 25 27 44 42 -53 0
17 43 52 7 -22 -57 14 -8 0
5 -58 -19 0
41 -17 -15 12 -50 -52 0
8 32 51 44 -37 -51 0
47 -32 -44 16 37 21 -16 6 -51 -59 0
33 37 39 55 3 -24 -21 1 9 24 56 18 25 25 -51 -32 0
38 -15 -47 2 14 24 27 30 0
24 30 43 57 10 25 27 50 58 24 42 55 20 10 -31 -18 0
23 18 18 27 29 35 0
-12 1
-12 2
-12 3
16 24 52 14 -12 -41 0
24 29 34 38 49 17 -47 -18 49 -57 -20 0
2 -44 14 -56 -31 39 -11 -60 0
34 0
6 -25 43 -44 18 20 46 52 0
6 47 48 58 59 13 -41 0
12 -47 33 -56 29 -22 7 33 34 54 0
50 -43 -14 34 -24 -23 21 -57 0
41 -13 40 -20 -58 0
29 -36 56 0
25 -10 30 -34 -56 0
38 -59 -46 0
6 15 -51 40 -3 -60 0
37 -50 -53 47 -57 -14 55 -54 -51 13 37 -10 0
47 56 60 24 -39 -54 53 -7 -3 0
34 37 52 55 16 18 21 0
31 40 43 60 22 -28 10 39 59 -24 0
14 -23 22 38 40 21 41 6 36 37 49 12 0
35 30 -28 0
11 27 51 1 4 14 -9 -26 5 16 35 36 43 0
-51 2
-55 3
