21 -55 -31 9 12 41 42 44 51 -54 1 22 44 51 14 -5 0
24 40 45 0
11 20 26 43 47 17 -4 39 -17 0
10 -55 -15 0
39 -47 22 49 34 0
36 52 31 -19 55 -5 -38 7 13 20 59 0
42 -32 -8 0
0
51 13 20 21 39 59 36 -21 11 23 28 48 52 18 35 40 49 0
11 -9 -55 0
1 46 53 49 -23 0
25 43 0
4 15 53 5 38 59 0
5 52 15 -35 -59 56 -5 -11 14 33 39 42 29 -51 0
23 46 58 -23 -21 0
36 -55 -56 59 -48 -55 4 54 10 28 41 0
17 -29 0
15 18 7 15 55 0
58 -55 34 -10 0
31 -13 -34 0
27 35 44 54 56 27 51 15 -14 -40 0
10 -13 58 -18 29 -26 -12 0
-2 1
-2 2
-2 3
-67 2
6 17 29 52 46 48 -30 0
21 -10 6 -11 37 56 20 -13 5 5 0
15 35 39 57 60 0
10 50 50 53 56 58 -45 11 16 37 54 60 0
16 -39 0
28 -31 -55 53 -23 29 -7 -23 17 -16 0
27 42 0
59 -11 59 -51 1 -32 -45 60 -23 -30 32 46 47 50 0
12 17 21 23 41 -33 37 -30 47 -22 -2 0
10 -12 27 40 55 4 -23 -39 0
3 -10 8 40 57 14 28 40 0
24 -53 -12 36 -17 -46 57 -9 -5 0
15 39 41 0
6 -38 -58 46 0
11 -16 -32 0
9 12 44 60 2 29 44 45 53 8 -6 -12 6 17 30 34 56 0
0
18 -53 5 8 53 37 -57 0
28 -39 0
60 -60 -35 17 -40 -9 0
-52 2
-53 3
