12 -2 0
25 47 56 15 -40 -6 49 -43 -57 0
3 43 57 18 -36 -9 45 -12 24 45 0
42 -33 38 -24 -29 49 41 -39 -33 0
55 -3 -14 23 53 0
59 -37 -7 0
0
30 -58 4 -48 -22 10 36 37 15 -36 0
6 -57 -11 59 -23 23 -56 -10 0
9 22 23 24 58 14 25 39 41 53 0
53 -33 -11 4 13 34 49 22 -17 -17 0
31 -20 16 -37 7 -4 -50 0
48 -36 -40 18 -21 0
27 30 43 48 55 49 -14 0
19 -7 -22 0
0
20 -58 43 0
19 -2 -30 17 -20 27 45 35 -16 -17 0
37 -55 -14 60 0
21 -60 54 -5 -50 0
13 -34 0
43 43 59 -55 -19 44 18 23 0
-2 1
-2 2
-2 3
4 24 29 27 -57 4 0
59 -55 43 -50 0
1 22 47 14 -58 46 -8 -39 9 17 0
7 16 29 47 -34 -41 0
32 -49 59 -18 3 -55 25 -48 -56 0
23 30 17 -49 40 -2 0
32 50 56 0
27 38 31 -39 -6 0
36 0
12 17 52 54 59 -7 15 35 55 0
4 -8 15 -38 15 37 5 21 32 39 56 37 -49 -38 0
10 13 36 42 46 20 -15 46 -19 -42 33 40 45 45 0
39 -19 0
25 -25 5 -17 47 1 8 30 12 -37 -4 0
36 39 50 52 57 5 13 29 48 60 26 28 30 32 51 19 0
14 20 38 41 42 10 -19 -45 0
19 -2 -24 53 -44 59 0
10 23 33 34 50 47 47 50 42 -1 30 -16 -54 0
11 30 54 24 26 42 7 24 24 52 -8 0
1 -36 -55 0
-2 2
-2 3
