1 36 0
13 22 22 38 50 46 -52 0
56 -33 -36 0
9 17 24 0
3 -28 11 15 46 38 -50 -3 3 -25 0
14 -22 -47 38 51 -46 -6 45 -41 -17 0
15 -32 -27 15 38 40 -32 -53 13 -23 51 -51 0
49 -44 0
0
43 -21 0
42 -21 -48 59 -39 -20 19 -14 -26 0
60 -51 0
24 28 28 43 59 5 0
13 8 -23 13 -47 -36 10 -2 -36 0
22 -2 -39 30 41 -19 -25 17 -8 -8 0
48 -31 -4 27 39 5 -8 13 18 34 59 0
46 -52 16 19 -14 -59 8 -8 -47 0
49 -20 0
7 -19 -4 6 31 40 51 19 22 58 0
17 18 28 36 57 23 -46 0
51 -17 -60 0
37 48 49 13 23 38 57 -34 -58 8 27 30 58 60 0
-2 1
-2 2
-2 3
-69 3
57 -55 27 0
1 21 41 45 60 39 -27 53 -47 -54 32 -8 0
8 20 51 -54 -34 0
40 -5 -4 3 48 58 43 -59 0
4 -58 -38 1 29 0
32 -48 -41 44 -30 39 -49 10 -41 0
53 -16 -53 47 -54 0
10 -56 -59 4 35 42 57 0
36 26 -12 -60 2 13 18 7 38 0
20 -41 1 50 47 -6 28 -55 56 -53 0
38 -16 53 -43 -4 0
16 -44 9 48 -17 18 -18 -59 0
8 47 51 -12 59 -9 0
60 -29 52 -2 43 21 25 48 51 0
6 8 25 27 43 58 -25 -18 0
28 -22 5 5 9 31 40 0
26 -33 36 -55 -44 24 -49 -28 0
8 32 55 7 23 36 37 41 1 1 48 54 -12 -48 0
14 23 25 29 60 4 10 11 57 12 39 0
20 -25 -50 6 17 24 51 7 16 59 0
-50 2
-50 3
