11 14 17 23 54 0
2 -43 4 48 51 51 0
0
7 27 40 0
29 -28 44 -10 0
40 -57 29 -3 -1 0
14 24 27 46 55 0
9 24 27 37 -17 32 -17 44 -14 11 -18 -27 0
51 -18 2 10 25 51 57 58 0
0
10 -46 0
9 28 56 17 -12 0
32 45 57 29 -27 -19 4 16 19 51 58 0
51 23 30 32 0
35 23 39 42 55 12 -39 0
23 2 3 11 14 52 0
50 -20 4 -54 -43 19 35 17 -2 0
12 27 41 51 56 0
19 21 29 26 0
35 41 31 -27 -35 7 -4 0
24 -4 39 -40 53 -2 6 36 45 0
19 -7 58 -27 18 38 40 59 60 0
-2 1
-2 2
-2 3
9 17 20 31 37 37 -46 -35 26 37 13 13 27 52 31 -54 0
28 32 33 52 16 29 55 59 48 -3 -58 16 -60 -25 0
40 -22 13 -10 -36 3 5 5 22 32 0
16 -1 -52 0
36 -28 20 -21 -34 0
7 8 8 9 56 0
57 19 26 32 51 21 -39 -12 28 35 54 55 6 9 35 56 0
19 -42 -36 0
2 -37 13 17 40 6 -17 -59 0
24 -57 -53 0
21 -47 7 40 45 55 0
0
22 41 55 30 -28 -38 0
30 -28 -13 5 -14 -40 46 -11 17 -51 -58 24 -59 0
60 -52 -39 26 -27 12 31 56 0
14 -43 -53 28 -18 22 -29 -35 0
28 -6 40 -35 -56 0
8 38 44 53 21 -10 6 7 56 58 13 23 13 -13 -23 0
5 35 42 -8 22 -44 -11 0
2 41 32 44 45 47 51 2 -60 0
-2 2
-2 3
