9 -15 7 30 30 45 49 0
56 -10 -39 53 -39 -59 6 7 21 42 0
17 -55 -52 37 -14 56 -7 -57 5 -15 -1 0
55 -13 -3 3 -50 -8 5 21 52 55 58 33 45 18 -60 -47 0
14 -41 0
47 14 48 54 56 0
33 15 -59 1 -56 -31 0
42 -14 -12 14 -16 -56 19 33 41 34 -57 -6 0
14 47 59 -46 0
12 10 11 29 31 54 0
3 13 20 24 38 2 14 20 23 52 9 -60 -28 0
29 -7 4 30 43 59 29 56 0
0
30 33 35 -5 -45 30 -15 0
42 -6 32 -50 21 -48 -3 0
27 29 34 59 32 -60 17 33 44 45 19 25 54 59 60 10 21 38 0
39 -49 0
17 -59 -47 14 30 36 54 38 -46 47 0
46 54 55 55 9 -50 25 46 0
7 -41 -41 3 9 13 40 0
1 27 35 41 43 6 -33 -17 0
12 32 34 34 53 31 -53 -1 0
-7 1
-7 2
-7 3
25 -22 -53 4 11 37 41 44 43 51 9 13 33 0
38 -57 0
0
45 -25 -5 9 10 25 33 -24 0
48 -26 -30 34 -26 -8 8 17 37 43 60 44 -42 -8 0
27 -31 0
0
24 -35 18 -27 0
51 -22 -3 50 -23 -13 0
46 54 12 -14 51 -25 0
37 -20 -5 0
42 -52 -13 0
43 44 51 55 0
14 -2 -20 0
34 59 0
41 -56 -55 53 -59 -23 0
16 -27 -12 11 26 47 0
38 -50 35 38 0
41 -6 -9 53 -27 -57 0
5 21 54 56 29 19 33 51 0
-21 2
-21 3
