40 55 41 -32 38 -13 0
48 -19 -17 10 -14 53 -21 0
3 32 48 50 55 13 17 24 43 44 55 13 32 0
48 -18 47 0
16 -14 15 29 31 58 0
49 18 -59 -47 0
25 31 31 36 18 45 54 39 41 44 46 29 58 0
17 -40 22 53 10 33 47 0
19 36 0
14 -45 53 -48 21 30 32 50 48 -53 59 0
22 -43 -32 1 3 10 11 37 11 -43 -7 0
52 -48 0
40 57 -34 15 -47 17 -8 -51 4 54 0
2 2 13 16 1 14 25 41 52 7 30 33 40 0
42 -4 0
35 -40 21 -48 50 -25 -25 0
8 24 29 48 59 21 -51 -32 27 13 47 48 53 54 0
4 16 38 35 -46 54 -3 0
2 6 18 40 11 33 0
45 -27 -7 11 -60 -5 17 24 43 46 48 51 -25 49 -55 0
52 -13 -5 55 -28 -20 0
35 -13 58 -54 57 59 0
-4 1
-4 2
-4 3
-69 2
16 -3 -4 0
46 -36 -9 24 -25 -17 6 -20 -52 0
16 -40 -49 0
0
12 45 10 -31 0
15 -9 52 -6 -52 10 36 53 26 28 34 45 53 0
33 -13 -41 29 -27 19 24 25 31 39 0
3 23 27 35 48 21 -11 0
11 -27 57 -39 0
26 -9 8 -5 1 -23 13 -30 -44 0
3 39 45 46 56 9 -44 0
43 -51 0
53 -46 -15 25 48 11 -16 32 -30 0
6 6 11 9 10 52 11 12 23 25 54 54 -24 -18 0
11 -5 -9 0
23 -10 -31 5 11 35 38 44 8 14 0
22 -59 29 -37 -22 0
9 44 56 39 1 0
31 -22 -29 38 58 3 49 59 23 -40 3 4 15 35 0
9 35 0
-19 2
-19 3
