27 -50 -30 3 -57 0
42 -23 9 28 34 36 34 41 56 6 10 19 35 0
0
26 -26 -26 0
46 0
10 49 52 58 0
0
35 -10 4 10 27 54 0
9 -59 -4 19 -58 45 -23 0
22 -16 9 14 16 48 50 1 25 42 20 -59 0
52 -18 8 16 33 35 36 0
1 -43 -50 9 19 26 55 58 45 0
13 47 58 0
0
60 -45 -2 30 16 -50 0
10 15 18 30 6 -26 -21 30 -1 -28 0
7 -7 53 -31 -21 16 -2 13 33 37 41 42 0
31 -32 -31 30 -7 56 0
29 -41 7 -34 -40 30 -29 0
17 42 42 -23 -12 20 -37 8 28 28 44 48 0
22 28 48 52 20 -34 58 -8 45 9 22 52 0
10 12 24 26 38 36 -42 0
-2 1
-2 2
-2 3
5 8 28 52 59 43 -37 57 -18 -53 10 32 32 47 59 0
13 24 27 51 23 -31 0
8 -27 -35 27 32 41 -29 -36 0
18 27 52 55 55 -3 39 -36 11 -7 -59 13 -44 -27 0
57 41 -15 12 17 19 21 55 55 -36 -52 0
32 -58 -7 2 -49 -60 15 -54 -41 0
23 29 33 35 51 10 -45 -38 0
39 -23 0
7 47 53 11 29 37 58 2 18 28 29 32 -40 -52 0
20 23 26 37 43 -3 -11 1 11 16 30 0
47 -34 -16 0
0
10 -53 -46 56 -2 -53 57 -26 19 37 53 0
33 -48 0
52 0
23 -48 3 7 25 51 22 -29 24 30 20 -42 -51 0
60 -2 32 -45 31 -38 -34 15 23 30 36 -40 -25 0
5 -1 -12 11 20 31 0
0
29 -37 2 18 22 35 59 30 36 36 0
-56 2
-54 3
