2 13 27 36 7 -24 -16 19 25 52 55 60 2 6 33 0
43 0
0
5 -30 -35 26 -1 -44 9 25 29 -57 0
0
32 -28 54 -18 -49 49 50 0
6 12 27 39 44 9 22 35 52 0
30 -50 0
8 12 29 -36 -31 0
8 40 50 49 -47 -51 0
24 0
36 54 0
31 -57 0
2 20 36 46 10 -57 21 -41 27 -53 1 -26 0
48 -14 11 -11 2 24 42 0
5 12 0
48 -24 2 28 37 39 30 -13 37 -2 -21 19 45 53 54 0
57 -13 7 8 0
21 -13 -56 49 -60 0
31 -56 -31 10 -7 -42 33 44 6 -56 -55 7 13 45 46 0
51 -30 0
47 -30 12 13 18 43 7 -37 -50 0
-2 1
-2 2
-2 3
14 50 -14 -29 5 11 12 39 45 2 -26 0
3 -34 0
0
30 36 51 53 53 9 9 13 39 55 51 -27 0
58 26 -36 4 -8 19 -40 -15 0
0
39 -41 -28 24 30 36 55 19 22 54 4 -34 -39 0
0
3 9 11 25 30 41 42 0
3 56 0
2 32 38 48 30 50 0
13 26 39 39 0
14 -37 -52 21 59 19 -10 0
52 -22 0
2 29 60 0
0
4 11 38 42 43 57 -41 -7 0
59 23 44 46 43 58 0
51 -14 15 29 11 11 14 53 0
14 30 31 47 21 -35 -42 0
-15 2
-15 3
