4 -1 0
6 -33 12 -49 14 0
5 34 58 60 60 42 -30 0
41 -43 -40 19 34 53 26 0
3 -3 -29 6 14 19 29 0
50 -35 -14 40 -38 -6 18 -9 -44 9 0
1 2 6 34 0
10 37 52 58 59 0
38 -35 -54 1 8 22 52 0
40 -57 -52 39 -23 -11 38 -1 -44 0
48 -2 23 4 13 41 42 24 31 33 0
13 34 49 0
57 -10 -20 5 14 6 8 22 59 60 0
0
40 -50 -35 6 45 45 9 -15 25 -16 3 -24 0
36 -38 -17 0
48 6 58 -47 20 40 42 49 9 26 38 39 53 0
27 -30 0
23 -8 -10 11 14 46 49 46 -42 -11 55 -1 -48 1 -9 -53 0
4 -4 -54 57 -37 5 -41 -27 0
0
4 13 48 49 52 39 -20 -33 52 -16 42 -51 0
-47 1
-48 2
-47 3
10 35 36 42 43 -33 -12 0
21 23 36 43 59 22 35 37 59 29 -53 3 22 51 52 0
50 -58 0
34 35 48 53 56 33 43 0
19 54 29 -32 -1 58 0
30 48 12 28 45 57 32 42 43 47 52 0
59 -51 -58 45 55 12 -32 44 -50 32 -52 0
40 -29 9 42 -32 39 -58 -55 0
26 -41 9 -60 30 -10 0
30 39 48 51 52 57 60 0
1 -58 -29 13 0
18 -37 -13 0
26 -17 57 -1 0
22 -52 -8 35 -11 32 -36 -17 33 -38 -2 0
32 -23 -53 2 18 32 4 24 38 50 39 -52 -14 0
7 8 29 43 54 0
8 -27 -44 20 -59 -8 30 -35 -38 53 -14 0
15 37 46 0
54 -37 -56 57 57 57 2 41 54 40 -29 0
3 -50 28 -58 59 -30 9 15 57 3 5 0
-49 2
-49 3
