20 -24 52 -8 -40 0
6 22 28 50 58 0
12 -58 0
1 40 42 57 48 -41 -59 59 -46 -45 0
6 49 60 7 20 29 52 59 13 -57 -29 58 0
22 -8 24 -46 48 52 -6 0
22 -45 9 -44 6 -48 6 -38 -50 0
15 16 0
28 -35 -35 0
3 4 13 27 40 3 7 38 0
55 -57 33 36 48 0
46 -37 -35 0
45 -53 -39 19 29 51 47 1 -10 0
46 11 47 27 -58 -46 45 -9 0
0
4 -26 -39 60 -31 0
35 36 44 51 46 -56 -33 44 -36 0
54 -59 -16 39 -60 0
11 20 43 45 57 -32 -49 9 9 22 34 54 0
23 49 51 55 0
21 -29 5 59 56 -23 -30 19 -17 0
54 -19 -16 34 17 37 53 0
-2 1
-2 2
-2 3
19 40 44 57 12 18 39 51 0
41 -9 23 60 38 41 44 57 60 27 13 17 27 36 57 0
12 13 19 46 0
29 -22 28 31 40 41 4 8 17 21 49 53 0
11 -36 0
18 46 21 23 29 43 43 4 10 18 52 0
17 -34 10 16 29 29 0
54 -13 22 -17 2 -10 -18 0
7 -21 4 12 38 39 22 1 -56 -5 9 -42 -13 0
52 56 60 10 -26 59 -6 -23 0
6 -45 -11 34 -54 -58 22 35 26 -51 -24 0
5 -44 -12 1 -22 8 9 22 58 -7 -21 0
35 -7 -46 4 15 13 -59 0
0
50 -33 0
41 -27 33 -19 -21 18 -36 -50 0
9 21 43 59 59 29 35 50 59 32 -36 7 -43 0
28 32 58 0
28 46 0
51 -51 36 -37 57 -4 0
-13 2
-13 3
