15 -37 44 10 47 56 59 -20 0
23 -20 15 24 38 47 51 0
11 37 38 53 55 1 1 14 15 33 -19 -12 20 34 0
58 -9 -38 20 11 24 25 38 58 15 -17 9 34 34 0
3 46 -48 23 -37 27 43 0
37 60 60 15 16 46 58 0
59 -10 0
26 0
16 53 48 -53 -35 33 -53 0
3 3 49 0
0
18 -37 -18 6 -21 -25 54 -54 -58 0
57 -6 -17 14 -50 -16 0
18 -20 -13 11 18 24 0
52 -45 -16 13 15 28 7 13 25 38 59 -2 0
46 -1 -2 42 -35 -26 0
19 0
26 -54 -56 3 16 37 42 1 9 47 55 -5 -55 17 24 28 39 0
0
43 -45 -36 38 -27 -3 1 27 59 15 -4 -2 0
16 52 26 -30 15 31 59 8 0
36 39 23 25 39 56 22 -31 0
-2 1
-2 2
-2 3
-68 2
25 22 -45 -44 0
6 22 26 17 -27 0
51 0
4 5 6 22 50 3 20 47 48 50 15 -31 48 57 58 0
48 -43 -49 50 56 -38 22 -25 22 58 0
2 0
6 28 31 54 8 15 35 41 55 0
30 -17 7 51 53 5 45 46 58 0
0
11 15 48 0
17 45 19 -46 -15 28 -21 0
49 -3 -34 40 -9 60 -11 21 -58 4 17 0
51 -10 -26 0
34 -37 -42 30 53 10 34 0
8 30 47 37 -60 52 -22 -54 0
46 46 12 19 55 31 -41 0
6 -45 42 -43 24 46 47 9 23 25 42 60 1 8 36 50 0
1 -57 -49 0
19 -23 -27 37 22 43 45 58 -6 -27 12 16 38 0
17 -19 -3 0
-28 2
-28 3
