27 -38 14 19 52 13 27 43 -5 0
16 -38 6 16 27 44 0
54 -49 -19 32 -2 8 36 38 40 48 41 -13 11 -1 -50 0
6 -21 -41 51 -13 1 10 24 38 43 0
49 36 36 5 13 26 -50 -17 8 30 60 0
45 -53 38 -58 46 56 -14 0
34 39 40 43 46 0
51 -54 0
10 13 36 57 22 -16 24 -21 -41 0
52 -26 8 48 53 27 -21 -54 0
0
15 -51 0
56 -28 0
58 -34 0
0
22 -24 -28 4 -11 -34 0
32 -58 -7 31 -29 30 29 -19 -18 3 -3 -58 0
42 -17 -49 52 -55 -38 0
22 40 0
15 -14 -35 44 38 -11 -29 0
39 56 32 -29 12 -32 0
21 -20 0
-2 1
-2 2
-2 3
5 10 25 53 59 26 -3 -42 3 -34 -2 23 -5 -19 0
52 -48 60 -49 -42 2 -28 46 -31 -8 0
0
47 -27 -24 45 -36 -51 0
11 24 34 53 54 52 -14 25 37 44 48 20 -53 -54 0
9 42 43 38 -37 -41 5 6 10 0
44 -39 0
59 3 -32 -16 0
3 8 12 23 42 15 34 52 34 -52 -9 36 -53 -24 0
19 -39 46 -29 -17 0
28 33 26 -56 47 -48 21 -39 0
25 -17 0
53 -59 -41 0
36 -16 -53 35 51 52 56 59 15 -60 -32 0
12 17 48 50 53 0
50 -23 -26 5 44 5 -3 10 -18 8 17 0
16 18 29 38 42 46 -45 55 -45 0
12 57 -38 21 -45 1 0
21 -48 0
0
-6 2
-6 3
