36 -11 0
12 -10 -44 0
8 32 0
34 -26 -18 16 16 19 30 42 43 -47 -15 0
25 -21 27 32 45 53 58 28 -60 -59 20 -13 0
2 8 36 32 50 -13 9 16 21 57 33 38 43 45 0
44 0
34 1 7 0
0
3 3 28 9 -31 -17 2 -58 -52 0
54 -13 5 55 0
2 28 40 28 35 43 11 14 19 37 54 12 -24 19 42 60 0
12 54 57 57 59 6 10 19 53 59 20 21 36 43 46 37 -5 0
1 23 31 33 58 0
53 5 7 18 33 60 0
39 -54 -55 41 -29 10 46 0
27 -21 -19 0
45 -25 -46 49 -44 -39 19 -59 12 -19 -45 0
11 59 39 -40 -48 10 15 35 43 58 16 -22 0
22 -41 -21 24 -7 16 60 4 6 19 60 60 0
51 -11 44 47 58 17 -54 -8 20 -25 0
18 28 32 45 46 0
-12 1
-12 2
-12 3
56 -24 43 -15 19 42 47 54 8 11 22 26 27 0
5 -1 25 -10 23 27 39 41 43 46 59 10 -44 -1 0
30 52 56 -12 -8 0
8 48 58 2 -19 -30 9 39 52 0
15 39 16 27 50 56 -33 14 35 0
54 -41 0
48 -12 59 45 0
16 -12 -59 13 -8 -33 50 -32 -50 56 0
45 -29 -7 56 -20 -16 20 -34 -43 19 -2 0
47 -20 56 -50 2 17 17 23 45 23 -46 -49 0
39 -48 31 4 -6 43 -13 14 -33 0
33 -57 -30 6 -10 -40 53 -51 9 24 31 47 0
22 -5 -26 28 -31 51 -54 20 27 34 43 58 0
35 -1 37 -55 11 -18 -41 10 15 19 39 51 31 38 46 54 0
24 -58 33 38 -23 -57 0
15 -28 48 0
33 -54 16 43 48 39 -13 25 0
5 22 25 34 20 -47 -25 0
28 -15 0
55 -25 -7 37 -32 7 -16 0
-52 2
-54 3
