8 29 31 40 42 31 -34 10 33 35 51 18 18 31 42 52 0
0
3 5 19 55 0
37 43 54 49 -3 -56 10 25 53 28 -28 -56 0
17 0
29 -59 -48 0
55 -45 -5 20 -55 -12 17 -44 24 -29 -35 0
44 51 10 44 26 37 0
13 18 22 0
9 -6 -9 0
25 -4 0
58 -1 -5 5 32 39 45 50 -45 0
5 -41 46 -54 14 -15 0
4 -45 -12 4 30 33 38 27 -34 0
29 -46 0
49 -3 -46 0
28 36 50 60 53 -25 -9 11 -44 21 -55 0
59 -21 27 -45 15 16 29 0
8 20 25 44 47 55 -17 -33 43 -33 0
36 44 14 30 0
21 22 25 0
2 -40 0
-2 1
-2 2
-2 3
46 47 0
6 56 57 -8 6 0
21 27 45 53 58 39 0
14 19 25 35 36 50 -11 -6 0
53 -38 -49 0
18 -6 -22 56 -23 2 -9 47 -20 -58 44 -37 -11 0
6 1 12 12 31 30 41 34 43 0
29 37 50 10 -20 -28 0
45 -36 54 -10 5 12 22 48 35 -40 0
24 32 55 37 -54 -34 13 -41 0
58 -33 0
29 -59 -36 51 59 27 -12 -52 3 10 41 46 48 33 41 57 60 0
38 -25 58 -13 -56 35 -44 7 0
10 17 42 50 0
32 16 29 44 52 53 14 22 33 53 24 -12 0
3 -56 -49 35 -9 37 -2 -49 0
9 -54 -11 21 6 9 25 46 60 0
56 21 24 42 5 13 40 9 34 11 12 20 40 45 0
28 -31 -54 13 47 59 4 -5 35 -47 -55 0
5 27 32 35 40 15 -48 -5 18 -40 -10 0
-22 2
-22 3
