60 -12 0
0
9 -32 -29 18 -5 -60 51 -19 -9 0
5 36 46 52 9 -24 -15 7 -28 0
7 10 33 47 0
53 -39 -10 23 25 47 30 -10 -54 0
57 -37 -9 5 -39 10 37 47 59 0
24 -29 -37 21 -14 12 32 45 59 2 13 20 0
25 -29 -44 24 -22 40 -19 22 34 35 56 57 16 -47 -42 0
27 -2 0
10 14 14 21 28 48 28 57 -5 0
2 31 39 36 -57 0
45 -35 46 58 19 40 58 0
17 -46 -26 0
19 -53 -21 30 -2 -19 24 -5 17 30 42 47 52 0
54 -52 25 -44 57 -27 18 -58 -7 29 -2 -43 0
19 23 29 33 37 0
29 0
57 -46 13 -5 11 13 29 35 28 -60 -40 0
20 -27 -27 49 60 0
51 56 45 59 16 -26 -43 19 22 22 23 26 0
3 11 19 24 32 -4 29 39 51 52 39 -55 -21 0
-2 1
-2 2
-2 3
35 45 0
4 -30 6 15 42 50 52 35 -10 -29 25 26 57 29 -21 -53 0
4 -53 -41 0
2 5 24 -49 -27 57 52 -38 -49 0
53 -10 -12 0
51 37 0
55 -60 -52 0
20 52 52 -26 14 17 20 58 8 10 41 52 42 -37 0
26 35 40 54 0
13 16 40 51 58 21 45 50 51 51 0
36 -50 14 21 27 28 51 5 19 54 0
26 46 44 -44 21 26 36 0
6 9 29 31 47 -55 -23 0
15 41 55 41 52 0
10 18 26 33 54 -38 -49 15 54 59 59 0
12 17 34 39 57 20 -56 -30 1 -28 5 8 34 60 36 -52 -52 0
56 -43 12 -49 55 -8 -53 8 -25 56 -7 0
6 20 39 46 51 53 0
9 -46 -56 39 12 44 47 45 54 -53 -51 0
42 45 0
-56 2
-51 3
