5 10 37 44 0
8 15 36 41 59 16 20 22 57 34 54 9 31 39 48 49 -23 0
41 -21 -5 47 -22 -13 18 -10 -32 0
3 6 10 13 59 30 -31 0
4 19 53 0
3 21 37 53 54 0
46 -51 -60 0
26 44 18 -50 -20 22 25 35 58 0
41 -7 1 -60 0
6 13 54 0
41 -37 25 31 37 5 10 24 0
5 -15 -52 0
53 -34 26 28 34 14 41 46 0
34 -34 0
30 49 52 2 0
1 20 25 49 56 11 3 -52 -18 4 28 35 58 0
49 -29 0
18 53 60 25 38 34 -26 -50 53 -28 -23 0
37 -13 -59 59 -19 -28 5 23 27 37 37 4 32 0
3 22 49 52 44 -48 -55 8 19 16 -56 -38 23 -24 0
7 17 20 26 60 32 -34 -53 0
42 -51 -36 22 47 48 0
-11 1
-11 2
-11 3
17 33 39 47 5 56 0
59 -21 -57 4 10 6 -42 0
24 -20 -10 13 41 43 58 19 43 55 9 -29 0
23 -18 39 -13 0
2 -7 43 21 -18 -6 17 -33 -7 48 -25 -52 0
3 -28 -46 40 -57 16 27 31 0
51 -24 -35 0
22 24 44 56 58 21 22 41 21 51 0
5 12 30 34 53 4 23 48 58 60 51 -34 0
11 13 -28 18 20 37 55 -15 -6 0
22 60 55 -2 0
0
8 21 25 42 56 9 15 32 45 46 35 59 19 25 0
3 -33 -46 45 -24 59 -10 0
12 -57 -25 5 -23 10 -1 8 22 19 -12 -18 0
41 -4 0
17 29 31 60 1 19 19 27 41 0
51 -14 -11 11 -51 -55 0
24 -27 28 -5 -59 2 5 18 0
50 -1 0
-49 2
-56 3
