5 -46 16 -10 -38 11 -49 -59 0
6 9 32 39 28 32 33 40 58 1 57 13 0
20 -18 -27 49 -40 16 30 38 41 57 0
22 -49 0
9 10 14 43 52 0
47 -8 51 -37 18 -52 -48 0
26 0
12 -48 50 -10 -19 58 -18 -31 2 -25 55 -51 -17 0
25 -10 11 -28 36 -39 0
1 57 -41 0
34 43 30 -30 -23 49 -4 -44 0
60 -24 30 33 46 18 -56 -5 38 40 48 59 15 16 23 31 55 0
27 -30 36 -50 0
47 -10 42 -28 28 0
19 28 45 55 57 0
59 60 0
14 20 29 0
33 0
55 60 32 34 50 59 4 -49 21 55 0
16 26 41 48 0
7 48 0
31 -40 -35 5 33 55 1 -2 -34 34 0
-7 1
-7 2
-7 3
11 26 -27 -21 27 -9 -51 0
45 -21 20 25 32 3 -49 -47 7 8 33 35 0
56 -46 24 0
34 -50 0
0
46 -29 13 56 3 40 0
19 -39 55 0
16 25 33 53 27 -9 10 12 32 46 19 -12 33 -13 -20 0
53 -34 6 -4 -22 33 -50 -28 0
4 6 -21 -24 7 -56 1 18 0
27 32 0
40 -57 47 -15 11 -44 -3 0
16 -53 -44 0
30 -11 2 10 11 37 42 0
52 54 6 10 36 60 11 20 7 -50 -22 25 -39 0
38 -60 -22 13 25 31 37 33 -40 -19 44 -37 0
12 -37 2 -43 23 39 44 51 1 -59 -34 0
15 13 22 42 53 57 9 19 44 54 0
48 8 -57 -55 13 13 24 50 54 0
42 -19 18 44 5 -6 -50 13 20 22 35 35 37 44 0
-49 2
-48 3
