35 -50 -9 5 7 20 47 53 0
45 -14 -25 0
42 -35 -56 0
25 33 40 55 59 32 35 47 48 0
18 -30 -4 12 43 55 48 -52 -48 0
23 -58 12 21 42 52 3 -55 37 -42 49 -35 0
15 -40 16 32 37 44 49 48 -9 18 26 35 50 0
21 28 45 50 -55 -57 0
60 -32 11 17 37 50 55 4 42 53 0
21 -14 0
4 -47 30 43 11 -14 0
20 -33 0
6 8 22 50 59 5 -41 -56 0
8 25 55 34 -8 1 3 44 57 0
0
37 12 -49 0
26 -47 -44 0
3 12 34 0
10 35 36 5 42 51 45 -35 -16 0
20 23 23 35 37 27 -59 44 -39 60 0
1 28 47 19 -18 -52 0
51 -27 -17 36 -27 -58 19 -39 -36 0
-2 1
-2 2
-2 3
52 -35 -55 4 8 16 25 43 0
33 52 45 -31 -4 0
0
13 28 55 11 20 25 53 55 0
44 -27 13 -24 -52 0
22 -26 55 -44 -9 48 -38 0
3 43 47 0
29 -45 -5 24 -25 -57 44 0
1 41 42 46 5 14 49 52 10 26 42 52 0
2 10 7 -37 -54 31 -49 -39 0
18 -41 -5 39 -7 0
60 -7 0
0
19 20 22 39 44 -11 10 -54 0
19 -5 41 0
50 -56 26 -3 -30 3 4 31 44 48 0
11 22 54 3 4 9 15 47 20 59 60 19 -11 -60 0
51 54 34 -58 -13 40 0
57 -5 -12 9 11 40 43 58 0
1 16 22 31 52 0
-37 2
-37 3
