44 -56 -54 2 -37 -14 21 36 50 59 -29 0
14 35 60 6 -23 12 14 45 -8 -30 0
4 -48 -54 45 -16 0
0
22 -9 -21 3 30 32 39 -53 -47 18 -19 36 47 0
42 -31 -49 44 -11 0
11 30 39 40 45 4 11 37 51 0
7 -16 -46 23 -34 8 -46 27 -10 -2 0
35 -45 -14 6 16 11 -1 -29 44 -42 -45 0
15 19 40 45 58 47 57 -40 -17 4 18 28 47 51 26 -8 0
13 -6 17 -5 24 -23 60 0
44 -53 -16 0
3 17 23 41 48 32 -46 0
40 -41 49 -35 -54 0
41 -26 0
22 33 40 21 29 41 -48 0
0
16 -15 0
6 -26 35 43 58 -19 -50 34 59 0
10 19 29 30 26 34 -46 -39 0
37 38 8 43 44 54 -5 -40 0
0
-2 1
-2 2
-2 3
-68 3
22 -30 21 -40 0
1 11 59 60 13 45 58 22 0
0
0
37 -60 3 18 18 46 0
2 46 47 51 49 58 0
16 -38 14 41 58 36 -42 -45 0
5 6 52 59 2 51 53 57 59 0
14 -53 13 22 56 0
5 0
20 -42 -46 4 8 18 33 35 0
41 -12 28 32 38 53 0
35 -52 20 -22 51 -35 42 48 0
1 39 41 47 50 0
46 -1 -46 0
50 -38 0
5 10 50 -45 -27 32 -30 -7 6 16 37 39 60 33 0
32 54 7 60 41 -48 -44 2 -42 -7 0
14 18 30 43 60 37 -50 -32 48 -40 -22 44 -52 -45 0
2 -37 -51 26 38 -30 -48 0
-8 2
-8 3
