43 -39 -58 1 5 17 48 50 43 -50 0
21 -7 -9 24 -33 14 -12 60 -41 0
4 6 43 55 58 38 44 47 47 59 0
25 -28 -51 0
23 37 38 49 53 -24 -42 58 -20 -49 0
33 -54 0
2 24 25 43 0
2 -13 -19 4 32 48 57 0
17 -40 -21 39 9 0
36 -45 7 10 23 9 18 33 45 59 0
10 26 27 21 7 -8 -31 11 -3 -10 11 -52 -3 0
6 6 31 40 27 -53 8 24 39 52 58 0
28 35 58 49 -20 -3 0
4 -20 54 -59 8 19 41 11 37 39 40 0
14 -55 60 -39 41 -60 -18 13 -7 0
54 -34 0
5 26 55 0
37 48 60 37 -3 -50 32 -39 30 42 53 37 -54 0
46 34 -2 -7 27 -2 51 -25 -32 22 -4 -11 0
36 -49 -58 58 -45 8 39 42 60 0
52 -45 -14 39 -43 0
22 36 27 32 18 -38 -9 0
-2 1
-2 2
-2 3
-68 3
-69 2
0
56 -38 0
41 -28 5 -38 0
57 58 16 -15 -43 0
9 21 44 48 49 23 -27 0
12 42 47 -53 -14 0
49 -5 -35 0
23 36 0
14 -8 -24 52 -4 0
2 -42 -1 0
20 23 34 56 42 -26 -21 15 16 0
18 -28 18 33 35 12 -41 -18 9 -58 0
13 15 23 26 33 10 13 25 25 59 0
4 -2 41 -12 52 -53 0
18 28 36 54 59 5 17 42 46 47 0
53 -27 -19 0
4 -23 12 -21 -9 47 0
25 27 41 55 36 -25 50 -13 0
31 -12 -49 0
3 27 31 46 21 -21 -20 0
-49 2
-47 3
