17 -59 54 -41 0
16 34 8 -60 40 0
25 -22 -23 7 33 -25 -27 9 28 40 0
26 -16 -4 43 43 47 0
5 -45 -53 9 -38 21 27 0
45 0
50 -27 0
24 -55 -24 7 14 52 6 -59 0
18 -58 0
2 5 21 52 0
28 -59 -18 57 -7 -29 2 7 11 48 55 54 -19 0
16 -16 -36 12 44 47 43 -43 -23 3 6 10 13 0
10 19 52 0
60 31 -5 -17 8 16 -40 0
48 52 37 49 56 60 0
1 40 55 0
55 -10 1 3 14 33 46 57 -26 0
12 -43 -57 20 38 59 0
13 20 21 33 0
23 56 -31 40 16 17 58 60 35 -10 0
0
40 -10 19 -16 8 11 37 39 0
-3 1
-3 2
-3 3
4 -15 15 22 35 54 26 0
9 40 -22 -40 15 -48 -40 51 -35 0
12 -41 -54 11 29 36 0
51 38 0
29 -59 37 -8 0
2 -48 0
1 24 50 60 5 6 10 45 27 -52 -44 43 -33 21 -1 0
35 -37 4 5 50 -7 -60 1 39 -48 0
6 20 28 29 0
17 -46 22 9 -20 -2 0
5 -20 3 30 42 43 -40 -8 51 -34 -38 4 0
53 -23 26 38 50 -47 -16 31 -33 -37 0
24 -3 12 12 39 49 54 0
2 11 31 39 0
56 -37 -40 27 -26 7 12 31 38 47 58 -38 -40 55 -29 -52 0
58 -50 -52 0
37 39 57 -24 -57 14 26 40 43 47 41 -51 0
11 35 36 47 23 -51 10 -25 -20 12 18 31 38 42 0
35 50 35 -2 -25 0
40 -32 -1 55 -42 -12 5 -38 2 -16 18 -60 -14 0
-47 2
-56 3
