5 -44 19 -57 20 21 39 52 52 0
0
5 19 20 28 36 26 36 10 -23 5 25 25 27 58 0
29 -48 0
21 5 26 34 56 8 0
36 4 5 14 38 48 -20 16 -4 0
31 -58 1 50 31 -1 39 -12 0
4 -52 0
39 -14 34 -59 38 -24 31 -38 14 -31 0
25 -27 -22 1 -3 -48 50 -47 38 -37 0
54 -39 -54 0
20 44 -11 56 -17 -14 8 0
58 -24 -24 47 -8 -17 0
23 -25 9 13 41 41 -27 -30 0
16 -41 0
30 -9 -23 57 -13 5 -30 -43 27 40 0
15 -54 11 1 8 14 46 24 24 29 37 46 28 -5 -29 0
35 -10 -17 28 -43 39 -56 21 -1 -12 0
50 56 57 10 11 15 17 18 0
19 -12 0
0
39 6 15 30 56 59 0
-2 1
-2 2
-2 3
9 13 20 26 57 0
26 -50 56 6 24 29 31 57 0
22 38 7 -4 53 0
1 9 12 12 20 4 16 36 52 7 13 0
14 -10 -46 0
53 -31 -42 0
25 -47 25 28 31 1 -14 12 -35 0
29 29 48 49 52 52 -50 0
50 -32 1 -1 -37 53 -47 -30 44 40 -59 -34 0
35 -57 0
4 -59 55 -48 47 -22 -49 26 -5 3 -51 -57 0
3 5 8 14 59 0
3 8 14 33 6 52 2 28 35 44 0
26 -50 -3 43 14 19 0
16 -14 58 -26 27 41 53 53 0
4 -42 48 60 54 -11 -21 0
55 -23 0
56 -10 -26 48 13 -43 18 -56 -38 0
54 -39 34 35 57 0
33 -19 -40 51 0
-48 2
-49 3
