7 -24 0
28 -52 36 -31 1 17 18 36 33 -3 43 45 55 0
0
36 -17 0
51 24 -32 0
24 59 6 0
0
21 27 53 0
0
28 -36 5 16 28 34 59 -58 -5 0
44 -7 2 9 12 26 0
26 57 58 0
15 24 7 -40 0
7 28 33 0
10 48 -41 0
38 -8 -2 6 -30 54 -26 17 21 26 44 0
25 -30 -4 47 -13 -39 19 -35 -20 6 22 32 32 46 0
41 -47 0
12 -45 40 -31 57 -39 -3 26 -10 -25 0
26 31 41 46 52 51 -25 0
43 -43 0
10 -40 -19 7 28 29 33 37 34 53 53 0
-2 1
-2 2
-2 3
-69 2
0
26 -6 -17 3 24 40 45 12 5 12 14 14 55 0
43 -46 0
46 -28 0
47 46 -1 4 40 46 57 59 0
21 9 46 14 -30 -14 0
13 -36 4 -52 33 55 0
47 -16 12 -37 -3 10 -59 -52 35 -21 -57 23 -32 -26 0
9 -52 7 -18 4 6 55 57 22 -36 0
36 -36 -8 42 -59 3 6 15 32 0
39 58 59 0
10 -58 -9 50 -41 -16 10 -39 -2 6 42 46 34 -15 -36 0
6 6 57 59 27 17 28 0
1 5 12 52 56 16 18 30 24 -20 7 18 34 41 15 -6 -10 0
26 -26 -27 20 32 54 -25 0
0
18 -16 39 -37 -4 1 35 36 42 0
48 -29 56 10 -38 0
30 -38 -48 8 -7 -16 55 -36 -49 23 -14 7 22 24 30 57 0
39 59 15 0
-10 2
-10 3
