5 46 -7 -12 37 -37 37 -14 -44 2 13 20 0
0
10 -35 -47 0
5 -24 0
7 37 56 6 24 39 42 23 -4 -25 0
13 20 21 46 58 25 -49 0
11 41 42 55 34 -13 0
54 -40 -5 8 16 0
18 -49 47 -39 6 7 17 0
44 -54 11 19 25 34 1 6 23 52 0
14 32 6 10 58 59 22 -6 28 0
10 -52 0
26 -35 37 -58 -19 39 -43 -39 0
59 -40 29 -7 -24 22 53 -52 0
34 22 33 0
18 37 40 60 59 -18 21 54 0
23 -51 37 38 39 51 0
4 23 59 -2 -19 59 0
55 -10 -10 9 21 25 36 43 -57 0
8 -3 -22 0
9 -10 -56 14 22 26 41 20 -7 31 0
6 -12 -53 5 37 48 39 -21 -38 23 26 29 32 44 0
-2 1
-2 2
-2 3
5 17 45 51 18 30 -40 0
16 -5 -4 4 -26 -38 0
22 -18 18 22 29 58 39 -19 -31 11 -53 -43 0
0
36 3 5 48 59 0
33 35 0
41 -38 -45 43 -23 0
16 20 36 47 52 44 4 16 21 31 46 2 -58 0
19 59 -37 -22 7 42 51 8 9 40 45 59 0
30 -49 -60 33 -3 0
29 47 58 -50 -47 0
20 -53 -30 11 -33 24 -18 0
14 -4 21 -21 -50 59 9 10 18 28 42 0
20 -23 0
42 47 52 53 57 0
18 23 26 0
52 -1 20 24 43 49 42 58 -15 -28 0
58 20 22 39 52 55 34 -33 -30 40 3 -22 0
5 -57 -19 23 0
40 -2 -54 32 -56 -39 4 28 0
-11 2
-11 3
