2 4 17 47 41 -48 -25 3 0
6 -11 -52 19 30 40 40 60 11 23 34 60 26 -33 40 -59 -33 0
6 7 8 23 25 3 -4 45 0
36 -37 -49 0
25 51 0
32 -31 41 50 13 20 0
51 -42 -30 23 -18 -5 37 -54 -46 11 11 27 39 50 0
52 -5 -34 10 15 52 48 -60 -1 53 -36 0
26 -46 -26 7 -54 -53 20 30 34 0
7 8 23 48 4 21 24 46 60 10 -18 38 -7 -18 0
13 -13 34 -48 30 -15 -11 0
47 -7 28 28 33 53 56 37 -38 -18 10 -44 46 47 0
37 -35 -17 0
20 -20 -40 18 -44 -15 24 16 -55 0
6 21 36 0
44 0
5 5 6 22 20 33 38 54 59 -51 -41 0
20 -7 12 22 53 0
1 -51 3 17 25 25 29 0
0
25 -16 0
11 -12 -26 0
-8 1
-8 2
-8 3
-68 3
27 -53 -31 7 0
20 -54 16 39 49 53 58 0
52 -24 -8 38 -49 0
9 -18 -11 4 -15 -12 49 -2 -11 12 25 27 33 35 0
1 6 10 39 19 19 25 40 -28 -14 21 -47 0
4 19 42 -42 -33 9 -27 0
9 -17 2 5 44 50 -48 43 -8 -7 24 -36 -46 0
36 -32 20 -17 24 30 41 0
44 -9 -45 0
25 0
1 4 7 18 53 0
1 45 46 59 0
18 -9 6 9 30 33 50 26 -60 -11 35 -32 -3 0
57 -31 -22 21 -56 56 -11 47 -40 0
32 0
0
5 26 53 43 49 0
41 -52 -56 0
20 22 0
21 -15 24 26 24 -22 0
-13 2
-13 3
