0
4 5 8 53 56 1 18 18 29 55 18 22 24 38 59 0
47 -47 44 -16 14 -12 -56 0
55 -4 -33 0
0
49 0
42 -49 9 -47 -4 53 -26 0
6 -4 -30 7 -58 0
42 -30 0
25 -11 38 48 55 3 -32 1 -18 0
40 -30 50 12 -7 0
0
2 6 16 30 2 8 10 36 39 1 33 36 50 57 0
0
57 -50 0
36 -13 -60 41 -15 -55 0
18 -25 0
57 16 27 33 39 55 10 10 36 46 56 0
16 -24 43 -12 -52 21 -15 -22 28 31 34 42 59 43 -28 -53 0
8 -27 9 -3 -17 0
4 24 33 37 22 -32 12 16 29 36 0
25 41 45 47 53 38 0
-10 1
-10 2
-10 3
35 -46 0
6 -12 -56 0
26 43 -47 -57 17 58 45 53 57 46 -33 0
55 -19 5 17 38 53 16 17 32 60 41 -49 -6 0
32 -52 23 42 58 59 0
8 -60 45 -48 -5 39 -48 0
51 -57 -5 14 -10 -48 29 -51 7 -60 -56 3 -25 0
33 13 37 42 43 46 6 -10 0
2 35 36 45 46 16 34 37 51 54 39 -14 -35 20 28 39 48 57 47 -4 -34 0
1 -10 35 -49 0
9 44 2 42 46 54 60 25 -33 -5 0
21 -37 -55 27 -29 -58 0
0
20 -9 -39 19 -54 56 -4 -55 43 -54 -4 0
0
0
2 5 12 37 40 -49 10 -54 17 -57 -18 34 -24 0
1 -1 38 -34 11 20 28 40 43 23 -8 -19 27 -32 -38 0
53 -49 28 -56 -8 42 -42 57 0
52 -16 -4 14 24 37 0
-51 2
-51 3
