20 34 55 53 -38 0
26 -5 -23 0
21 -26 -22 34 -2 -35 35 -35 -59 59 -47 0
36 43 45 53 58 45 18 19 53 45 -57 0
56 -19 52 -6 -41 9 -34 -35 0
17 0
5 26 28 30 23 -4 0
4 5 52 53 58 5 50 -39 37 -34 -29 0
37 -20 14 -11 29 36 0
34 44 46 47 54 25 32 54 37 -2 0
14 -50 -50 59 -29 4 -42 33 -43 -20 38 -41 -52 0
57 30 -33 -42 0
15 26 -25 32 -11 -10 39 59 0
11 20 59 1 44 56 0
10 11 13 54 20 25 30 56 12 20 21 37 41 26 27 0
8 19 36 54 58 52 -34 -60 7 13 13 48 14 16 51 15 -29 0
30 29 38 50 0
40 -57 -42 0
6 35 45 53 60 57 0
8 44 -17 -24 0
29 -44 0
0
-2 1
-2 2
-2 3
58 -20 40 -41 -22 0
16 -6 -58 7 -57 1 -10 5 0
1 -6 -57 6 31 39 39 50 0
31 -4 0
29 -32 0
5 -32 -16 58 -31 -30 0
39 -5 -41 21 32 31 -40 -12 48 -11 -23 0
13 -51 -18 1 -47 -41 31 -39 -24 3 13 54 57 0
46 -3 -51 14 34 45 29 58 0
36 -12 -3 2 16 41 53 0
6 16 44 0
17 -24 -15 27 -31 33 48 0
56 -16 0
7 19 21 40 56 55 -60 54 -48 13 32 57 52 -49 0
58 -50 -1 1 9 49 18 -7 0
25 43 53 0
32 -40 -26 30 -18 -32 3 5 6 19 57 -42 0
3 -8 36 -7 18 0
18 26 46 55 60 0
19 -13 -5 6 -56 14 30 36 59 59 0
-23 2
-23 3
