26 32 1 40 -12 -32 20 -49 -53 0
54 -42 0
1 -31 21 31 55 0
54 -12 -42 1 -28 0
29 -6 1 -12 -60 0
20 -43 -51 3 -60 -45 39 -47 -10 3 -35 -52 25 -26 -22 0
14 22 24 32 58 -24 -57 16 -42 0
32 -39 37 -1 -19 46 -16 18 -16 -8 9 0
41 36 -19 19 55 6 -33 -1 0
29 -9 -4 25 -15 22 -31 41 -39 58 0
54 -19 56 -20 -9 33 -59 0
8 14 23 42 35 -47 0
48 -2 -52 7 49 1 28 28 55 39 -36 0
20 26 31 39 18 -43 -30 17 25 31 48 60 -20 -17 9 0
13 -6 0
55 39 -2 0
53 52 -46 0
2 -50 -32 25 -48 -52 17 36 40 50 0
44 -34 -8 58 -42 0
8 -21 -8 51 -56 0
40 -38 10 -39 -56 55 -15 58 -12 -17 22 -36 0
33 56 27 43 -16 -12 0
-3 1
-3 2
-3 3
30 -41 38 -22 -57 0
11 -11 0
31 50 -12 -35 0
51 -29 -3 21 43 0
3 21 25 19 -14 0
18 -5 8 22 47 53 52 -51 -35 45 -38 -20 0
24 24 0
27 -7 0
59 -31 39 23 27 29 58 58 0
16 -51 14 15 -10 -41 0
44 -38 -29 8 -60 -46 44 -24 -14 0
5 49 35 -30 -14 24 -44 -50 47 -56 -52 1 21 41 45 54 0
17 29 52 54 59 12 15 33 47 34 51 3 6 28 55 0
39 56 28 -56 -1 0
13 -35 12 0
15 -30 20 31 44 0
39 0
6 -50 30 32 21 49 51 0
23 28 35 39 58 17 32 35 38 51 23 -58 0
2 -39 -46 1 17 21 49 0
-3 2
-3 3
