0
23 -51 -22 5 -37 0
12 51 55 58 0
36 -39 39 -6 -60 8 28 31 35 -40 -7 8 -26 0
0
5 -37 -7 52 -60 41 45 16 25 26 34 40 21 -59 -49 0
11 -48 -9 26 -18 2 24 44 44 58 0
0
36 -6 0
43 -51 32 -40 5 53 53 15 -35 -47 0
38 10 32 32 48 55 17 33 52 56 43 -17 -5 44 -36 -33 0
5 38 43 53 55 0
9 -47 44 -28 38 43 51 55 10 19 43 15 42 49 60 0
33 -27 16 35 48 50 57 9 17 31 48 49 0
31 -20 -57 0
23 24 30 33 0
39 46 49 0
10 39 50 0
5 27 -42 -58 0
53 -41 -48 47 -17 -5 16 21 29 43 0
0
10 21 32 22 39 0
-2 1
-2 2
-2 3
-67 3
21 -29 52 0
7 -39 -48 10 13 32 37 54 39 -51 -17 54 -53 33 -56 0
40 44 32 -20 -47 0
13 -30 -47 18 24 39 49 50 0
52 -33 -28 57 16 -14 -22 0
18 -38 0
28 -8 9 -16 25 0
15 18 18 19 28 30 45 56 10 -29 30 -22 -51 59 -20 0
22 28 39 51 28 -25 -32 1 14 16 33 46 0
39 11 -49 7 22 23 47 3 -25 -42 6 6 11 20 40 0
5 9 46 -27 -13 35 41 -35 -51 0
3 51 -39 -4 13 16 30 40 45 0
52 53 17 39 17 25 44 44 53 10 39 59 0
3 8 32 52 58 -22 -58 28 -47 0
26 -9 42 10 -31 -3 11 -16 -53 0
16 -54 57 -47 -56 7 9 39 -52 0
51 -40 4 -28 -8 4 12 14 18 35 44 -30 23 58 0
43 27 52 8 25 39 60 29 -25 53 -44 -45 0
56 -9 3 21 32 0
52 -12 -46 24 -17 0
-51 2
-52 3
