56 -38 -10 42 -55 -53 14 35 40 18 -46 0
16 29 48 51 0
29 34 56 12 32 40 48 52 0
2 28 39 50 59 0
17 -24 -46 15 15 31 32 47 41 -30 -14 11 25 29 31 0
40 -46 22 0
37 -20 0
48 -38 19 -16 -47 51 -19 16 -42 0
48 -26 -7 16 -55 -2 25 -20 -37 0
55 -18 38 38 41 50 51 34 47 5 -31 -57 0
23 0
2 8 52 57 44 -16 -34 17 -21 60 -33 0
41 -58 6 -33 0
13 25 33 0
39 53 20 -23 12 23 50 0
11 0
26 -52 -27 47 -47 -51 29 -50 -2 11 -17 0
17 22 30 47 55 26 32 59 0
4 14 22 49 11 20 51 57 0
56 25 -47 -6 0
53 -26 26 0
17 -18 0
-2 1
-2 2
-2 3
6 13 55 41 56 7 -49 0
15 -6 -5 56 -48 6 8 26 34 0
1 11 43 50 4 31 33 39 49 0
34 -21 0
1 -21 1 16 34 53 53 48 -57 0
19 35 13 -59 -35 60 -53 57 -13 -52 36 0
8 -3 -45 34 44 0
43 16 34 36 41 48 21 -8 25 -2 -53 22 26 30 54 0
43 -31 13 -32 8 16 30 13 -4 -30 0
28 -3 -60 0
1 20 26 40 9 15 26 34 0
14 -60 -19 14 -33 0
31 -12 -44 41 13 35 44 48 0
0
15 -1 -58 17 0
0
12 20 42 56 22 25 46 43 0
32 -55 -24 22 29 41 0
4 17 50 -11 0
5 22 45 55 21 -53 -3 0
-2 2
-2 3
