47 -10 0
30 36 51 -21 -34 7 0
11 16 21 51 18 40 57 28 -28 0
49 -42 -9 2 10 37 0
33 38 58 59 14 21 38 58 0
1 5 7 58 0
3 -38 -45 0
1 37 41 48 53 0
9 -25 24 -38 7 -39 -49 11 33 48 51 53 0
58 -59 -29 0
38 16 -12 24 29 33 33 4 46 55 6 -38 -21 0
41 -44 52 -46 -14 0
59 -60 50 50 0
41 -37 -34 6 -22 5 35 42 8 -7 -17 30 -20 0
52 -48 40 50 -1 -6 8 24 27 52 53 0
0
1 22 31 40 59 22 40 16 -49 -3 1 35 46 26 -43 -48 0
22 -18 -54 0
51 -49 -36 35 -30 15 0
33 -21 34 -3 -59 22 -41 -30 26 -1 -59 0
45 42 -4 -15 11 -44 -9 0
12 -14 0
-12 1
-12 2
-12 3
-69 3
-66 2
6 7 20 29 48 0
32 -25 -12 43 -5 53 -21 -53 0
10 49 0
17 24 -41 14 51 57 31 -55 -30 0
15 -8 -28 55 -55 -23 58 -1 0
19 33 46 60 51 15 32 52 56 -55 50 -12 0
36 -20 -54 3 -31 0
12 -29 -59 36 -49 22 11 39 43 0
7 16 27 39 49 22 -6 50 -48 0
17 24 37 37 38 48 51 54 57 -13 0
51 49 -4 0
41 -33 -25 1 -52 0
56 -60 43 -13 57 -49 -14 0
36 -1 27 55 -37 -5 5 -31 0
19 19 22 23 0
39 43 55 -10 -20 0
9 -38 -25 2 2 20 55 0
28 43 53 57 -13 0
43 -1 -56 0
33 -47 0
-12 2
-12 3
