20 0
23 44 52 60 2 -16 -27 38 -42 18 -5 0
40 -26 -30 27 -12 -60 0
3 34 37 42 46 4 25 44 56 31 41 45 14 34 37 39 0
38 -27 22 43 60 14 37 51 53 55 0
42 44 58 28 -54 -14 0
22 28 30 39 6 -15 41 -25 -8 22 -27 0
12 24 44 46 58 58 -47 -14 0
19 -52 -47 39 -4 -33 24 -9 -47 12 22 24 37 0
12 39 46 17 26 7 40 44 47 57 30 32 47 55 55 43 0
10 12 25 28 38 8 15 26 28 56 -47 0
0
12 -29 35 -58 0
29 31 59 49 -38 -29 0
3 20 24 44 49 0
33 33 49 52 0
13 9 -60 10 -45 -47 12 19 -13 0
17 30 45 7 -34 0
30 -5 -1 18 -26 -25 15 -19 11 44 45 55 0
6 45 3 -47 37 48 58 30 -57 -15 0
5 -1 -48 6 16 29 56 20 0
27 -37 22 -21 -44 3 -27 -24 15 0
-2 1
-2 2
-2 3
10 38 57 0
10 -50 -7 19 -44 54 -33 0
14 -44 53 -47 -60 0
54 55 -9 0
21 21 47 48 45 50 0
26 -8 -49 9 15 37 38 14 20 20 29 34 0
28 -20 18 25 11 53 51 -53 -22 24 24 26 39 0
12 26 29 38 58 0
34 -59 8 -39 -4 8 -26 0
50 -40 33 -49 -49 52 -33 0
0
19 -13 -13 10 0
0
56 -52 -15 19 -18 34 35 41 11 -32 0
34 36 45 55 57 1 25 38 51 53 29 34 45 52 53 0
6 34 27 -23 3 -43 -30 0
45 -4 -46 4 23 42 23 46 58 58 39 -16 1 19 21 48 50 0
51 -25 -35 54 45 0
7 41 50 55 -14 -33 46 -12 14 -43 -50 9 34 40 53 0
47 -42 -31 0
-48 2
-52 3
