8 35 45 -11 0
15 38 50 50 53 0
15 20 54 60 5 -10 -46 59 -25 -36 58 0
5 33 53 27 32 44 53 0
6 21 40 44 58 45 -29 0
6 28 32 -18 0
23 -44 -19 50 -29 -57 51 60 0
22 52 53 0
20 -51 -2 4 -36 -33 23 29 39 45 44 -38 51 -8 0
31 42 52 17 31 40 55 10 24 33 35 54 -3 0
2 3 17 60 0
20 -32 -17 4 7 27 37 32 0
2 4 15 30 41 6 11 28 39 49 53 0
39 10 11 14 20 47 11 28 46 0
47 48 54 17 28 35 40 49 14 -34 -12 58 -39 -58 0
10 13 15 58 58 0
28 30 41 0
5 14 16 17 56 4 11 35 0
31 48 -5 -49 0
1 -55 -6 0
24 -24 -33 18 -2 -38 32 -49 0
57 -31 -21 23 -57 -43 29 44 48 49 54 0
-8 1
-8 2
-8 3
7 -49 0
56 -29 18 41 59 47 -46 -41 4 8 34 49 58 0
14 38 42 50 0
3 14 20 15 -18 19 38 41 45 15 28 0
4 46 -60 -15 12 -25 37 -1 -34 0
16 43 0
6 -41 39 -10 1 -46 0
6 22 57 58 0
58 -41 -23 0
59 -16 50 -44 0
20 37 58 57 -56 59 -55 0
6 -37 -37 31 34 53 54 56 30 -41 -55 1 8 11 38 58 0
15 15 54 0
45 54 14 48 17 -45 29 32 47 59 0
35 40 44 49 54 40 -9 -11 0
54 -47 22 -53 0
2 45 0
19 24 44 45 23 -17 -47 0
11 11 17 22 18 0
42 -54 34 -5 0
-8 2
-8 3
