29 -3 9 -22 -57 38 51 9 -13 -6 40 49 50 0
2 8 40 42 13 -55 -1 31 47 54 17 18 23 28 57 0
36 -41 59 -21 -48 12 14 48 11 -29 -44 0
55 -24 -58 31 31 60 8 12 27 3 43 -20 -53 0
50 57 -30 -51 12 24 41 43 59 30 0
13 22 35 12 25 21 5 18 52 48 -43 -4 0
15 -58 -47 3 -56 -10 0
59 -46 32 -26 0
13 20 -9 -12 26 -1 -12 19 53 32 -43 0
53 -43 5 32 47 19 28 40 58 2 -31 0
8 -54 0
9 0
10 -11 5 -60 0
32 -52 59 0
12 -15 -48 6 -23 23 36 40 44 0
0
24 27 56 59 3 -31 -13 5 -14 16 -41 4 15 29 55 0
9 24 48 57 5 -28 36 -20 -30 22 41 42 56 0
11 -45 17 -11 -40 5 10 28 51 54 21 0
52 2 6 14 15 24 -33 4 46 0
30 0
56 -7 32 -38 0
-2 1
-2 2
-2 3
-68 3
10 27 54 0
3 -37 16 32 53 54 0
60 -27 -54 34 -44 -60 0
15 15 34 44 55 37 42 59 10 19 39 46 60 15 22 53 24 0
13 -7 50 -55 -9 2 10 11 23 0
47 -56 -9 31 34 43 47 26 43 8 12 35 36 40 0
18 -52 -12 41 -24 15 17 33 48 51 31 -8 0
55 -11 -21 29 32 42 47 -52 -8 0
8 17 38 54 6 36 38 40 57 11 24 38 57 28 -31 0
11 -23 22 -32 -47 0
16 -8 -60 11 -33 -8 0
25 0
57 -42 -38 4 -50 -33 0
31 -32 7 24 32 34 37 -10 -29 0
25 35 59 -39 -48 0
12 -53 0
47 -34 -54 0
4 8 -11 53 -41 -56 38 51 0
1 4 9 13 0
23 24 24 38 0
-44 2
-44 3
