12 18 30 44 55 7 -29 -15 17 0
0
31 0
56 -13 -34 0
42 -16 -42 3 32 42 0
15 -31 -55 0
1 -44 0
12 -27 0
60 -51 -53 19 -14 13 -5 -25 2 9 28 31 32 0
3 -50 0
50 -25 0
46 48 54 37 42 44 4 -30 -34 0
35 -38 51 -35 0
19 29 35 54 56 6 -16 0
0
52 -16 17 20 33 54 0
11 41 48 50 59 9 -22 0
4 53 58 -30 0
1 4 13 47 54 0
22 36 59 10 -37 12 -25 -39 0
8 50 49 -44 49 -44 -12 41 -55 -38 0
3 6 16 24 30 57 47 58 16 17 30 45 0
-4 1
-4 2
-4 3
-67 2
21 31 44 52 57 48 23 -60 -24 10 -24 -36 0
38 39 43 58 5 22 24 46 55 9 20 29 54 51 -32 -5 14 -28 0
1 22 25 41 -21 -58 1 12 20 0
6 12 0
17 24 60 0
7 19 40 43 3 -40 -4 58 -29 -5 51 -41 -2 11 -22 -52 0
23 57 5 21 25 46 50 52 -43 -17 32 -49 -39 54 -41 0
60 -42 -22 10 -6 0
13 14 35 9 9 31 48 25 36 55 20 21 42 0
24 -29 -1 32 -56 35 -20 -43 0
1 -3 -43 9 23 30 34 59 36 38 40 41 52 14 0
14 -24 16 40 53 56 0
50 -59 3 -39 -9 3 32 46 52 59 41 -6 0
25 46 47 25 -60 -38 4 -53 0
18 -15 -57 8 27 -29 -37 0
56 -37 -58 39 -26 -31 52 -22 0
35 -13 53 -40 34 -40 -20 27 19 20 25 46 52 0
0
8 11 29 30 0
56 0
-25 2
-25 3
