45 -34 -38 0
37 -48 -25 56 0
1 3 6 24 59 2 15 45 0
60 -23 8 -52 -41 31 45 46 57 55 -18 -30 0
59 0
30 44 17 -4 0
0
18 26 52 0
5 41 43 50 0
36 -8 -47 38 -48 -14 0
6 -50 -44 24 -6 -37 37 -18 -13 0
24 -50 -23 35 -33 -5 28 -31 -1 9 10 12 19 27 30 0
51 -13 -5 0
18 38 56 -29 -5 20 20 26 27 -29 0
0
2 2 10 21 39 49 -29 0
18 -47 56 58 -19 0
49 -51 -43 33 -10 23 -57 42 -39 -54 0
1 49 50 48 -23 0
0
19 31 54 7 26 54 7 18 4 5 0
47 -56 20 -35 -13 20 -53 -11 14 38 45 49 51 17 24 29 31 50 0
-10 1
-10 2
-10 3
13 32 32 35 22 -5 18 23 36 58 -46 0
42 0
1 -13 0
1 6 7 45 57 49 59 0
4 14 41 47 8 -2 10 -44 -45 46 -31 0
1 54 55 0
22 -20 -56 0
2 15 15 26 21 31 32 38 60 0
16 22 23 27 60 0
10 -19 54 -56 -23 23 -53 24 33 56 0
37 -7 -37 52 -55 -51 0
57 -29 -22 12 -54 -1 0
43 -9 -45 2 33 -51 8 35 43 44 0
42 -14 -36 0
14 12 -18 -14 0
47 -51 10 -30 1 2 15 41 51 30 0
15 -42 7 -8 -4 14 20 44 -2 -26 0
26 14 -39 -24 54 -11 -5 0
38 -18 -5 0
31 -57 -18 0
-10 2
-10 3
