2 57 -10 1 3 17 33 58 0
54 -35 -2 1 10 26 47 58 21 -4 0
44 -37 -46 18 20 31 7 -15 -18 58 -37 -22 0
38 -4 15 -48 -36 48 -53 0
26 -26 1 10 23 52 15 58 35 56 -46 0
6 47 50 57 14 -46 -22 0
3 22 24 40 -5 -4 29 11 43 46 51 52 0
13 -2 -59 12 25 42 56 45 29 -34 -17 4 20 41 53 53 0
34 -56 -9 3 22 48 54 51 -44 -25 16 -23 -14 4 -24 -21 0
0
0
35 -1 25 -43 -47 17 -26 -60 0
3 11 25 29 54 0
49 -44 16 36 43 48 55 20 33 -38 0
38 -41 0
28 -57 -55 2 6 22 38 -44 44 -50 0
4 26 49 0
60 -36 37 -36 0
11 14 25 40 0
2 5 18 44 59 15 -34 -15 29 -7 0
29 -10 51 -25 -54 39 -23 0
31 37 39 59 -26 -43 31 26 -41 -27 0
-7 1
-7 2
-7 3
-68 2
17 17 44 54 46 -31 -34 1 31 41 57 30 43 0
13 -49 -59 26 32 39 48 54 10 19 21 39 0
54 -39 -26 45 -39 -43 0
34 44 5 -6 19 -19 -5 17 -5 0
6 11 11 28 47 18 19 20 0
29 -42 20 -1 -33 24 -7 2 -15 0
26 -28 40 -45 -17 14 -18 3 34 55 0
3 -2 -37 6 35 27 29 37 18 -48 17 40 0
56 -58 18 -29 53 30 -17 0
16 -14 1 14 0
21 32 41 51 53 2 11 47 59 3 12 13 40 41 60 16 22 44 45 0
36 -23 -25 0
19 0
13 15 28 49 -10 0
0
4 16 43 58 60 21 26 55 8 9 9 50 50 1 18 20 27 0
1 1 17 57 0
2 3 16 30 41 19 -37 -23 0
7 27 46 6 47 56 -46 -52 0
12 18 41 50 14 -17 0
-52 2
-47 3
