33 34 49 57 -19 -52 1 35 49 0
60 -55 -5 3 -34 -51 53 1 11 21 54 56 51 -48 -51 0
14 57 59 7 -44 -32 0
29 21 30 43 52 55 0
35 -43 0
10 14 54 6 57 16 49 -15 0
24 -16 -41 43 -32 -23 0
11 32 -46 -11 26 -41 -53 2 4 29 26 -36 -48 0
9 15 19 24 54 18 27 39 49 54 11 36 57 59 19 -53 0
56 -15 0
33 57 0
51 -1 50 -52 1 5 17 20 13 -54 -30 0
3 -55 59 -43 -48 10 12 59 41 48 55 0
29 56 60 0
9 22 44 0
44 -25 -16 9 -57 0
0
56 -14 18 30 36 -36 -9 14 49 6 -23 -16 0
27 9 12 25 -11 -52 0
6 12 23 26 12 -20 5 -23 -14 0
0
60 -3 42 -22 -8 0
-7 1
-7 2
-7 3
41 -46 -46 2 39 58 60 4 20 48 56 0
0
0
25 -59 -6 0
26 -15 -14 26 -54 1 2 22 31 33 52 43 -43 0
48 -45 -21 26 31 32 59 0
8 13 27 53 23 -32 -47 54 60 3 32 41 41 0
19 -2 9 19 20 40 53 -16 0
14 29 4 26 28 53 59 0
17 -1 -29 17 -42 -29 52 53 0
7 -13 -45 3 23 57 0
3 9 2 0
24 -55 -19 53 -20 -57 0
2 32 37 13 -49 -3 7 50 54 0
50 -26 54 -60 -26 16 -25 0
51 0
26 -38 0
59 -39 0
12 35 37 -29 -34 33 33 36 43 0
24 25 47 50 56 0
-37 2
-37 3
