60 -17 49 12 32 45 57 -19 -22 0
54 -42 0
17 -44 -59 20 11 -59 44 -8 -60 55 -60 0
34 -7 44 -30 0
26 -7 -56 8 -57 0
11 21 34 41 60 18 26 41 -37 -31 11 16 20 42 60 -49 0
18 -42 46 9 -23 -59 0
30 -37 -24 51 0
33 12 0
7 21 32 45 53 6 -50 54 -32 32 22 -24 0
40 -33 22 -58 0
55 60 0
10 -51 4 15 35 39 0
50 -48 15 52 18 -18 0
1 4 19 1 22 29 35 41 27 -58 -14 6 -46 -29 0
55 0
0
11 28 35 45 -50 31 48 56 59 59 0
20 40 42 -39 41 -5 -2 45 -28 0
41 27 50 -3 0
26 -16 11 11 15 56 38 -26 -40 0
57 -16 -52 6 -2 -60 11 25 26 31 56 0
-2 1
-2 2
-2 3
25 -60 -37 0
18 23 54 5 45 19 -42 0
27 -15 20 24 37 49 59 6 17 36 43 53 13 -3 -55 0
19 -19 -38 56 -55 2 39 22 30 34 1 -18 -53 0
40 -29 15 16 36 57 0
23 25 44 48 -28 -27 48 -48 -8 15 -36 0
0
12 27 -29 23 -4 0
40 -41 -12 29 31 31 37 39 54 0
35 18 27 46 48 48 16 0
19 -1 -28 18 47 14 32 33 33 48 0
41 -12 40 -5 -36 51 -57 -47 0
7 -31 0
44 -4 -17 13 14 15 19 39 0
26 40 40 49 30 32 32 22 -46 -53 0
46 57 56 -10 -43 0
42 -48 -3 0
31 -44 -14 10 -59 -27 18 25 28 30 41 0
53 -45 -10 0
39 46 55 58 0
-2 2
-2 3
