10 22 34 59 24 -22 -16 21 -17 7 16 51 23 -30 0
15 23 8 48 51 3 35 57 0
15 15 36 42 7 21 37 50 46 58 5 -3 0
0
24 -5 -58 18 36 46 10 -60 0
44 -13 -12 0
17 38 -40 -40 0
26 38 58 5 39 50 59 0
19 -49 -14 11 -49 -46 45 -16 22 25 44 51 59 14 24 32 43 0
45 -9 -43 31 -30 26 0
26 37 27 -47 27 -42 47 9 -14 0
20 21 34 39 -2 0
45 -40 0
14 18 25 52 1 0
46 -52 -58 0
15 -41 -50 44 -13 41 -29 -51 4 -60 -49 50 -28 -17 0
56 -29 -55 60 -49 0
47 53 9 30 35 0
2 27 33 43 0
8 14 26 47 50 39 -45 7 13 0
48 -38 -47 5 -51 25 -55 5 30 30 34 55 31 45 60 0
49 -40 -25 33 -23 20 -33 -33 0
-5 1
-5 2
-5 3
53 -26 -5 3 4 30 42 47 35 -19 0
47 -41 -8 58 -32 48 -37 -37 33 -10 57 0
7 0
7 13 44 51 56 -1 0
5 7 -55 30 -40 41 13 37 47 49 58 0
52 -5 0
15 -39 45 -24 60 -32 -54 29 59 0
23 -46 -59 15 -36 -58 5 24 -22 0
5 10 22 36 23 -3 -47 19 40 58 0
35 -58 53 -39 13 32 42 -8 0
10 50 57 0
46 -60 -55 4 -33 -54 35 47 49 50 29 -34 0
0
55 -37 -1 11 12 16 55 24 39 19 -49 -7 25 26 38 53 0
4 29 15 -38 0
9 -13 33 -1 -11 6 26 2 18 40 51 58 16 0
49 -35 0
17 -59 -52 49 53 47 -10 60 -27 0
48 -18 3 10 24 46 17 -45 -24 0
17 22 56 37 46 53 28 -54 52 -53 0
-49 2
-52 3
