47 -1 0
0
4 12 20 39 51 0
10 -59 -21 52 -56 -36 42 -48 -30 5 0
16 -40 -58 30 -35 -28 14 -23 0
42 -3 -15 56 -43 0
25 -31 56 -16 11 45 52 5 -3 0
3 15 57 0
29 45 22 30 0
7 16 41 53 3 11 14 34 -43 42 57 0
4 48 51 51 60 -20 -57 37 -24 -23 17 -4 19 -53 0
17 22 31 23 25 27 56 0
13 29 35 36 37 42 -53 -53 0
34 -53 -55 6 6 26 57 10 -24 4 36 38 0
13 -43 -32 10 13 47 0
13 26 14 -34 -55 0
17 -52 26 9 28 37 47 54 4 -22 0
33 -51 -35 27 43 44 27 0
13 -6 5 58 60 2 6 19 22 57 36 -49 -33 0
13 -33 -12 45 -10 26 43 48 51 -60 4 19 27 33 0
23 -25 -3 41 -9 -52 1 35 1 50 0
31 -6 9 13 29 45 56 0
-17 1
-17 2
-17 3
-68 3
15 46 52 58 6 -44 23 36 45 48 56 0
21 -20 0
51 -43 24 25 40 56 23 44 -49 0
43 0
22 -6 0
28 -55 -21 9 -24 0
6 17 25 33 -40 0
0
42 -3 -1 0
39 -21 -57 8 -47 -54 0
24 38 39 42 51 5 42 54 55 0
41 -37 -52 24 -42 -26 0
2 14 15 45 47 3 41 60 -16 5 13 33 0
34 -24 33 40 41 43 48 -40 -52 36 -48 -4 0
34 -47 -31 5 26 44 -23 -57 0
11 40 41 48 17 -48 0
22 27 33 48 38 -13 -17 0
40 -50 -49 3 21 24 13 -28 -2 0
32 -57 -1 3 -55 -32 0
20 -6 5 -15 -7 31 0
-17 2
-17 3
