14 20 -7 15 -31 -49 0
44 -45 -24 7 -19 -44 6 0
19 -25 -4 58 -51 7 -59 0
8 -3 -11 16 8 21 35 51 0
60 -36 0
15 17 31 37 47 31 0
14 0
55 -3 25 -32 0
0
17 20 23 56 44 -25 42 44 24 -29 0
50 -59 29 37 49 0
3 0
9 17 17 26 31 36 -37 -11 37 -49 0
1 22 -5 32 37 -20 -57 60 -57 0
1 -32 26 30 32 0
25 -1 -39 0
50 -3 35 -47 0
3 -40 25 -21 0
60 -30 32 -37 -35 0
46 -37 11 -12 47 -60 -23 24 -56 -10 0
35 -57 27 38 50 57 0
49 -49 -34 51 -49 -43 0
-2 1
-2 2
-2 3
-67 3
36 -40 -14 33 -22 -12 31 -55 -44 0
53 -51 0
27 -52 0
8 22 5 -24 -37 0
13 6 35 50 52 30 30 43 0
23 -11 -1 0
45 -16 0
39 -41 2 33 35 39 42 32 -6 33 40 41 47 53 11 -36 -8 0
15 -36 -56 8 48 32 -27 -52 0
50 -58 58 -13 -39 58 -23 0
54 11 17 41 25 -35 -55 23 49 54 56 5 -1 0
6 37 38 47 51 1 6 33 -13 32 54 56 28 -2 0
28 29 33 36 40 16 40 58 56 0
23 -57 19 -12 23 -40 -24 2 37 45 0
58 -24 0
3 9 16 48 56 -44 15 -52 -12 2 20 35 37 53 0
55 21 0
2 59 33 58 0
22 -25 0
8 13 15 -60 0
-3 2
-3 3
