35 -14 47 -1 -35 0
31 32 41 43 43 -19 -21 4 51 56 0
45 -1 -10 0
7 0
41 -45 -46 1 17 5 13 24 51 54 0
17 40 56 19 -4 -52 0
39 -14 -49 38 -5 -57 0
13 -60 -41 25 42 0
15 -41 0
38 -17 0
14 1 10 33 37 46 0
14 36 56 3 12 57 43 -1 0
9 12 21 46 52 56 -45 9 15 22 23 56 2 -35 -27 0
18 -27 -2 0
8 20 25 36 53 0
18 -42 16 -44 -40 0
46 -5 39 -49 33 28 55 0
8 23 24 47 54 11 -57 -28 0
3 7 27 10 20 56 13 35 0
12 21 60 1 -9 15 -19 28 33 36 46 55 0
32 -60 25 -43 -21 12 -56 -60 50 -45 41 -32 -33 0
59 -40 -24 8 30 38 41 52 28 -39 40 -19 14 30 0
-5 1
-5 2
-5 3
-68 3
57 -26 16 18 41 59 4 30 37 4 21 54 56 47 -52 0
52 -40 -13 60 -22 -6 3 35 57 1 3 17 35 0
55 -11 -45 26 26 36 55 7 -41 0
18 -18 2 -47 0
17 26 40 52 58 9 -48 -4 33 43 0
31 -30 0
18 -36 49 0
25 44 51 4 -33 34 51 52 57 0
20 -47 -7 13 -56 -24 7 31 48 56 0
2 -38 6 -30 12 29 34 46 50 17 -8 0
49 -4 -17 2 3 12 21 40 19 -12 -21 16 49 21 28 42 45 57 0
11 46 54 56 57 59 31 34 26 34 56 0
47 0
49 -46 -10 29 -15 -29 45 -48 0
2 53 54 32 55 18 39 47 0
18 0
56 -55 2 24 54 57 -60 -57 2 -12 -18 43 -27 0
30 35 38 50 55 2 60 4 39 2 12 16 57 0
0
6 -45 -28 60 -45 19 34 42 42 3 43 59 35 52 0
-56 2
-55 3
