33 -59 -28 4 34 48 0
51 -7 58 -34 -18 0
26 12 17 1 12 34 2 7 11 32 48 18 -37 0
31 -41 7 22 27 41 45 50 -4 -56 4 -13 -29 0
27 57 -58 -20 0
17 23 46 59 60 38 56 20 27 33 33 0
32 -1 -4 26 28 40 43 44 34 -48 -19 0
54 -12 -36 44 -10 0
35 -19 1 9 21 38 20 23 32 34 0
8 8 22 1 32 40 0
20 21 23 38 13 21 24 41 44 0
38 -57 -37 34 -33 -11 51 -25 0
60 -23 -14 42 -30 0
27 -38 38 -29 -54 7 -22 -51 5 31 34 55 0
13 26 -13 -52 30 56 0
4 8 20 32 59 21 0
8 -47 -40 38 -11 6 41 43 0
21 -41 44 -20 18 -8 -50 0
60 -38 0
35 -13 54 35 -4 -54 0
8 19 43 2 9 10 33 50 0
2 -44 -19 52 -4 2 17 34 45 12 -25 0
-2 1
-2 2
-2 3
48 -5 -45 0
32 -9 -6 15 23 57 59 44 51 21 23 34 0
49 49 -25 -26 15 -27 2 6 32 57 0
36 -33 -9 5 58 0
2 22 27 42 51 9 60 0
19 44 -41 25 36 38 42 45 48 49 0
45 -12 -2 0
17 -54 -45 6 23 24 28 53 0
6 55 0
11 59 29 -40 -17 2 -2 0
36 -25 -31 53 -39 56 11 -56 0
56 -33 -41 0
28 -1 -43 19 41 52 60 -33 0
8 26 28 52 21 0
5 31 33 -5 3 32 35 0
0
57 -59 33 33 40 52 53 0
6 -1 14 60 0
4 4 25 27 28 36 -41 0
48 -6 -10 29 29 48 49 33 -31 -52 15 30 48 57 0
-49 2
-54 3
