5 -22 19 -58 -58 26 -31 -5 0
30 -15 55 -29 28 -56 4 0
0
22 -23 -24 4 6 17 57 40 0
15 -37 34 -6 -17 0
20 40 45 48 55 48 20 -20 -42 19 -49 35 -54 -55 0
25 -42 26 -51 38 -37 3 -10 -48 41 -50 0
9 33 39 54 39 40 0
16 -21 17 -41 0
0
53 -38 23 -33 -22 42 -9 0
42 -58 -7 0
18 36 57 60 7 -25 -49 4 -1 27 49 22 -30 0
14 -49 -10 53 20 51 0
5 23 0
5 28 11 27 32 54 60 14 38 0
60 3 26 47 47 57 16 -13 0
1 47 48 50 52 31 -20 -23 6 27 14 19 34 0
20 47 38 -15 -54 8 17 46 12 -10 -25 0
46 -40 20 -33 4 -1 -37 43 -58 0
37 40 43 46 58 0
47 24 -27 -6 0
-2 1
-2 2
-2 3
10 -27 46 -18 0
0
6 -9 42 59 27 -46 -56 10 35 43 56 -25 0
20 -18 -58 8 27 41 44 59 19 49 0
17 -58 0
11 15 15 17 51 -43 52 17 -39 -42 0
29 -26 -23 6 -47 0
1 42 43 46 11 23 27 36 31 40 0
26 -34 0
24 -5 26 25 48 52 58 5 7 37 0
39 52 59 41 20 0
41 -10 -4 36 -19 40 -39 0
34 37 57 0
18 -25 41 45 51 -38 -48 5 8 13 25 46 4 -4 -48 0
57 -21 -58 17 -52 -17 0
50 30 -37 -55 50 -4 40 46 0
5 20 24 59 60 16 -20 -48 0
2 -52 0
40 -19 -1 28 47 22 -28 -6 20 -55 -6 0
41 -16 -54 57 -48 0
-49 2
-49 3
