16 21 30 31 45 17 51 51 4 -4 57 -55 -5 0
5 2 31 33 57 24 52 37 -50 8 11 17 38 58 0
29 -49 0
28 29 38 52 0
48 -51 48 -38 -21 47 -26 0
1 1 1 48 52 51 -1 -39 13 0
59 58 -28 -57 20 39 0
32 -35 30 -20 -60 0
52 -17 18 30 57 20 -27 -1 6 27 31 33 45 31 38 46 0
31 39 46 18 -23 -5 58 -27 -34 0
19 23 43 45 6 21 41 44 23 -46 -35 26 -4 10 -20 0
24 -51 -8 0
7 21 35 40 41 5 -10 -15 0
4 17 30 37 52 0
14 15 21 53 51 -4 -41 27 55 56 53 2 4 25 43 60 0
2 -60 -45 10 30 39 38 0
4 10 11 20 23 52 -50 -9 0
3 15 54 23 41 0
3 46 32 -57 -11 0
41 49 9 -33 0
34 58 45 -33 4 4 9 0
24 -44 46 6 -33 -44 16 57 31 0
-21 1
-21 2
-21 3
20 -34 21 -48 50 -12 -58 13 32 50 57 57 0
0
60 -15 -46 4 10 22 42 2 14 38 44 0
33 -22 -56 13 24 19 -36 47 -8 -1 0
10 -32 -32 39 -19 0
21 24 48 17 24 31 2 5 0
33 -37 0
0
4 9 31 32 59 41 0
11 -8 -50 13 -9 2 48 4 26 41 45 48 0
39 28 -13 52 -31 0
53 -58 0
1 3 5 11 51 52 0
21 33 35 60 9 25 28 40 41 22 -6 -21 0
4 -18 57 -12 -16 0
23 47 53 0
37 -23 -4 0
20 -31 -33 0
0
59 -25 -49 56 -47 0
-47 2
-52 3
