14 26 11 7 21 15 -7 -5 10 21 28 38 38 0
7 -20 -15 0
17 26 27 14 35 43 28 -58 -11 0
40 -34 -25 43 0
0
16 42 0
53 -7 10 -18 -28 1 13 13 30 2 12 16 36 37 0
36 2 -45 -33 57 -26 0
35 -41 -18 52 -35 -23 56 -43 48 -8 0
32 13 -16 -56 3 27 44 0
49 0
55 -59 -8 36 9 -47 20 36 47 0
22 -60 58 -58 0
22 -39 2 -58 -34 15 20 24 53 60 0
26 36 53 0
39 35 -5 0
58 -14 -5 0
4 11 12 33 51 1 -6 -46 11 45 0
39 -33 -4 58 -48 0
12 29 47 10 34 38 58 59 51 -20 -26 0
10 22 31 35 36 0
12 -21 -27 2 20 21 39 49 54 14 30 33 55 0
-4 1
-4 2
-4 3
15 -38 -21 19 -11 18 -28 -52 28 0
36 -21 0
21 44 47 57 57 0
9 -12 -44 0
0
16 26 33 44 31 46 52 58 0
0
25 -10 11 16 0
57 33 -14 25 45 -34 0
60 -30 6 -56 0
9 19 57 51 0
28 -56 49 -36 -1 32 -39 42 0
3 33 45 55 3 29 36 42 45 0
35 -39 26 -21 50 -37 24 26 32 0
17 44 7 8 15 48 11 36 50 5 29 32 0
43 43 30 -34 41 -12 -38 0
29 22 29 37 37 41 0
41 0
13 31 45 47 50 46 -41 -59 0
10 -11 -34 13 -41 17 22 36 56 0
-22 2
-22 3
