1 10 11 50 53 46 -46 -10 15 42 48 1 54 57 0
11 28 36 41 55 41 -55 2 2 36 55 -15 -59 0
52 -50 -29 14 33 44 50 0
22 -19 50 27 -14 -46 20 -43 0
17 -18 -41 37 -15 -1 39 -10 0
9 14 25 38 46 0
11 53 -50 8 -53 20 -43 54 -18 -57 0
2 22 35 12 20 -29 0
50 -56 -31 3 -25 -28 0
38 -37 -22 0
29 -8 43 -45 -35 12 -37 0
9 -43 -43 0
0
1 8 53 56 0
55 -14 51 -45 -7 44 -57 -24 2 23 35 42 47 58 -11 0
4 36 42 43 16 27 29 5 12 25 33 55 0
16 -35 -56 38 46 56 0
16 18 27 53 34 -31 58 -44 -20 0
58 29 -39 -32 48 -18 57 -34 -53 0
37 -28 -56 10 14 41 48 47 -11 -53 48 -33 0
13 -7 -14 19 11 -18 -48 3 9 12 17 52 0
8 -59 -60 58 -49 -21 0
-5 1
-5 2
-5 3
3 29 42 47 14 -52 23 28 54 55 36 -49 15 32 0
30 44 30 -44 19 9 -16 0
17 -6 -58 50 -7 -20 33 -49 0
33 -42 8 11 6 47 55 0
15 41 -40 9 2 -28 -27 0
10 -45 43 60 9 31 49 53 56 -5 -38 0
0
55 56 52 -58 -15 0
27 31 49 11 -2 2 15 20 21 53 0
18 33 37 53 0
30 -34 -42 48 -25 -16 3 16 23 38 0
10 -50 13 -22 -60 50 24 52 60 0
13 -10 -1 36 -22 44 -7 -19 0
33 6 12 44 59 -59 12 34 38 51 60 0
21 30 39 47 15 32 -33 28 -13 0
3 4 7 29 -43 -40 0
55 -3 22 32 45 54 46 -51 0
0
58 -49 -39 3 10 13 38 44 0
32 -18 -45 0
-25 2
-25 3
