2 11 59 19 -38 -14 39 -4 -46 0
52 -29 5 30 0
0
44 -5 -15 31 -10 -39 8 38 50 57 0
9 26 31 48 49 2 3 12 34 6 33 34 51 56 0
20 -33 0
26 57 10 -37 -27 0
0
47 -36 46 -40 0
11 14 14 46 26 -26 -31 0
4 8 40 40 0
46 54 2 -38 -5 0
3 27 40 58 58 2 -48 -17 42 -35 -50 0
1 37 52 57 59 0
11 -24 1 6 16 32 40 11 11 34 52 59 0
6 -56 21 60 24 27 28 44 49 0
4 54 25 29 50 -20 -34 40 -30 39 -39 0
50 -25 4 59 0
2 -15 8 -18 25 -49 -13 28 30 58 59 0
1 -32 9 -14 2 -51 -2 0
25 -52 -2 33 39 60 14 -52 6 0
8 -19 2 13 28 9 -53 -21 10 14 22 50 53 0
-6 1
-6 2
-6 3
33 -29 0
9 28 46 0
48 11 11 -18 0
39 42 51 55 0
19 -51 35 38 40 60 0
54 -43 0
17 -10 7 22 40 47 60 0
33 -31 -18 0
23 29 33 45 -56 43 -45 48 -34 -19 0
46 50 7 17 33 44 10 30 31 37 -19 -7 0
36 -16 7 -32 -35 6 -56 -30 54 -3 -4 0
15 32 36 39 39 -48 -18 0
2 2 13 41 49 46 -23 15 -51 0
34 -6 -36 36 39 39 60 0
3 8 22 31 32 0
43 -29 16 57 -41 14 -47 1 8 49 0
0
26 -3 -48 29 44 51 1 -37 31 0
32 -27 -26 47 0
1 -45 -19 8 25 42 41 -33 15 -54 0
-17 2
-17 3
