3 12 14 15 55 16 -15 49 -27 0
58 -39 18 0
45 -1 15 -34 -22 0
11 -23 -8 40 -10 43 0
3 11 29 0
22 50 0
45 -5 0
16 55 55 55 56 20 20 29 37 -1 50 -13 3 32 38 0
42 -59 -5 16 32 59 33 -14 44 -39 0
44 56 1 -19 14 -35 0
33 43 42 -40 -30 28 40 52 56 0
46 -44 0
30 -44 -51 18 -22 -19 0
48 0
27 -20 -26 20 -59 -60 0
45 -32 14 -49 0
37 -23 -12 5 -11 54 -35 -10 49 -6 0
12 -56 -11 0
27 57 0
11 25 50 52 59 47 -12 11 -51 -40 0
2 17 33 0
57 9 33 44 52 52 0
-3 1
-3 2
-3 3
-66 3
18 30 42 46 53 48 -59 -20 0
38 -10 43 -14 7 -37 0
3 19 34 15 -58 0
54 -39 -11 20 -54 -6 19 -34 -31 0
58 -25 -22 31 -55 27 46 -22 -37 0
8 -32 -43 26 -5 0
31 -47 -11 36 -15 -14 44 -20 -49 52 -49 0
21 -2 0
23 -16 3 17 45 -59 -46 0
25 -32 -56 50 -55 25 -17 -52 4 -46 0
52 8 14 30 34 52 36 -32 8 -41 -51 0
14 37 40 43 45 0
12 23 16 -5 15 0
25 -55 -48 48 -44 -25 1 0
33 -30 -18 6 11 17 52 56 2 45 14 0
5 -37 -22 0
23 60 39 -26 21 0
42 54 13 -60 0
15 23 26 36 0
23 -31 -56 0
-9 2
-9 3
