59 -40 32 60 14 -54 0
1 9 24 50 54 3 8 17 53 54 13 -50 60 -29 0
9 19 30 30 49 14 -27 52 -20 25 32 0
5 17 20 40 53 6 11 14 23 32 0
7 34 35 47 36 55 16 43 49 59 1 -58 -46 0
20 25 30 48 55 11 30 37 54 60 34 -16 1 -44 9 14 18 46 0
39 -40 -3 21 -60 -45 7 21 57 0
30 43 -59 57 -14 0
31 -16 18 -20 -32 0
52 -11 -16 22 24 35 36 0
22 -53 1 -6 22 30 0
49 11 44 0
56 10 11 27 35 51 -17 24 0
12 22 39 -47 -10 34 4 -11 -33 0
34 21 25 32 32 47 43 -47 -22 25 27 55 56 58 29 -25 -58 0
20 -38 22 -48 -31 0
23 53 3 -36 15 22 42 57 57 0
27 4 -47 -48 56 57 -34 60 -47 0
0
54 55 -5 10 43 50 56 58 30 -21 0
1 29 -28 -57 55 -39 -39 0
57 -4 59 60 22 -7 -8 23 44 1 8 9 27 0
-2 1
-2 2
-2 3
-69 3
47 -37 7 10 57 60 1 15 38 40 20 36 49 51 51 0
25 44 55 0
39 -50 15 20 24 50 8 14 19 35 56 -16 -17 0
26 49 11 12 34 60 10 22 39 53 0
7 -48 1 6 44 -47 0
26 -25 43 42 0
39 -55 -31 0
16 -41 24 -37 18 22 47 52 1 32 52 -12 -7 0
5 0
7 35 38 52 53 37 -57 -32 0
16 32 36 42 57 22 -48 0
26 -32 0
22 36 45 0
51 -24 46 -21 -32 7 13 20 30 60 0
12 53 49 -22 5 19 21 29 42 9 -6 -15 0
48 -24 43 -47 3 -8 -37 0
6 -49 12 -9 -24 19 26 56 57 12 -7 28 -25 -9 0
20 38 38 51 56 4 12 32 45 60 0
32 39 0
30 -38 32 -28 0
-2 2
-2 3
