9 16 17 22 34 1 21 28 42 48 0
18 41 41 48 56 6 11 -30 0
59 -29 5 21 22 28 30 -52 -28 0
39 44 54 57 57 16 -58 11 37 46 55 26 35 44 50 51 59 -15 0
19 34 50 56 13 19 21 35 0
13 14 43 49 43 55 35 35 56 1 33 0
41 -3 -51 56 -31 37 -49 -44 0
7 -38 -51 7 14 31 32 56 0
41 -34 11 21 43 59 48 -33 -46 0
20 22 39 42 49 6 48 9 -45 38 45 57 37 56 0
12 -39 56 -19 -15 8 8 53 54 59 -21 -21 0
56 -35 -54 0
40 -56 -36 5 16 26 43 58 3 8 14 15 55 30 39 0
50 1 19 45 46 59 59 12 48 54 59 0
2 -26 -52 56 -17 -16 33 -16 0
32 -28 -42 26 43 49 1 16 23 31 2 16 24 27 31 0
2 18 20 41 14 52 28 -54 0
1 -12 35 -32 -60 18 30 31 32 0
46 -35 -14 0
2 -22 -35 0
21 -45 7 -54 6 -54 49 50 60 56 -49 0
8 -35 -35 0
-3 1
-3 2
-3 3
24 -39 0
35 55 20 30 53 57 6 -23 -11 59 -14 0
3 8 25 46 58 -58 7 0
7 11 37 41 43 49 1 -36 -23 54 -34 0
28 29 44 56 -6 0
27 41 44 52 29 53 58 0
12 54 33 41 0
8 22 45 49 0
28 -50 21 -40 -58 59 -31 11 12 39 46 0
51 -38 -35 41 20 23 0
3 21 22 34 41 4 7 55 10 49 11 19 28 32 14 21 42 0
10 -27 31 -5 9 37 52 27 33 0
41 -28 -56 12 -12 47 -48 -18 34 -18 58 -43 -51 0
16 0
51 -18 38 -20 20 41 48 53 31 41 48 14 -51 -34 0
3 46 -53 22 37 42 24 31 38 8 -49 -6 0
0
53 -12 2 32 0
27 -30 -21 28 -26 58 -34 0
33 -38 30 -16 -38 14 0
-39 2
-39 3
