3 56 -51 -47 0
6 -20 -1 8 -45 0
10 -24 20 31 59 11 24 60 0
2 20 59 60 29 40 54 44 -5 -39 28 0
48 -48 6 7 42 -15 10 -32 0
2 7 27 46 10 -31 -58 31 50 59 0
13 0
38 43 59 24 -53 16 -31 54 -26 0
55 -2 -37 12 15 36 21 -48 -54 8 -47 0
52 -28 0
49 -28 -35 2 21 19 -21 -55 51 -2 -1 48 -32 0
15 45 46 48 23 25 25 26 35 51 0
2 -7 -59 0
6 17 56 25 -60 -17 0
49 50 59 54 -29 -3 32 -30 -16 43 51 -59 -19 0
19 -1 -54 12 44 53 0
17 -46 -13 21 -30 -55 0
44 -35 54 -6 -22 19 26 31 50 55 0
38 -40 0
10 -33 -4 0
15 -22 -59 0
36 -24 1 -46 -43 33 -18 -31 0
-3 1
-3 2
-3 3
7 -37 0
47 54 55 57 -17 -40 0
16 -57 8 38 46 54 19 32 40 44 -34 -49 0
24 -44 0
35 -16 -13 7 14 15 31 54 35 44 53 0
36 -55 -29 0
53 -27 60 -41 2 -7 -17 36 38 54 0
47 -27 -54 0
34 38 0
0
12 17 28 3 4 52 0
2 25 38 54 59 -25 2 -34 -58 10 29 37 43 29 -7 0
2 13 46 55 56 12 13 28 34 58 4 23 25 51 3 22 32 42 46 0
3 4 0
59 -53 -11 0
6 16 48 0
1 19 40 46 -53 0
0
17 -3 3 7 32 57 33 -43 -60 0
26 46 32 -35 0
-4 2
-4 3
