41 -13 53 -4 60 -44 2 -12 0
20 -32 -35 51 -50 -57 29 40 42 45 58 0
35 -15 53 39 -1 -59 23 -21 -11 0
35 -43 0
2 50 52 57 60 0
23 35 51 58 31 36 47 56 21 0
37 -31 -27 13 -46 -52 0
38 -35 -43 54 -39 -59 1 2 17 24 56 0
41 -33 42 -7 45 -18 0
38 -18 45 -3 -26 2 -9 13 16 0
12 32 -54 -20 0
47 -15 22 -42 1 -51 -37 58 -45 0
59 -35 16 32 60 -57 0
9 -42 -16 0
49 -36 -28 42 54 52 -39 2 3 9 22 29 10 -4 -58 0
58 -36 0
24 25 15 36 53 9 -39 -13 4 -47 0
20 -47 -53 33 48 -21 -8 0
36 -59 0
9 20 34 52 54 55 58 0
48 -9 6 -19 21 33 39 50 0
54 -20 -57 40 -13 5 6 18 -53 0
-6 1
-6 2
-6 3
-69 3
-68 2
19 46 50 57 6 33 38 11 20 29 21 40 0
17 -22 -26 0
7 -12 -29 16 29 33 35 40 0
4 -10 57 -54 45 0
6 -42 -4 14 -23 8 10 15 49 -53 54 0
3 9 10 20 31 10 -37 4 20 21 37 29 36 37 44 57 0
26 -13 -4 0
19 21 37 50 57 18 15 42 49 47 -35 0
58 -48 30 -3 -16 7 14 27 35 38 1 6 12 21 0
2 26 0
12 13 42 52 53 55 18 -8 -54 50 -55 -6 0
14 -4 9 24 32 44 1 -7 24 0
6 32 40 -1 2 -9 -56 28 0
53 -54 9 -7 33 -16 8 13 25 35 37 0
13 -35 49 -20 -27 19 15 -34 0
12 17 -33 -42 51 -8 11 12 28 0
0
10 -44 -44 36 0
6 44 55 0
22 -51 -20 16 36 38 51 58 19 0
-55 2
-55 3
