18 -28 7 18 32 32 58 6 32 41 45 22 33 33 60 0
6 -18 -17 39 40 50 40 -2 9 18 33 0
45 -52 4 34 43 48 0
39 43 -23 -6 0
30 51 60 45 51 5 35 14 35 37 44 0
32 -51 -50 4 19 20 31 0
32 -56 -4 0
28 16 -30 -53 60 -32 -29 0
5 30 38 0
10 25 48 -31 -9 0
0
14 -2 -30 0
1 42 48 57 0
21 -9 17 4 28 36 41 52 27 29 57 58 8 0
1 9 16 24 56 28 32 36 57 9 -4 -52 33 -1 -10 0
12 37 46 0
19 19 2 -45 49 0
22 47 16 -23 24 -19 -12 58 0
15 -31 -57 30 5 -25 0
44 -49 -22 0
15 -17 -42 51 -36 31 33 38 53 14 -12 0
28 -29 16 55 60 57 -11 -35 47 -2 52 0
-2 1
-2 2
-2 3
10 31 41 0
52 -12 0
34 12 0
46 -60 16 -11 8 11 30 54 0
1 26 47 52 0
0
11 33 44 39 58 -21 0
29 40 46 5 30 0
8 12 38 52 27 -27 -47 5 37 21 -5 0
16 17 18 9 40 30 -33 15 -1 0
29 -42 20 -9 -20 3 13 16 35 38 0
31 -27 -26 36 37 54 3 29 30 38 56 6 10 16 16 33 0
59 -2 0
6 59 -47 0
13 -49 25 -26 -15 45 -36 -27 12 -49 0
13 -58 -23 24 -25 -39 13 44 51 0
27 -41 -6 0
41 59 29 -34 -2 52 -11 -24 29 -4 0
22 23 41 -52 -5 10 60 0
16 26 36 44 -31 -29 0
-56 2
-50 3
