0
18 20 43 50 57 4 17 34 36 37 3 7 28 32 47 0
51 -5 -31 43 35 -22 12 -43 -21 9 -34 -38 0
15 16 -36 -40 1 17 43 59 9 10 31 43 54 0
49 -17 -37 0
53 -34 -29 0
55 -14 -59 0
36 41 45 16 -41 -10 33 -31 -34 6 -27 -33 0
13 -43 -55 9 23 50 16 -52 0
31 -49 -44 0
40 -32 37 -13 0
6 -17 16 -33 4 38 36 0
31 -54 -27 37 -36 56 -59 -51 1 35 42 44 54 0
5 7 20 30 37 43 48 14 -43 52 58 0
35 -54 -23 0
33 -9 4 -16 0
24 -49 -42 7 10 54 57 28 0
6 -4 -19 23 -29 12 -58 0
0
23 -56 0
4 -10 34 -9 43 -35 -41 0
14 20 30 49 56 35 -9 0
-2 1
-2 2
-2 3
-68 3
0
40 -47 -10 0
34 58 60 0
33 35 45 0
0
33 35 0
19 -16 7 -15 -46 24 -25 -17 0
36 47 21 -31 -21 0
17 30 55 13 20 33 0
20 24 42 53 57 -6 3 47 55 1 19 32 0
12 28 48 -40 0
40 32 32 45 46 47 44 -33 0
15 40 53 36 -34 -47 4 7 19 48 0
3 31 33 44 40 -52 27 54 6 -19 24 26 0
1 -44 53 34 -42 0
47 -42 39 -56 60 0
27 -17 -30 26 33 54 33 -36 46 -46 -24 45 -13 -54 0
1 7 32 32 16 36 29 -20 -39 25 -59 -32 0
10 -27 -19 40 -18 -38 0
56 12 22 43 49 52 -20 -52 6 -34 0
-2 2
-2 3
