32 -32 52 -2 -14 0
0
53 -57 -4 12 48 51 35 22 -33 -43 6 25 26 27 46 0
3 -32 4 -30 -49 35 -15 -29 0
28 28 50 52 14 -35 -53 5 15 55 59 50 -6 47 -6 -39 0
6 41 47 49 28 -21 9 10 12 33 58 48 -48 -59 56 -14 -44 0
33 53 34 59 0
17 30 41 44 58 0
0
3 13 14 55 56 27 2 -44 0
50 -38 41 49 0
11 -15 30 -3 -15 54 -36 59 -40 -27 0
16 -28 7 -13 0
4 -33 -27 0
3 7 20 41 51 1 11 59 0
6 21 32 44 48 4 13 28 48 59 0
10 13 26 36 22 -23 -43 0
25 27 15 -28 -46 21 22 38 39 54 0
26 46 0
30 50 0
46 -1 -8 26 58 0
8 31 52 56 1 -54 -50 43 -2 -3 0
-17 1
-17 2
-17 3
17 -33 3 -45 0
4 -43 23 38 41 44 0
30 -39 -58 29 -27 59 -17 -34 0
19 42 46 38 -27 0
14 41 52 28 -53 -3 0
8 -48 -31 7 -32 54 -16 22 -45 -60 20 24 31 59 0
10 36 38 56 0
50 -41 -28 10 14 32 -18 -44 0
20 45 24 49 53 60 0
0
13 -10 1 5 10 37 57 44 14 20 30 46 0
9 13 17 46 60 3 -21 0
31 -7 -35 55 -40 15 34 0
33 52 11 -17 -24 0
53 54 4 21 53 0
5 21 36 52 29 -46 -60 0
38 -24 0
2 11 48 0
21 47 12 -46 0
3 3 38 53 -32 -55 6 16 38 49 14 19 35 56 57 3 55 56 59 0
-17 2
-17 3
