10 12 14 34 46 -14 34 -52 -21 14 52 -58 -27 0
46 32 55 -45 0
26 57 -7 0
8 -44 -10 35 -51 -38 5 -9 -30 3 16 29 40 47 0
43 -5 -56 38 -50 -16 0
12 26 37 43 52 2 -10 -46 0
40 -58 -30 15 -60 27 -55 0
32 -56 -24 15 21 23 40 49 1 -33 45 0
54 -14 12 12 26 41 58 3 6 18 26 41 0
25 -42 51 -4 2 16 26 27 31 4 24 49 0
58 -42 21 32 37 51 0
36 -2 -58 57 -39 -28 3 25 35 53 56 0
2 15 23 29 53 26 -56 -24 7 15 47 5 22 37 45 56 0
20 -51 22 -57 15 31 35 43 45 10 19 23 39 44 43 -8 0
45 -55 -19 1 44 53 46 -15 0
34 -13 -28 5 4 4 33 38 47 49 54 49 -20 0
16 22 33 42 41 -7 -40 0
21 44 45 46 56 26 51 11 11 12 43 54 0
20 22 0
5 -35 9 -20 0
2 23 26 29 38 37 39 55 35 -24 -43 8 -38 -5 0
20 -52 -34 46 -39 -21 22 -52 -36 0
-12 1
-12 2
-12 3
60 -6 51 -42 -12 4 29 34 41 11 12 20 33 0
36 -43 -11 35 -44 18 36 0
18 27 39 47 53 50 -48 -40 15 32 0
56 -25 -33 0
52 -53 43 -23 0
43 -33 -7 0
0
9 15 21 -13 -16 0
9 -23 -1 2 4 23 31 54 57 -19 -49 0
53 -49 36 4 10 12 26 27 16 -59 0
8 -38 -6 11 15 52 46 50 51 0
17 0
26 3 4 49 0
27 -3 25 39 7 8 20 28 46 25 -39 48 -5 -2 0
36 46 47 51 0
54 -24 -56 17 19 32 52 56 0
0
16 23 57 59 0
50 -47 -31 13 21 52 57 42 -29 59 -38 0
2 24 48 3 -3 0
-53 2
-52 3
