14 16 20 25 52 7 8 31 35 39 52 -36 6 -5 0
8 33 37 58 -3 12 14 49 49 0
5 9 11 36 59 -38 24 25 34 56 11 -7 -12 0
18 -56 -14 0
51 -60 -52 4 11 16 -37 0
29 38 42 55 19 -19 -14 1 35 44 3 -48 -56 0
8 12 20 -53 0
22 -36 -25 11 28 29 40 48 16 -35 -6 60 0
9 24 30 41 0
47 54 -23 11 -44 34 -5 0
52 -57 0
1 20 33 38 42 45 -7 34 35 0
23 25 26 41 43 52 37 -15 -18 17 -28 -13 5 15 27 41 44 0
4 -16 -21 0
51 -12 -29 25 37 0
16 39 44 48 0
22 -36 0
12 13 29 18 25 29 40 57 58 -58 8 41 56 0
13 -18 -16 48 54 18 -48 -43 6 11 0
10 -1 -58 38 -14 0
1 -4 0
34 -14 26 -51 44 -15 34 -11 -49 0
-2 1
-2 2
-2 3
24 -60 -55 1 -51 52 -39 -10 0
56 -23 9 16 22 35 52 0
25 -44 0
27 -30 0
9 59 2 -8 -43 0
10 13 36 53 34 -51 -47 0
41 -23 19 -53 45 -9 50 -2 12 0
37 40 46 10 47 17 52 55 0
47 -4 -24 8 24 25 53 -28 2 8 17 56 0
25 -29 -24 0
18 -52 -52 25 54 42 -59 -25 3 9 30 46 0
15 -55 0
39 -26 -4 0
41 53 -30 51 -27 -19 9 -4 -47 0
0
11 18 36 6 -50 33 0
12 21 24 0
8 -9 16 -8 -36 56 -7 26 -51 -22 0
22 -55 34 0
52 -52 -10 37 37 41 43 59 0
-55 2
-52 3
