27 30 40 13 0
40 -57 17 25 29 48 56 0
1 6 7 10 16 17 -30 24 50 0
4 16 16 38 34 -32 0
0
10 11 34 37 -22 43 -6 -4 13 17 23 55 0
19 21 26 -24 -22 0
40 -58 -17 10 30 33 47 56 0
32 40 44 18 26 41 50 56 -58 -40 0
3 52 49 -59 0
6 -1 -53 0
26 -46 9 38 -35 -45 0
5 -34 -16 0
49 -20 -23 17 25 30 19 36 0
12 -21 44 -53 0
4 10 22 25 42 52 49 -46 -51 15 -52 -41 0
38 0
22 -27 18 -15 26 56 20 45 58 59 60 0
7 9 42 53 7 22 22 41 26 51 0
0
18 48 51 58 20 47 36 -30 -35 7 38 2 38 48 0
28 53 -32 -27 0
-53 1
-48 2
-49 3
4 -16 34 -53 12 46 52 0
24 -54 -12 19 -8 -13 15 -4 -19 0
29 -44 -43 5 8 24 48 4 -6 5 22 0
2 -54 -43 0
25 32 0
15 33 34 42 52 14 18 38 41 25 -36 52 -38 20 24 40 0
6 -6 7 22 26 52 16 24 35 37 0
32 -8 -24 1 6 7 33 48 0
4 27 45 50 21 -12 17 34 20 43 43 55 0
15 19 25 27 30 0
5 36 -56 -5 24 46 47 0
13 -25 -33 20 -25 -56 0
9 -14 21 -9 22 -58 -2 35 -5 5 -54 0
7 15 22 56 -7 -12 36 41 42 57 15 -18 56 0
27 -41 17 0
1 4 17 23 34 44 -1 -12 18 28 43 52 29 34 60 0
46 -30 -17 24 45 58 0
9 14 10 -48 0
7 -7 0
1 -9 -60 15 -5 -24 3 6 49 10 22 36 59 0
-47 2
-48 3
