27 -29 24 -6 12 -45 16 37 39 0
4 -60 -22 44 -57 -40 0
23 -14 -8 0
14 40 54 -32 -51 13 18 26 47 0
27 -47 -14 0
19 -42 -26 60 -34 5 2 17 23 30 46 2 0
45 59 49 -31 -19 35 -45 -1 11 32 46 0
7 -41 2 24 24 49 0
31 -3 23 24 33 14 -6 3 24 48 49 22 -14 -52 0
35 -23 10 20 31 31 0
0
21 -33 0
1 -55 0
30 53 -13 -10 0
2 9 47 44 47 49 16 33 18 -47 -39 0
27 -51 28 -24 -55 10 -38 0
40 -17 -12 0
3 5 8 24 26 0
46 55 58 49 -22 1 0
8 40 35 -7 -55 29 55 16 -11 0
51 26 -1 -24 48 -43 44 -50 17 53 0
0
-5 1
-5 2
-5 3
52 -55 -2 0
25 -29 18 -44 0
13 14 27 30 31 0
35 -5 -51 5 11 35 42 44 18 29 35 45 60 16 17 29 39 51 53 -2 0
12 34 52 55 7 59 23 -19 -36 56 -13 -6 12 -10 0
35 35 58 54 43 -11 0
19 -2 0
36 -32 -14 19 8 12 36 40 10 -21 -14 25 -41 0
46 -1 1 12 24 50 60 9 43 0
54 -44 60 -28 -48 19 27 0
25 -45 30 59 59 23 -55 50 -13 -35 12 -60 -21 0
3 25 39 40 29 -58 -56 24 -32 -13 55 -45 1 10 40 0
18 0
25 15 -46 15 36 49 52 37 57 60 13 20 23 58 0
4 -14 -20 22 53 5 19 22 52 52 51 -33 -7 0
22 -7 -41 18 18 21 -7 0
34 40 -35 60 -37 -32 0
15 29 36 48 51 27 17 -60 -41 58 -39 0
32 -28 15 37 44 15 16 35 57 9 12 14 47 56 0
51 -11 -17 13 -30 0
-5 2
-5 3
