1 9 16 25 0
31 40 44 25 -27 -5 37 -44 0
52 -34 31 -6 -24 34 -33 18 23 52 53 12 -23 -49 0
37 -12 -15 11 47 48 2 -2 -10 47 -37 13 -41 -48 0
57 -6 -5 10 33 35 54 0
35 -39 17 56 0
59 -47 2 10 13 28 9 15 22 25 38 7 21 32 39 59 0
11 -7 0
46 -18 24 32 0
47 57 2 41 -7 35 -54 -26 0
19 -9 37 -10 -5 0
7 -55 -32 0
0
0
51 -44 48 -12 -52 32 48 -26 -10 17 -17 -57 0
1 9 47 53 0
0
3 -7 36 -18 -5 43 -32 -20 0
17 -38 0
3 14 40 55 3 37 13 36 41 41 44 53 31 -50 -26 0
51 -6 22 -49 -15 0
48 -43 18 -15 -22 0
-4 1
-4 2
-4 3
-69 3
20 -35 34 36 51 0
22 -21 13 20 27 40 36 -54 0
1 37 39 41 0
49 6 25 12 36 31 -38 -17 44 -20 -42 0
33 34 43 53 0
28 57 59 39 -25 -13 25 33 37 51 57 0
2 12 27 44 55 37 -13 -4 0
4 22 39 49 50 29 -43 11 18 33 45 28 0
15 23 23 24 29 20 -45 -8 13 15 0
6 -33 -6 36 -51 -42 5 26 16 -59 0
1 11 15 44 35 -31 -51 21 0
14 44 48 30 43 58 0
33 53 38 10 -47 -3 0
42 29 -11 6 -36 10 26 35 0
8 14 27 0
3 -8 57 -28 -57 0
44 -53 0
50 -40 -58 17 28 42 60 29 33 52 53 0
0
1 -24 -48 0
-56 2
-53 3
