13 50 -33 -39 5 15 37 46 59 0
6 13 27 51 0
7 11 14 16 16 0
6 18 45 54 1 26 28 33 49 3 18 23 24 56 0
42 32 -47 0
55 -21 20 -31 46 -32 -10 0
42 -13 2 39 6 -2 -49 11 57 0
24 -12 35 -49 26 -6 -17 0
44 59 60 60 21 -33 17 -19 -22 57 -50 0
4 -39 0
38 58 20 30 45 13 28 40 53 0
40 -20 -3 24 31 9 -55 -6 6 -36 0
5 35 48 16 -34 22 59 20 23 23 46 49 0
1 21 37 60 -58 6 -46 -11 34 -46 28 -5 -27 0
25 -31 15 -50 39 -13 0
29 -44 28 46 8 19 47 51 0
12 17 37 -44 0
18 10 -41 -56 6 23 36 39 58 21 52 52 21 -36 -54 0
13 14 19 42 3 4 7 40 56 6 -19 -51 0
9 -11 -22 6 9 10 18 57 0
3 10 0
2 -40 -30 11 19 19 49 42 -17 -31 7 44 50 53 58 0
-40 1
-40 2
-40 3
-67 2
11 46 49 0
6 -2 4 24 27 35 0
1 30 38 45 53 0
30 -22 48 -43 14 20 54 37 56 57 34 55 0
43 -21 -38 0
48 -50 -26 1 -19 -37 0
54 -48 -41 0
27 -31 13 -57 0
20 7 -26 23 40 51 0
16 -41 39 -31 12 19 0
2 -32 -2 0
53 57 -55 -27 54 -7 0
39 -34 0
10 52 -26 -56 32 -13 34 -26 40 47 0
24 37 54 60 0
51 60 2 27 33 37 29 57 -57 -8 0
23 -48 19 45 45 45 1 -40 -47 0
17 -29 -29 35 -7 -19 0
9 31 34 5 6 58 1 38 46 48 50 0
13 36 41 59 60 7 8 50 1 13 30 34 34 0
-54 2
-56 3
