29 -23 6 -58 -18 11 -43 41 -22 -37 0
51 -44 42 -54 8 -41 -43 52 20 50 0
32 -17 -9 5 30 -17 0
52 -25 -31 10 39 40 13 60 8 -25 -39 0
0
8 -43 4 5 44 12 19 57 58 11 16 34 34 48 -16 -6 0
53 -10 2 40 8 -33 0
51 -13 0
9 16 33 39 54 0
20 -14 0
37 -14 16 -13 -12 0
16 17 37 54 27 -4 -27 15 -36 0
36 38 55 35 -55 -40 50 -6 23 -43 -15 29 -7 0
12 20 -1 40 24 -58 -16 0
18 -40 58 9 17 34 59 58 -4 0
43 -55 -19 4 26 42 0
2 33 59 4 22 24 57 33 -25 0
24 24 43 53 7 17 26 34 39 15 -60 -60 0
6 39 13 -57 32 -14 0
56 -58 3 0
4 9 10 12 15 57 -4 16 -11 -38 14 -17 0
42 5 28 36 60 -55 -14 0
-2 1
-2 2
-2 3
-68 3
-69 2
9 14 30 6 7 36 53 45 -8 20 -51 -7 0
7 -36 43 -6 27 -45 -24 21 -58 55 0
2 -1 19 -4 -43 31 42 9 29 46 60 50 -1 0
34 35 48 51 40 42 47 47 49 30 45 48 0
12 23 25 18 -19 38 40 53 57 0
6 15 26 50 54 0
51 -59 -25 51 -31 -53 49 -59 21 -46 -45 0
29 50 56 58 0
0
35 -37 0
58 -19 -42 0
52 -39 -20 58 -14 -19 3 -32 0
32 -23 -5 53 -53 0
2 11 41 42 58 13 26 48 59 23 33 32 60 0
2 4 17 52 59 46 -41 -40 2 24 16 37 33 -22 -8 0
18 -18 -15 0
12 -57 0
21 -6 -53 25 -1 -11 43 -36 -19 27 -33 0
56 -46 0
50 58 47 -14 -39 3 12 0
-2 2
-2 3
