50 -9 0
6 -14 -3 52 -43 -37 0
23 -25 -32 20 37 58 4 -3 -54 43 -50 0
1 37 38 58 0
28 -3 9 11 54 0
4 39 53 0
11 -5 16 -40 18 32 48 0
32 -30 -28 9 48 59 -21 36 58 11 19 0
0
27 -55 0
4 6 44 0
6 27 43 53 54 25 -57 -22 2 8 58 40 -25 -5 0
43 -45 -37 3 43 50 56 57 24 -32 -43 24 60 60 0
20 -9 -33 6 35 0
23 -27 -53 51 -53 -16 32 -51 0
6 13 50 53 57 0
18 22 0
0
40 -54 31 15 21 54 -43 21 22 25 58 0
5 -7 0
8 13 21 35 0
57 -39 0
-13 1
-13 2
-13 3
15 42 47 54 60 34 34 54 6 26 33 55 0
9 -40 0
34 -2 43 -14 0
42 -29 -16 9 14 15 30 36 0
21 -58 0
45 -12 -8 3 48 49 0
25 -7 -10 0
1 -11 -53 0
44 -55 -14 0
17 1 7 23 58 13 -11 0
54 -56 15 17 40 51 -26 47 -55 -7 0
29 -44 -22 22 33 37 -42 -39 35 -25 10 12 0
20 -22 -44 0
47 -26 -44 42 -50 -58 33 -45 38 -19 -6 22 -32 0
6 -18 -28 0
2 37 10 -14 -14 5 -34 0
5 59 33 -34 -35 12 -59 0
19 22 27 36 6 10 11 41 51 10 48 0
6 -17 -24 0
0
-52 2
-47 3
