42 -35 9 40 1 36 52 36 17 20 31 33 47 0
1 50 -22 37 0
25 4 20 39 47 51 0
29 -17 25 -41 -1 3 51 4 8 55 0
17 23 24 47 59 0
55 -28 -30 0
25 29 59 60 24 -15 17 48 24 38 39 41 52 0
10 32 22 -13 -44 36 45 12 -17 -20 32 -37 0
3 42 23 48 48 5 -1 -48 33 -2 0
0
12 -29 31 15 25 48 55 57 34 -34 19 -48 -29 0
18 -12 -8 49 26 29 53 56 39 -46 0
29 -28 -9 51 -60 -2 0
31 -8 0
31 -35 1 -49 2 12 22 25 50 0
7 10 0
59 -45 7 18 28 31 54 0
49 18 -15 -57 39 -44 0
43 -35 0
24 -41 10 49 0
28 -29 19 25 43 59 0
12 16 36 37 51 0
-50 1
-56 2
-49 3
20 -54 -57 8 9 33 55 42 -52 -37 48 -15 -31 0
15 -27 10 28 37 41 55 31 -34 0
15 -9 -49 0
44 -22 -20 0
31 -58 -12 4 -60 0
23 32 1 11 13 24 37 8 -1 -49 55 -35 11 11 22 23 0
4 -59 22 -3 -24 18 -19 -35 0
1 -60 4 20 37 6 -41 -22 10 -45 -8 34 -15 0
2 17 44 44 51 39 39 58 -4 -20 0
19 -22 -37 0
29 -1 21 27 50 51 55 17 -44 -54 0
6 30 32 57 0
59 -16 -17 0
15 18 22 31 51 0
32 54 60 1 40 47 0
3 42 42 8 -56 -46 3 37 45 48 0
19 25 52 25 -55 42 -28 -17 55 -3 -40 0
25 25 30 32 35 -22 21 -1 60 -1 -26 0
4 -59 10 32 43 53 14 27 9 13 60 0
24 -26 46 -8 23 -48 17 -25 -2 0
-53 2
-53 3
