46 23 -26 -56 0
2 4 36 53 56 0
20 -36 -29 48 -59 0
24 -1 46 -53 29 37 40 18 0
32 5 27 31 51 60 14 -3 -48 41 58 49 -34 -38 0
48 -34 -29 0
7 16 24 32 37 55 7 31 50 41 43 45 46 0
13 17 20 27 0
6 -22 -19 36 -12 0
52 56 0
59 -5 2 31 1 10 33 18 -27 1 51 56 0
38 37 -40 -30 35 -14 -22 47 -46 45 -47 -46 0
3 5 43 32 -49 16 44 0
34 59 48 0
42 -2 35 -35 -15 5 -43 6 -52 -8 0
9 20 48 60 26 -11 10 26 32 -48 -1 1 11 60 0
40 -25 -13 59 -40 -38 0
56 -14 -56 37 -47 0
12 -5 0
8 -18 9 32 33 57 21 -27 -56 0
10 35 54 59 59 42 -49 0
0
-14 1
-14 2
-14 3
-66 3
19 -1 34 -37 23 25 28 45 48 2 9 19 23 58 0
45 -45 -27 49 -53 5 27 49 0
21 -54 -26 3 15 14 0
59 9 36 28 -55 -53 39 -3 0
33 0
23 10 52 18 46 19 -25 -38 0
37 39 40 50 55 -7 22 -52 0
2 -19 -18 0
38 0
40 -28 32 -13 42 -15 -50 0
7 -54 -24 2 4 25 -39 36 -51 13 -11 0
60 -7 -20 2 37 58 60 53 -8 33 -21 39 60 0
16 -43 -21 11 15 17 22 -34 0
15 -27 44 -48 -55 31 -12 0
2 5 32 59 49 58 41 55 59 0
11 -9 34 0
0
8 21 42 4 7 25 50 59 50 -47 24 -20 -51 0
34 -19 -57 22 -14 21 -50 -16 55 -36 -13 58 -1 0
36 -31 4 -8 -36 53 -49 -11 0
-49 2
-52 3
