5 4 7 13 49 59 0
30 -29 -16 0
15 53 1 11 16 41 45 57 0
30 -40 30 -3 57 -9 58 -6 0
24 -52 -24 2 22 35 52 52 57 0
19 -9 54 -51 0
19 22 40 55 -5 49 -27 -27 9 -32 33 58 0
37 -47 48 -25 -37 16 -29 -45 27 53 59 -30 0
1 4 45 0
35 -39 -29 0
48 -33 -11 0
9 17 27 0
7 -42 -36 57 -23 0
42 52 38 -30 19 33 42 0
30 -42 -12 19 27 38 42 49 48 -38 -28 0
35 -3 -31 56 -50 18 -59 0
4 5 28 37 46 0
19 -7 15 18 54 58 59 23 26 31 21 22 26 41 56 55 -41 0
5 -1 3 47 0
15 17 30 32 38 46 -26 52 38 -22 0
20 -60 12 31 44 46 59 25 29 32 38 0
19 -46 57 -48 57 -40 -51 0
-48 1
-50 2
-50 3
9 -15 -2 48 -53 -14 45 -12 0
1 9 20 5 9 19 0
45 20 20 28 31 40 0
10 12 16 36 39 5 -46 -38 0
16 -24 -47 47 -50 0
30 -19 -6 20 51 0
15 -32 11 18 24 18 24 42 59 0
17 44 44 51 43 -33 -58 15 50 54 56 22 0
9 19 27 30 35 27 -56 -16 24 -26 -12 0
1 26 30 33 -30 -39 10 33 34 38 54 0
18 21 53 55 35 -44 -47 0
37 39 54 19 -37 0
50 -32 -16 59 -7 0
24 -46 0
30 51 53 57 0
39 -28 19 58 55 10 -2 -37 39 0
29 -14 0
7 -49 18 -46 0
15 30 32 51 19 28 47 19 27 10 -59 0
16 21 35 51 58 16 35 42 44 -5 43 -19 -6 0
-53 2
-53 3
