42 -50 1 -15 0
33 42 3 43 14 24 42 52 1 3 15 9 28 58 0
47 -29 -3 36 48 0
25 40 42 44 55 24 4 11 20 28 55 34 51 31 -33 0
35 -12 -32 15 28 32 47 37 -43 -57 37 -41 14 21 47 53 54 0
1 3 26 37 0
15 -49 -54 34 -53 0
12 -28 -30 0
54 -10 -35 0
44 58 36 -24 -11 31 -20 28 -23 -37 0
1 16 43 -19 -58 28 0
0
53 -20 24 -3 0
19 -7 59 -25 0
48 -40 -57 6 25 30 43 0
56 -29 -50 56 -29 -39 7 -10 0
8 12 25 29 55 37 13 13 59 22 -50 -17 0
0
12 18 30 0
0
3 4 20 53 0
28 -51 -40 0
-2 1
-2 2
-2 3
-68 3
0
50 -50 -32 0
22 58 5 -42 -59 23 -20 -40 19 22 6 11 38 51 60 0
31 48 58 19 53 0
42 -49 0
13 -11 -12 27 36 46 54 59 25 31 39 39 45 0
4 -39 0
51 -19 -25 3 22 38 39 17 -57 49 0
1 11 28 46 48 32 -15 -16 0
36 -8 -15 52 -25 13 22 42 45 50 0
0
5 29 29 48 -50 -42 16 18 26 28 46 2 56 0
21 25 40 -34 -17 39 -53 -34 0
53 2 11 22 24 28 8 12 17 44 44 0
3 29 49 51 13 -50 -37 22 -11 -14 0
28 -50 -27 6 -20 41 -29 51 -59 -5 0
32 -15 -16 31 45 -4 -57 13 26 -49 0
24 47 -53 -31 22 -43 12 17 29 33 33 58 0
17 -60 10 -15 -11 38 -24 0
31 45 53 0
-34 2
-34 3
