6 -41 0
59 -3 -7 18 -41 -53 0
0
2 7 26 36 7 38 40 49 33 -21 0
1 24 22 32 53 56 38 -58 0
7 -26 1 23 24 36 48 57 31 -40 58 -60 -60 0
18 -31 0
25 38 4 16 21 28 37 46 -45 0
42 -15 -15 59 -47 -1 1 6 18 26 26 0
15 -53 53 0
10 11 53 -35 0
38 -20 -45 32 16 -37 -22 20 -33 -43 0
1 -7 3 39 60 -32 -45 30 -18 49 51 56 0
22 -16 -42 8 -24 -44 0
46 -20 -45 48 -36 0
10 47 0
33 46 55 18 34 38 0
34 -49 17 -28 -39 27 -48 0
33 48 55 24 -57 -48 57 -50 0
35 -8 31 -48 -36 51 -42 -55 0
32 -48 -10 0
36 -56 18 23 32 35 53 53 -27 0
-4 1
-4 2
-4 3
-68 3
-68 2
17 0
5 28 30 7 22 39 0
9 -9 -26 52 -19 -20 42 -56 -57 31 -33 0
8 16 16 0
18 -55 53 -26 -47 35 -58 0
59 -20 0
36 -30 -15 0
5 11 27 37 41 25 35 47 48 0
19 -45 -20 0
27 -5 -5 24 44 51 0
12 26 36 55 4 58 16 24 52 42 48 55 23 23 24 0
14 24 27 34 0
43 -34 0
19 21 35 50 10 -34 0
35 -1 -26 0
35 -31 -44 52 -60 -13 0
26 -24 0
12 -5 -40 7 -9 7 -10 0
42 -43 -60 0
39 -58 -50 8 17 32 0
-12 2
-12 3
