48 -11 0
28 -21 0
27 -44 0
53 -9 -36 0
0
4 7 16 31 52 2 20 48 49 25 26 0
14 55 57 3 12 13 20 38 26 -4 15 20 38 0
13 -1 -37 5 -48 -22 0
3 -17 -51 27 -16 29 -29 -43 11 -33 20 21 47 52 0
13 16 58 0
38 -7 20 -28 46 -19 -51 32 33 35 45 -14 -45 0
20 37 50 55 57 -5 4 7 48 51 3 32 50 0
11 15 17 23 45 30 -50 0
40 -32 2 -39 -40 44 -31 -15 0
25 -16 -47 58 -60 42 -51 42 43 0
23 -55 -53 0
13 14 16 37 17 -3 -16 0
57 -53 22 30 33 16 -23 -40 0
8 16 20 32 43 -9 36 0
40 -5 17 -28 -40 3 45 45 50 10 -58 -60 8 -10 -32 0
21 -55 0
40 -25 20 -27 -51 52 -13 14 19 37 0
-2 1
-2 2
-2 3
-69 3
-67 2
0
20 -43 2 20 28 60 55 -12 60 -56 -57 0
13 16 33 42 44 10 -11 11 0
0
51 -9 54 1 0
38 51 53 0
41 -56 24 52 10 30 0
15 44 48 -43 26 51 0
18 -55 -13 16 -52 -7 32 -8 -52 4 -41 0
0
20 38 49 60 2 20 51 25 -23 10 20 46 57 0
0
60 -32 0
0
10 16 23 46 52 49 -24 -12 0
0
28 59 2 5 8 42 59 2 25 -33 0
13 28 52 53 2 27 55 -7 0
6 -58 -41 52 -33 -44 14 17 58 59 19 23 49 0
13 27 44 46 59 20 35 39 48 0
-8 2
-8 3
