14 -51 -45 21 45 20 27 41 46 0
39 -55 10 -19 10 -30 0
51 -6 12 37 39 58 0
10 36 38 54 35 -24 -10 0
7 0
25 -30 0
14 -56 -23 32 -58 -3 2 -30 -50 60 -51 -54 0
38 -43 8 17 34 58 46 -49 0
20 -50 0
9 28 32 0
0
26 49 -57 -20 0
27 -11 -30 0
40 51 53 0
25 30 0
3 10 45 46 51 0
19 24 31 50 16 45 43 -33 -21 0
52 -29 54 -43 -12 5 15 18 56 56 18 -25 0
15 -9 -28 0
0
32 -49 35 -28 18 -50 0
13 -41 15 46 37 -43 -28 10 -7 0
-2 1
-2 2
-2 3
-69 3
34 -39 20 -41 7 39 43 48 19 30 46 57 0
41 -58 1 -41 -56 13 27 43 0
8 -40 55 -38 24 -36 14 55 0
12 15 31 34 20 28 38 39 40 16 0
26 -24 3 -23 -47 7 40 48 48 51 0
19 -23 14 17 30 28 -34 -39 58 58 0
3 -33 0
18 -19 0
51 -31 -1 24 36 36 48 56 5 -54 35 19 41 57 0
7 -58 -14 24 -41 -27 42 -24 28 41 47 52 53 38 55 56 0
14 5 32 48 55 0
10 15 28 57 8 -1 0
8 10 0
41 -41 8 32 35 49 0
30 -1 -16 30 -29 0
11 -40 0
42 -19 -6 5 5 8 41 54 0
22 -16 -35 45 -58 -38 49 26 -34 -53 0
53 -60 13 25 52 56 30 -30 -2 0
0
-3 2
-3 3
