28 44 56 59 3 41 48 58 0
0
4 60 36 -29 -21 0
18 -55 -8 44 -49 -45 21 -51 -50 0
60 -32 -4 19 -36 -17 46 -13 -59 49 54 -32 0
4 4 32 46 46 0
28 48 5 6 15 42 28 46 55 10 -48 -40 0
6 15 15 16 41 17 -48 0
14 -50 29 -35 -57 9 15 -42 -20 0
5 -43 6 7 22 59 0
11 43 -28 -21 56 -29 11 -24 0
59 -53 0
6 55 1 -47 -25 17 0
60 -13 39 -35 -34 0
56 -18 -27 15 -33 0
28 -31 -37 42 -33 -30 32 -33 -33 0
12 13 58 32 11 13 59 0
3 -26 21 41 57 17 22 57 0
42 48 17 -41 -46 17 24 52 52 0
51 -2 -25 41 -59 0
14 32 44 48 51 0
20 0
-2 1
-2 2
-2 3
-67 3
27 30 32 37 53 16 -17 -46 43 52 18 60 45 -7 0
5 19 48 51 11 -41 0
40 0
1 21 53 53 3 18 29 32 31 34 45 54 -13 -54 15 0
57 59 30 -21 -25 0
16 59 48 -57 0
23 -21 -37 8 32 3 26 59 12 52 0
29 23 -26 -38 4 -48 52 -14 23 26 48 57 0
36 -49 48 -10 -56 48 -5 24 -10 14 -4 0
21 -43 -52 6 18 20 28 50 48 -37 43 15 16 17 34 51 0
29 -29 -11 0
32 -16 0
1 4 4 15 8 -13 57 -60 0
17 25 34 47 28 -57 22 -25 2 42 42 -15 0
30 32 49 58 0
6 22 35 43 6 16 18 0
23 51 56 0
13 36 0
4 26 37 58 0
11 16 19 26 39 0
-47 2
-48 3
