16 22 0
39 -50 -23 11 -11 -8 3 34 56 0
29 -43 42 -58 -15 7 14 43 59 28 -45 0
51 -57 -14 9 -29 3 15 37 50 60 -46 0
18 36 43 4 -24 -24 32 35 46 47 -31 0
2 -36 0
31 -20 -39 15 -11 -44 0
0
10 29 0
38 -15 32 -47 19 30 0
23 32 -58 -22 0
3 -57 21 -45 11 24 34 31 37 47 56 31 -15 0
14 -13 53 -39 13 -10 0
39 -36 -34 0
25 49 50 57 56 28 -33 0
58 -7 6 31 1 42 55 55 1 -29 -54 7 7 16 18 27 0
20 60 22 23 1 -13 -6 0
48 -55 51 -34 28 33 48 0
10 -13 52 0
49 -57 -59 0
9 22 49 51 48 -16 25 -50 -29 28 -54 0
8 -53 -33 24 28 39 -18 48 -33 -48 0
-4 1
-4 2
-4 3
-69 3
41 46 48 17 -16 4 0
29 -56 59 -26 -41 0
50 -24 0
2 -37 -7 15 -34 52 -45 32 -23 0
0
32 -49 31 58 0
10 -34 0
15 -28 -60 3 36 -31 0
51 -8 -10 0
4 57 60 41 -9 37 -15 -8 0
23 58 14 -39 -57 0
27 -23 0
37 -34 -37 1 2 3 46 51 0
14 42 0
20 -48 -13 27 -45 48 -1 32 -45 -37 24 -8 0
39 -15 -32 0
55 -16 -58 16 36 41 0
13 33 8 -36 -3 18 -55 -1 0
47 -12 23 0
0
-4 2
-4 3
