56 -5 9 -21 -32 0
5 -58 6 12 27 37 57 34 -52 -1 8 20 27 38 39 0
30 32 34 52 0
43 -24 -25 18 -27 -9 21 -32 -29 24 30 41 48 2 13 18 34 0
37 -34 17 -1 -38 29 35 15 53 0
25 -41 10 -8 -36 9 -23 -48 0
57 -39 35 0
60 -43 14 -5 -34 42 -39 -17 0
7 -28 -22 11 -57 60 58 -36 -34 0
52 -41 -45 4 -12 -56 0
50 58 9 11 15 33 51 0
28 -30 6 -5 0
59 -47 11 -3 0
6 11 40 -13 47 -5 15 23 45 52 54 0
24 -30 46 -12 -54 0
11 -17 -50 0
60 -54 0
17 29 0
8 57 60 -60 0
1 25 38 38 55 -35 -5 0
55 -40 37 -56 -20 0
23 -46 -9 59 -49 30 -32 0
-2 1
-2 2
-2 3
29 -10 4 14 35 26 -57 -28 27 0
28 -21 -55 22 35 35 48 58 1 10 20 30 33 0
1 27 34 44 55 3 14 17 32 43 0
58 -53 -40 20 0
2 21 54 54 58 2 -25 46 -20 0
11 16 49 50 -20 0
6 -17 8 12 13 31 36 18 19 35 43 44 -56 0
1 12 1 6 7 42 47 19 -45 -47 0
1 0
17 18 21 26 -11 -29 31 -49 0
18 25 31 0
9 9 14 24 8 -9 11 16 53 -53 60 0
0
21 41 51 0
9 12 12 38 45 21 -24 0
9 -35 0
14 14 8 32 39 39 39 0
21 30 35 -41 13 -12 -21 0
17 -52 -36 0
22 30 33 41 46 31 -2 27 -23 0
-55 2
-49 3
