34 -45 5 -15 18 -8 0
0
16 -52 -31 17 -26 -58 0
4 -22 -26 34 -5 -24 0
17 -9 55 -15 33 0
39 13 30 30 35 36 10 23 56 58 44 -49 -9 16 0
12 -33 23 21 -31 -22 15 49 54 59 4 -7 0
35 -20 -8 38 -43 -59 54 -58 19 -38 -29 0
10 -26 10 16 36 46 -23 0
6 48 51 40 60 2 4 14 19 37 0
0
0
56 -47 56 -13 0
18 -37 0
51 0
21 35 42 24 -10 26 -23 -17 12 -53 31 33 46 60 0
0
6 8 13 50 54 4 -58 -33 12 -9 -43 0
26 -31 -55 6 0
2 34 53 29 35 36 57 0
37 54 43 -41 -47 0
23 45 0
-2 1
-2 2
-2 3
38 41 29 41 50 11 38 51 6 -2 -59 0
49 -13 43 -55 37 27 -31 47 -36 0
39 57 35 46 54 0
1 8 17 30 50 5 6 24 35 57 0
2 -22 13 28 32 44 0
11 30 39 49 -15 -27 0
26 -55 -4 0
37 -29 2 12 19 21 30 25 -37 0
20 -10 57 -51 60 -6 -30 0
1 12 35 48 51 10 16 52 0
27 44 8 -19 -8 0
51 -1 32 34 41 53 57 57 -54 0
4 27 27 46 59 9 -10 -37 0
2 5 24 38 53 21 -56 17 -13 -11 44 -19 -28 0
46 13 32 54 -8 -20 0
41 49 27 -53 -38 44 47 57 0
53 54 42 -37 0
60 -34 -38 27 -16 -6 0
0
5 36 0
-2 2
-2 3
