6 27 59 -11 -1 11 -29 -33 15 27 38 51 55 49 -4 -30 0
11 12 28 32 -5 -35 43 -23 -24 4 10 12 21 30 0
5 19 25 32 15 -42 0
5 -4 47 -17 -56 58 -51 -53 7 17 27 0
32 -13 32 -9 21 -48 -11 0
24 -5 13 39 12 -34 39 45 52 0
50 1 1 27 45 54 -6 0
34 0
8 10 31 42 60 -33 0
42 -18 -49 1 6 22 39 6 -35 0
14 25 39 0
37 -29 0
21 53 -2 -33 48 -31 -4 3 -28 -31 0
47 -36 -38 45 -4 36 50 0
4 12 21 37 51 0
49 -7 1 -13 0
11 -42 -10 19 37 54 45 -53 -7 32 0
0
55 -14 0
1 8 23 52 23 -33 -21 0
48 -21 -58 0
9 17 31 -16 27 29 46 0
-2 1
-2 2
-2 3
9 60 28 40 43 44 0
0
11 -38 -57 10 -41 0
53 -32 58 -2 -34 30 0
14 30 43 50 52 0
7 19 35 51 30 -48 0
2 0
4 6 44 7 -52 46 -14 -53 9 30 52 56 0
57 -36 23 24 37 2 -56 0
9 54 19 25 60 5 54 56 -47 37 -38 -19 0
34 -57 -27 9 31 -20 0
27 -9 47 -7 -22 57 0
22 56 22 -27 0
50 31 41 42 55 60 0
38 -58 -9 0
19 57 19 40 27 -24 -47 0
15 19 38 -51 -52 37 0
58 -42 12 -3 -33 10 24 33 44 56 17 -22 -51 0
0
1 31 49 60 12 -51 -18 48 -37 -44 21 39 47 0
-15 2
-15 3
