36 -43 -28 27 -36 -30 33 58 0
40 41 57 58 20 -58 0
15 -1 0
10 14 48 48 58 30 -37 -38 4 -32 29 8 12 22 43 0
35 -38 -40 38 -39 -24 43 -10 -40 14 14 31 47 0
14 32 0
18 -5 58 -22 16 25 43 48 1 3 34 0
15 -9 54 -27 -15 19 -38 0
34 -8 -60 24 39 57 34 -9 -36 7 43 44 48 0
53 -35 -20 1 19 13 30 32 40 5 -57 -18 3 31 32 51 0
48 -30 20 24 54 39 -11 0
23 38 39 44 48 52 -40 -18 0
22 28 41 50 53 1 32 44 51 56 1 10 51 0
0
8 14 17 31 52 0
44 -12 14 17 46 54 59 0
38 -2 -30 12 -28 0
22 0
12 -17 -49 7 30 59 1 -40 -31 13 45 0
32 -33 -23 43 -27 0
60 -2 -10 9 48 49 50 16 23 35 37 0
16 -45 0
-2 1
-2 2
-2 3
-66 3
-66 2
35 -39 0
9 -13 -19 0
29 -1 -45 19 -22 0
48 56 34 -35 -33 48 -58 -1 20 26 30 0
30 39 1 16 18 29 38 0
28 0
25 -13 28 -38 0
58 -30 27 -14 22 -18 20 30 34 0
0
31 -14 12 17 39 57 59 18 -52 39 -10 -8 0
9 9 21 2 5 8 33 40 28 -3 60 -49 0
1 -60 -38 2 5 19 31 53 34 -34 0
2 -39 26 -5 -53 0
51 -49 0
3 36 18 -60 -49 14 30 0
7 -25 14 21 35 37 55 33 46 0
29 38 38 -60 -37 0
3 15 35 48 51 35 -8 10 18 34 41 53 5 21 38 40 0
28 -58 -48 36 55 50 -24 -21 58 -60 10 33 0
42 52 60 0
-5 2
-5 3
