0
31 38 57 14 -37 -41 45 -47 14 -9 3 7 27 59 0
42 -20 23 30 57 58 0
19 -36 0
59 -10 11 -47 -32 21 28 57 0
56 -27 0
18 22 41 0
53 -18 -2 17 25 28 15 -13 14 -4 -12 0
5 -40 -8 56 -13 49 -14 0
18 -19 -39 26 35 34 38 57 8 18 40 50 58 0
28 40 51 0
2 8 29 30 45 56 -40 -11 28 0
26 52 60 54 -44 -27 0
9 -44 -9 0
53 0
3 26 32 53 54 0
6 -28 59 -54 44 52 43 -46 -27 0
7 11 22 14 -23 0
53 -19 -30 36 -38 -52 36 -21 17 55 -47 0
33 54 58 52 57 0
23 -27 -9 0
54 -44 -56 16 31 41 45 16 -53 -45 17 -37 0
-2 1
-2 2
-2 3
51 -27 -7 28 28 52 54 0
5 24 30 43 -23 -51 12 47 50 0
12 -14 -25 18 20 39 49 52 1 5 21 42 0
50 -10 -24 0
60 -44 -2 21 -38 31 -33 -2 0
46 14 20 28 53 56 12 13 26 29 0
7 26 31 34 49 0
0
18 21 44 52 55 0
37 -7 2 10 11 44 24 39 40 0
10 51 52 58 53 12 -28 -35 51 -22 0
34 -16 34 -23 0
17 -34 23 26 28 -49 -7 41 -7 -11 0
43 -18 -49 31 -39 29 -9 1 16 25 38 0
24 49 13 -44 -11 0
10 -52 15 19 30 32 60 0
57 57 -29 -37 7 -42 56 -29 -57 0
19 44 60 -58 -58 0
5 -41 17 20 31 35 39 -6 -1 46 -26 -41 0
28 -31 -51 40 -28 17 -4 -56 3 11 36 0
-3 2
-3 3
