2 3 15 46 0
29 -36 -18 1 36 47 50 0
12 9 -46 -40 1 29 53 55 0
31 54 -23 -47 0
25 -22 -38 17 25 28 0
12 -15 0
24 -3 -6 20 -7 0
9 19 0
24 0
34 -37 -23 34 -13 3 21 50 0
12 -38 -11 58 -32 -47 20 -31 0
42 -1 6 42 51 0
18 -5 -9 4 -21 2 0
3 11 31 34 21 30 36 50 14 25 50 56 12 -5 -53 0
28 -54 0
8 35 37 -45 4 27 33 43 50 -39 3 20 45 54 56 0
36 12 -47 0
10 35 0
11 21 55 0
58 -31 20 21 24 25 60 0
23 46 50 0
0
-4 1
-4 2
-4 3
37 -17 53 59 50 -46 20 27 18 -7 0
22 30 41 47 -40 0
7 19 21 23 37 8 11 15 23 35 21 -49 57 -8 0
21 -35 0
60 0
59 -17 -7 8 20 23 35 48 50 -39 -43 0
45 -8 10 -29 -28 31 -29 5 -7 -31 48 -41 -8 0
2 21 33 33 52 -55 -22 48 -57 -55 34 -36 -45 27 -17 0
31 33 37 48 58 30 37 11 13 38 56 57 48 -40 0
1 6 48 52 0
58 -41 -19 17 30 44 50 37 0
20 27 51 0
44 -26 32 46 49 54 0
11 -17 47 -9 -30 49 -31 -32 0
22 -28 54 -37 -60 57 -32 -59 0
39 -8 35 36 43 55 55 0
15 19 47 59 43 -5 -5 0
47 -29 -45 3 31 41 27 0
13 -44 60 -33 -48 42 -58 0
1 8 4 23 29 59 0
-15 2
-15 3
