25 -51 -48 0
36 -18 -24 31 13 26 31 56 26 31 38 0
30 38 0
22 28 43 50 58 31 8 -11 0
0
12 -49 38 -51 49 30 -17 0
3 39 44 27 0
5 46 11 24 24 26 28 49 -53 -11 0
14 -51 -48 35 -36 41 0
29 31 60 49 -35 55 -39 0
17 0
45 -16 4 -43 17 24 30 46 56 0
55 -3 6 -48 -16 38 -3 -42 7 11 26 44 0
28 14 -38 1 -44 -26 44 -30 -24 0
20 -49 50 -27 17 27 39 43 43 30 -56 23 33 48 0
1 56 59 25 0
47 -24 19 -47 -43 0
18 -11 0
46 -5 54 34 36 52 57 19 19 31 0
28 -14 -58 37 -52 51 -20 -20 0
0
0
-2 1
-2 2
-2 3
-69 2
3 -34 39 21 22 35 0
60 -49 -36 0
55 -28 0
8 19 24 35 23 -12 0
9 16 39 40 40 11 -42 0
33 -15 -35 20 21 31 38 0
23 60 0
30 15 -59 44 49 53 0
43 -55 -50 29 -28 10 46 0
1 9 22 22 23 14 12 -28 -6 0
10 -28 0
29 -33 -1 0
55 -38 0
8 43 52 0
3 12 24 40 -28 -25 24 -50 5 7 20 33 0
33 -52 -27 4 17 22 25 26 0
34 -55 8 26 27 34 56 9 15 28 44 7 15 21 40 41 0
54 -15 0
27 -52 -27 3 -54 0
0
-2 2
-2 3
