34 -56 3 4 17 60 0
26 -30 -6 19 50 51 59 54 0
31 32 44 7 -40 0
48 -19 -24 0
51 -21 -31 1 -58 1 55 59 23 50 22 -29 -43 0
46 -51 -59 14 57 60 58 0
8 -34 49 0
25 -13 -11 56 52 -21 -22 53 0
41 -4 -20 0
18 21 24 41 46 19 45 -39 2 -20 13 -31 -36 0
21 -57 52 -48 0
3 -17 4 23 0
45 -30 0
40 -25 0
59 -34 6 19 27 30 -14 25 37 39 47 50 0
3 24 45 49 0
15 20 32 -52 0
4 24 30 37 -51 -40 0
53 -31 0
3 7 20 -23 -5 18 -28 42 -34 -51 53 -42 -33 0
14 29 57 0
36 56 56 17 23 33 50 2 4 23 42 0
-4 1
-4 2
-4 3
5 15 17 3 0
1 29 30 56 58 7 18 35 40 16 -50 -52 6 -37 6 12 41 58 0
2 38 57 5 21 27 29 47 0
2 3 18 22 37 6 17 26 0
26 -49 0
4 12 38 0
3 0
0
0
38 -5 0
52 -58 59 -34 -10 0
59 -40 -48 4 -22 15 -31 -59 0
13 38 55 50 -34 39 -23 0
41 -44 10 -52 -48 0
23 -53 32 -16 -35 33 60 42 -58 26 0
31 -31 -27 4 28 40 46 10 11 47 59 0
34 11 12 35 40 47 49 -55 -45 0
8 -11 4 0
54 -26 6 38 14 -25 34 -39 0
44 -58 46 -6 3 22 31 46 56 5 0
-8 2
-8 3
