5 -26 0
29 43 45 29 51 60 12 37 45 52 46 -3 0
13 56 -11 0
35 -29 59 -30 53 -5 -51 0
30 10 -14 -29 45 -34 -5 0
1 -56 11 57 12 -13 -14 39 -23 0
19 -10 -41 12 26 34 48 25 31 33 57 35 -15 -39 0
45 -31 -38 0
28 14 21 46 0
12 -34 -42 3 13 18 58 58 0
46 -57 0
53 -1 -7 44 -54 -5 43 -21 37 60 15 33 34 0
52 -45 -33 0
7 22 13 -11 57 -59 28 -44 51 -22 0
45 -4 -8 37 -51 10 51 0
45 -27 -55 15 -44 -53 26 -37 0
7 12 20 30 9 14 38 51 6 11 16 27 41 57 -34 -39 1 -42 0
13 24 40 9 -25 -2 5 -29 13 -10 -8 50 -41 0
32 -5 57 -13 1 17 30 55 0
33 31 -2 -16 0
53 -34 34 -34 0
9 -9 19 23 25 26 52 17 27 48 0
-2 1
-2 2
-2 3
14 29 0
18 25 59 -45 11 -48 -39 8 30 36 49 57 0
17 30 6 -20 -50 14 -21 0
6 55 -35 29 25 -14 41 -12 0
46 -59 -40 0
17 0
1 57 19 -45 -15 48 -18 -60 2 16 21 41 57 54 57 0
38 -17 21 -11 45 -20 32 -8 0
45 -37 11 16 0
13 35 47 59 5 11 15 47 59 -25 16 33 34 34 34 2 32 34 37 0
60 -57 0
16 41 42 43 52 15 11 48 50 56 9 -44 0
6 32 1 19 32 44 0
4 18 46 48 12 16 36 -12 0
10 29 -13 0
55 -7 -15 46 -30 -58 48 -47 -56 19 24 39 40 0
20 38 -34 -33 5 11 32 38 56 0
11 22 39 57 -57 -13 50 -6 -7 12 -4 0
7 -2 -40 8 9 10 40 0
1 -18 -55 0
-47 2
-47 3
