4 8 15 19 19 15 34 52 53 35 41 56 -48 0
1 -30 -48 26 37 45 53 41 -29 3 49 0
39 -12 0
52 -31 -34 0
25 -60 -1 42 43 0
35 -32 48 -28 0
23 -53 -52 24 28 36 41 42 0
38 -23 49 -21 -30 2 3 9 31 52 1 15 31 50 56 50 -36 -41 0
9 -9 -57 35 -2 8 -13 26 -60 1 -9 -29 0
58 -16 -8 0
25 -29 -45 48 -38 -25 45 -12 0
52 -1 11 14 45 51 57 21 45 0
18 0
0
30 31 35 0
20 -42 0
11 -41 -57 45 -21 21 27 34 0
45 -50 -45 0
49 -35 0
3 -5 34 25 -16 -31 27 -39 -29 16 25 35 0
59 -10 -57 0
0
-4 1
-4 2
-4 3
17 -23 59 -8 -18 0
29 0
18 19 33 42 19 52 31 39 49 54 57 0
46 -58 13 17 28 43 51 38 -60 36 -55 0
15 -42 -16 55 -20 6 32 59 0
22 -16 0
3 -29 43 -26 -20 28 -40 0
15 36 36 50 6 -59 -27 0
5 5 5 50 0
35 -53 -35 16 -15 -45 4 8 23 48 14 22 30 55 0
1 -6 -20 20 -54 -41 0
2 4 7 40 35 -49 -11 37 -55 0
11 -8 -6 6 13 15 37 50 53 -45 -52 0
19 -12 -32 6 0
3 -52 -47 2 -44 4 28 30 33 45 18 59 0
15 41 54 0
0
0
0
3 -47 -43 50 18 60 25 -42 0
-11 2
-11 3
