17 34 38 0
41 -39 20 -15 -23 1 49 0
44 -1 42 -32 -12 0
49 -53 -6 54 -36 -2 0
1 -15 41 7 12 32 49 56 0
36 -55 2 57 0
26 43 45 0
17 21 48 0
23 -31 18 -21 -38 32 -32 -10 14 19 24 45 52 20 -50 -55 0
45 -10 42 0
17 -47 -4 23 -15 56 -1 -15 0
43 -32 -26 29 -33 -40 27 -46 3 12 42 52 16 0
14 23 28 17 -34 38 40 43 38 -50 27 -54 0
44 -35 -59 30 30 1 2 32 -53 -3 15 -23 -32 0
3 11 14 20 23 54 -35 0
43 -51 20 32 36 39 52 25 -55 -56 0
14 -23 33 0
43 -57 8 -34 0
19 -9 -52 0
56 51 -39 -13 54 -16 -8 35 -48 -40 0
31 5 5 11 36 37 8 -52 -40 0
26 -5 0
-3 1
-3 2
-3 3
33 -51 33 -25 0
14 26 45 1 -49 16 50 40 58 52 -14 0
5 11 21 37 54 0
4 -39 47 -6 -34 0
31 35 54 48 -59 -57 33 -50 -2 0
10 10 32 32 52 0
10 -21 -12 14 46 58 0
60 -54 0
59 -53 3 43 43 0
8 -59 39 0
7 23 39 0
48 -36 -48 0
5 18 18 28 55 25 35 58 21 -33 -10 0
25 -57 -43 0
31 -14 9 10 15 15 27 0
24 -57 10 -58 2 49 59 0
22 2 3 14 28 31 0
57 -60 1 7 30 35 4 -40 -18 36 -43 -23 0
54 0
29 -51 -44 3 19 19 49 52 18 -60 14 -34 -7 44 -22 -46 0
-5 2
-5 3
