8 17 32 51 0
14 55 0
56 -24 -57 8 -29 -27 0
1 12 25 33 17 44 19 32 48 33 -50 -33 0
2 3 5 34 36 8 18 27 31 28 49 0
0
56 -9 -43 8 14 59 0
18 -34 0
0
15 33 35 38 13 14 26 53 0
28 -8 2 -3 0
60 -27 -18 43 27 28 0
57 -5 -50 7 40 46 0
47 -13 -34 28 -46 -53 0
3 7 16 21 55 52 -30 0
29 51 52 55 -55 17 44 52 53 12 13 26 51 53 0
8 0
26 -34 -14 0
28 55 59 59 11 28 33 49 54 0
1 50 10 48 58 0
3 31 15 30 34 42 0
19 22 42 51 0
-3 1
-3 2
-3 3
46 -22 0
9 25 43 44 50 56 -36 0
2 47 34 -52 7 8 31 41 58 0
1 47 22 30 45 56 56 44 -24 0
1 12 33 49 53 24 45 56 -30 -57 0
0
7 -51 30 -10 -31 1 -54 0
20 35 58 6 19 0
45 -35 36 42 9 10 45 3 13 33 52 0
3 15 34 39 60 50 -60 -26 0
16 43 -27 -39 20 -22 6 7 45 0
20 35 44 44 11 -1 -35 5 14 22 53 56 59 -23 -4 0
46 -33 34 54 -29 0
38 39 -15 -6 39 -33 -26 3 -29 6 -53 -43 0
43 -1 -18 27 29 53 47 -27 8 -26 -38 55 -3 -31 0
29 -21 21 -40 27 -23 0
21 60 34 6 -58 -50 0
40 51 54 9 11 19 57 57 0
15 -35 0
34 51 20 21 21 30 12 21 42 50 56 0
-3 2
-3 3
