3 37 38 60 39 -48 -50 32 -5 -4 3 -24 -3 25 40 41 50 0
0
10 -51 -28 26 -2 -47 0
33 -25 -8 12 36 49 0
11 51 59 0
0
45 -54 58 -10 -51 26 -12 -9 0
10 19 24 33 35 0
14 16 16 29 5 47 5 -11 27 48 0
58 -26 -25 20 -35 -11 0
6 20 23 52 57 55 -44 -45 0
14 27 0
7 -26 9 -3 -6 52 -46 -13 0
42 -41 56 -25 -32 39 -8 3 5 10 58 59 0
0
18 -37 39 60 25 42 46 58 0
10 -34 -32 54 0
3 33 60 54 -21 0
57 -9 -2 40 -41 17 19 34 50 56 49 0
54 -31 -37 43 -25 5 -16 0
6 21 35 -1 0
5 -14 -56 6 43 11 -30 -34 0
-2 1
-2 2
-2 3
-68 2
5 7 27 52 0
30 -41 41 -41 29 -39 -5 0
43 -55 -48 0
39 -40 -54 27 -49 -9 0
4 -4 -55 1 12 17 22 30 32 40 48 0
6 -58 3 12 16 18 26 0
15 -1 -7 10 -60 38 -51 0
8 60 24 -15 -26 52 -39 1 21 49 49 51 11 -13 -17 0
28 -28 46 -6 -58 24 -7 -39 18 -53 -7 11 19 41 55 58 0
29 -50 -8 18 34 49 26 -13 34 47 56 0
12 -55 -44 0
23 25 33 46 55 22 33 20 43 12 26 0
21 50 56 31 40 8 -47 6 -42 0
24 25 51 15 -44 -41 0
13 22 50 20 0
49 -3 -30 5 -37 2 -43 -52 51 -17 -2 0
31 35 47 56 56 -43 -41 46 -29 11 14 21 26 58 7 11 30 50 0
3 -39 29 -13 0
14 -43 7 32 0
52 -58 19 29 45 49 3 37 38 51 60 56 -13 59 -18 0
-8 2
-8 3
