13 32 42 -18 -57 0
2 -50 32 -4 0
26 -10 25 -9 17 0
41 -10 -44 13 28 57 1 12 53 58 60 0
3 -30 -31 5 48 0
18 27 55 29 -54 -36 53 0
18 -52 -23 26 -45 18 26 43 53 56 18 -19 8 22 47 0
40 45 48 3 7 30 31 34 25 -31 0
8 13 40 50 10 29 41 18 24 24 53 58 39 -13 -58 0
23 34 45 46 53 5 45 53 34 40 1 39 0
41 -50 -20 24 1 54 37 -6 18 -36 0
11 27 34 34 0
41 -50 14 60 9 17 28 29 0
25 -29 -39 16 32 35 59 0
39 -39 -48 23 26 9 12 22 25 33 13 48 0
47 -47 17 51 -59 -25 0
14 35 13 -17 42 -27 9 18 21 49 60 0
3 -10 0
9 19 30 36 30 35 48 58 58 60 9 -18 0
29 -6 9 -15 31 -58 4 -27 0
7 -59 29 -4 10 14 25 42 49 0
2 -54 -21 40 -21 -14 0
-5 1
-5 2
-5 3
-67 3
22 -30 10 13 17 25 26 41 0
48 -31 -1 15 -13 8 -45 -37 0
11 -20 16 33 50 50 52 21 -9 0
58 -2 23 -59 -8 38 0
18 39 48 52 0
2 9 45 54 2 16 40 -13 -40 43 -32 -39 0
57 0
19 -40 -30 1 -6 -58 0
27 -50 -52 0
36 59 0
25 -45 -44 7 23 26 28 47 11 -25 -48 7 30 34 41 53 0
38 -9 13 30 0
1 15 37 40 60 0
43 11 14 18 19 27 0
12 36 54 47 -56 1 -14 -17 7 -19 -9 13 -57 0
43 -55 -4 0
3 35 -31 14 -14 -31 1 24 26 0
41 -35 -58 3 13 22 29 59 0
2 -47 -17 50 -47 -33 23 -42 -36 0
2 4 34 34 -7 0
-5 2
-5 3
