43 -52 1 28 39 42 5 9 38 45 12 33 0
46 -19 4 -29 0
54 -41 0
8 29 22 -40 -26 12 52 57 0
27 28 31 39 9 27 27 2 2 11 39 51 -42 0
0
20 -12 30 -14 -27 0
4 31 0
52 -60 0
41 -11 1 21 32 36 18 50 0
19 -14 48 51 0
16 19 49 58 60 29 43 59 59 20 -52 0
30 -37 -24 57 13 17 38 53 14 40 0
10 -23 58 -19 -47 0
10 25 26 27 55 0
11 -45 -2 37 0
41 -33 15 -39 0
4 10 53 43 -45 6 17 26 9 -6 -11 1 12 28 52 58 0
37 -43 54 -10 14 -23 48 -26 -18 0
0
40 -55 43 -48 -46 42 -24 21 22 39 54 58 0
48 55 9 22 28 31 0
-2 1
-2 2
-2 3
-66 3
14 -30 -52 21 22 35 39 47 28 -15 0
5 -44 55 -41 27 7 15 27 38 0
58 -52 -29 0
24 33 43 53 15 27 34 37 56 14 25 39 3 -56 -25 0
11 30 49 0
49 -38 55 -10 9 56 33 -49 45 -8 0
12 -52 0
14 57 24 25 47 46 53 1 50 0
1 8 14 15 26 46 -40 10 -47 4 12 15 27 28 0
3 9 14 20 43 10 23 38 44 0
55 -3 0
48 -20 -3 20 -10 -57 0
4 -35 -52 59 -32 -45 0
13 16 25 52 2 -57 0
16 30 51 54 0
51 -47 -39 13 17 19 41 0
0
48 57 26 -3 -39 0
15 -35 54 -47 -4 41 -60 8 27 30 52 25 -40 -43 0
22 -47 -49 0
-56 2
-48 3
