30 -47 0
24 -51 -9 5 0
24 -53 2 11 14 46 58 12 47 58 0
30 -18 -37 10 -52 52 28 33 52 0
49 59 4 -13 -31 33 54 22 -28 0
28 30 10 11 51 58 0
52 -47 41 -55 -47 18 52 52 0
13 53 60 0
32 33 -25 -17 15 26 32 40 49 0
32 -19 -2 17 -42 -8 39 45 0
0
44 -26 -42 42 -58 44 -7 -21 0
12 28 29 0
42 -6 -3 0
10 -52 49 -44 -21 22 -19 -19 49 -9 -30 8 35 59 0
3 -14 -43 52 -45 -17 22 26 39 41 54 0
18 -14 -37 21 25 37 42 43 -42 0
0
28 39 27 30 45 11 -27 -19 0
51 -59 0
18 -49 41 -51 3 39 44 52 1 -18 -21 0
7 8 21 36 49 0
-5 1
-5 2
-5 3
-68 2
3 8 14 44 44 41 -53 0
8 27 34 47 0
60 -21 -54 6 18 24 48 28 40 56 9 -31 20 21 24 43 59 0
2 17 40 48 53 20 -45 -50 29 36 0
49 -36 -51 1 11 16 0
57 -18 25 40 56 11 -4 0
7 8 32 42 53 0
10 -1 18 -27 -18 0
19 50 6 -30 -19 0
11 -34 7 -39 1 21 39 0
18 36 54 30 -2 -3 43 -26 -13 0
7 8 12 26 56 0
25 22 28 52 -45 -40 1 33 35 37 44 0
43 56 56 24 29 40 51 0
52 4 23 33 31 54 56 14 18 56 59 0
33 -58 -6 21 32 -29 0
48 50 12 33 0
12 -10 -30 0
20 -38 -29 22 -55 1 3 25 0
7 32 26 -1 -17 0
-50 2
-48 3
