44 24 -43 -13 3 20 24 54 0
53 -24 -13 25 -6 -46 0
43 -47 60 -23 0
34 -56 47 39 -5 0
4 -43 -41 37 6 25 50 23 55 52 0
0
2 16 44 55 13 -14 0
3 -54 0
12 12 20 34 57 22 -53 0
48 -10 -45 60 31 -24 -54 0
0
46 -60 2 14 25 25 55 60 -22 22 33 58 -45 -11 0
15 -14 -58 31 -1 -59 54 -45 -37 49 -3 0
2 3 18 0
2 -40 57 3 15 21 25 59 45 47 0
20 42 42 0
15 32 40 59 12 -35 -53 7 8 21 39 15 42 49 23 -8 -10 0
1 -23 13 15 21 22 35 0
9 -45 -6 36 -26 14 23 26 39 0
12 -57 29 34 4 36 3 -53 45 -17 -57 0
58 -43 19 -54 3 -56 -17 19 40 59 26 -6 0
23 30 39 53 4 16 37 7 18 26 27 51 0
-4 1
-4 2
-4 3
27 -59 0
56 -21 -26 51 -53 -59 9 10 22 45 58 1 -48 -39 0
6 -6 11 26 0
7 16 33 43 58 32 -3 -10 0
37 52 21 -4 32 -9 -16 27 -39 0
9 13 23 48 22 -6 -54 20 16 26 54 -9 -38 0
5 -8 0
44 -22 54 -2 0
1 17 25 29 47 50 -7 21 -31 -57 0
1 53 0
59 17 21 29 44 55 0
0
46 -39 42 -52 33 -38 -35 39 -57 -31 31 -48 0
13 -3 34 -27 26 29 48 57 60 0
5 27 2 10 14 5 26 28 54 52 0
15 47 20 31 43 23 -35 -43 0
12 24 30 36 45 23 23 32 40 12 -48 0
9 49 -37 0
16 27 28 37 40 -59 0
15 25 53 31 -4 -49 24 -47 3 -28 -54 58 -30 -19 0
-54 2
-48 3
