10 34 0
9 12 18 36 53 0
48 -54 -35 0
52 -49 -8 5 12 35 39 56 0
45 -30 -13 20 35 36 41 60 -34 0
19 52 34 -21 3 -29 0
26 45 4 -3 -58 19 30 40 55 10 28 0
47 -28 0
55 19 29 9 11 23 27 40 0
34 -1 -22 20 0
6 42 54 25 -10 19 22 30 42 49 0
3 22 34 52 47 54 14 32 36 44 45 0
51 -30 56 -29 20 -38 30 38 49 32 -11 0
41 -36 38 -26 -43 55 0
0
2 9 21 44 28 -8 -51 23 -47 -10 0
23 34 34 35 36 0
1 7 15 0
1 -48 -10 13 -32 -41 0
35 -56 -42 33 7 55 58 0
0
27 35 40 44 -19 18 -39 -40 0
-7 1
-7 2
-7 3
9 49 54 56 14 17 27 42 -2 -24 14 -43 0
6 -53 -23 50 -5 0
38 -7 0
5 8 12 22 28 0
12 -4 21 -47 26 -54 4 26 41 5 -50 -11 0
37 -17 3 38 -4 0
18 25 27 0
38 50 59 27 42 48 -56 -60 0
18 -60 52 -46 -58 9 -52 -20 0
34 -28 16 59 60 28 -9 -40 28 -42 -35 0
2 -42 40 -15 -28 38 46 0
3 -56 -3 0
50 -45 -39 52 -35 -41 27 -26 -48 38 -14 -1 0
2 8 41 50 -14 0
19 -20 0
3 5 39 -9 54 -40 54 -53 0
10 38 38 50 58 3 56 0
2 28 35 40 47 50 -58 -26 0
5 -60 -18 16 18 21 29 10 -30 -21 0
12 -57 4 8 13 15 47 13 19 23 25 57 0
-47 2
-50 3
