52 -2 -39 32 -56 -41 0
52 -23 43 -52 -48 17 34 50 52 60 0
28 -52 0
3 -13 -53 0
30 -34 -17 18 30 32 49 11 21 -44 -14 0
15 48 0
0
45 -27 0
18 0
3 -60 -6 18 43 47 0
2 7 45 6 7 28 30 47 11 27 45 -34 -37 0
5 -50 -17 0
9 28 36 -8 -42 0
46 -34 11 -45 0
31 -9 -44 30 10 12 33 54 0
58 -24 -38 0
46 -19 23 -20 -2 50 -9 0
49 -25 -26 0
25 -3 -21 52 57 9 15 18 35 38 0
0
44 -47 -30 5 -25 1 -48 37 -18 -11 22 -34 0
60 -48 -35 0
-3 1
-3 2
-3 3
34 -27 -52 0
15 -1 0
21 -2 0
29 -21 -2 0
25 38 56 51 16 -30 22 -54 0
12 47 -1 -36 27 -6 -40 38 -31 -41 0
7 15 34 45 1 43 46 -10 0
3 12 28 47 2 7 28 42 2 39 39 53 57 23 -15 6 -53 0
28 38 0
43 -15 8 -23 -22 4 36 52 55 0
21 0
49 -9 -56 0
59 -59 -9 39 -31 -47 55 -58 -28 10 28 34 46 0
35 -6 -3 30 -54 0
4 8 18 50 25 29 0
46 -23 0
1 36 55 56 44 -46 -38 34 -11 56 0
10 16 31 36 0
32 38 46 52 8 -15 0
1 10 52 -17 -27 18 29 30 39 59 0
-12 2
-12 3
