21 33 45 53 0
38 -10 0
58 -42 -47 0
30 -5 37 -10 0
59 -9 -41 3 7 48 52 0
20 23 47 16 -41 -10 0
45 -29 58 -19 57 -22 8 25 54 0
13 14 29 33 -1 16 32 49 60 0
54 -36 -29 29 -19 -56 13 29 31 50 55 0
2 -35 31 -19 1 0
37 0
3 23 26 31 41 -33 -31 39 51 8 9 23 35 43 14 54 54 59 0
39 40 41 44 51 0
24 -25 0
59 47 -33 49 -59 0
27 -59 0
49 60 20 38 54 0
55 -54 -27 0
11 23 26 31 53 7 -39 27 -35 -24 0
33 -33 -40 7 47 48 8 17 34 60 17 31 0
40 -52 23 -52 0
0
-3 1
-3 2
-3 3
-68 3
8 -59 48 -44 -39 7 29 39 60 0
9 -47 5 12 45 6 7 57 0
6 -50 -46 29 34 12 -25 -43 0
22 30 30 39 33 -55 36 50 4 14 16 54 57 0
35 -29 -60 41 53 11 14 21 28 60 47 -11 6 0
14 32 -31 0
3 35 45 27 -22 -45 4 -3 -8 3 45 0
36 -50 17 -26 0
25 -20 -55 36 36 50 52 56 16 -46 -17 0
43 -60 46 -11 0
10 26 28 0
33 23 -21 29 0
8 27 32 36 57 23 36 39 48 52 41 -25 -40 5 12 15 43 56 16 -6 -58 0
0
9 50 8 -13 -49 3 -6 19 -2 -24 0
55 58 14 -16 0
42 -18 -24 0
43 11 -17 51 -48 18 30 18 -38 0
36 49 57 0
17 53 24 -14 -37 1 1 37 43 60 52 -14 55 -10 -36 0
-47 2
-55 3
