12 20 25 26 56 0
53 0
8 11 32 41 59 11 17 -44 18 55 0
5 -46 -34 0
1 5 0
23 53 -47 2 12 13 29 36 0
21 39 49 57 0
55 -23 25 -30 43 46 0
41 -25 -28 3 -52 -46 0
30 -40 -6 25 26 29 7 -21 2 -39 0
29 -34 0
10 -54 -4 47 60 0
0
9 22 33 38 45 58 -32 -10 8 37 52 0
3 40 45 46 55 22 -59 9 -18 -11 5 -32 -35 49 -17 0
51 -20 -3 37 -59 -8 8 -35 -26 0
47 11 19 30 33 46 0
25 -53 -53 32 -60 -38 9 15 38 40 0
56 -20 -37 21 21 34 43 58 51 -50 0
25 -22 -8 47 -40 37 -11 18 28 38 46 59 13 0
49 -2 0
11 -22 35 -57 22 -37 36 37 45 45 46 0
-3 1
-3 2
-3 3
-68 2
2 22 36 16 -40 -7 44 -38 -25 21 26 56 47 -44 0
33 17 40 42 4 37 43 45 49 43 -59 24 -57 -40 0
0
28 -38 14 30 11 25 26 31 0
2 12 18 21 21 3 20 27 60 19 -11 -40 50 -39 -32 48 -50 -57 0
39 -60 9 16 20 33 17 -9 -33 43 -45 0
24 28 2 56 52 -14 39 -15 0
31 -51 6 9 12 41 14 15 -4 0
2 -46 56 -14 -49 59 -57 53 -9 20 -46 0
17 -37 19 27 35 0
0
28 6 36 44 49 52 0
9 13 29 34 56 59 -15 -44 20 -9 -12 53 -31 60 -11 0
37 -36 -39 0
36 -27 58 -52 -50 24 -11 -9 0
48 -5 -5 0
7 15 20 58 52 -1 16 26 32 37 45 40 -42 0
16 30 39 50 -36 0
26 -49 -3 54 16 -43 9 -10 -50 38 -54 0
4 -41 37 -21 -42 15 -60 -58 0
-9 2
-9 3
