3 47 11 34 52 53 39 42 50 16 19 39 58 0
55 17 3 -38 -14 39 -19 0
2 39 45 43 49 0
56 -18 -44 16 20 41 58 1 16 23 46 53 0
14 56 9 -37 -6 37 0
32 -47 -48 16 37 12 16 6 22 36 0
13 14 20 27 20 45 0
6 36 40 49 15 -19 -55 47 41 -42 0
31 32 48 54 8 21 31 0
13 -33 -58 1 3 22 58 0
3 -4 0
1 30 32 35 43 25 40 -57 -5 50 -48 0
2 53 56 51 -29 3 45 46 52 54 26 -8 0
0
0
53 -16 0
48 50 15 -53 -49 0
17 -54 -54 10 31 55 0
59 59 31 -58 -1 3 42 47 51 -38 0
7 16 17 48 60 7 -44 37 5 11 44 49 12 24 29 0
2 10 47 37 -36 -54 0
3 23 37 16 24 46 54 5 -53 -54 0
-3 1
-3 2
-3 3
16 -23 55 -20 0
21 23 41 21 -40 16 29 41 51 55 9 -5 51 -16 -3 0
57 -51 -21 0
0
6 -53 -20 13 -21 33 -29 0
41 -53 0
4 -16 19 46 52 28 -42 28 33 37 52 0
29 46 53 -51 -23 0
51 -22 -29 41 -46 49 -17 -8 0
13 39 55 55 -60 28 47 54 59 60 18 31 43 48 56 32 0
15 -39 5 46 58 -45 0
52 -38 54 44 -27 -30 0
6 11 18 35 54 20 3 5 36 17 33 37 39 0
26 27 27 39 19 -3 -26 7 23 29 40 47 22 -22 50 -32 0
28 -54 -19 0
2 44 0
0
41 53 -40 -3 0
35 -3 -42 0
4 -26 -9 17 -60 0
-54 2
-47 3
