24 -4 29 57 19 23 29 51 56 41 58 15 0
6 49 17 39 47 28 -50 -21 23 -15 0
19 48 28 -44 51 55 59 17 -58 0
22 42 44 0
25 29 32 33 0
38 -10 -51 37 -56 49 -51 6 28 59 9 19 45 49 49 0
14 -29 38 -44 -18 28 -55 -13 0
18 19 38 39 52 7 22 39 -49 -35 1 35 52 0
7 31 33 42 57 -56 -51 0
11 51 58 35 -18 -43 0
5 32 41 52 56 55 -7 -13 28 -21 4 -9 0
42 -2 5 19 23 0
9 -10 15 -12 57 -33 -17 0
17 24 33 26 54 48 -52 -29 0
9 46 54 42 -15 -33 0
23 -23 -7 48 51 60 -21 -16 0
15 39 49 29 -42 -1 23 -59 0
17 38 47 53 -47 0
0
33 -33 42 -45 -45 0
55 -4 23 47 0
56 16 42 2 37 47 20 -28 -54 36 -49 0
-2 1
-2 2
-2 3
-68 2
0
19 -56 -22 0
21 -45 1 7 14 31 34 15 -2 -19 31 -30 0
33 -51 24 45 45 22 -43 -36 0
29 -25 -15 50 -4 16 16 30 32 -41 -3 0
29 -40 -40 16 24 26 36 -33 0
18 -39 32 34 40 45 51 0
37 -50 -7 53 -33 3 16 56 9 -60 0
4 20 23 41 51 32 41 48 55 0
24 14 23 1 25 31 52 0
17 23 30 24 -53 16 15 -33 0
1 36 48 56 0
10 -53 15 -59 14 -9 10 20 41 56 -22 -28 0
3 -47 0
25 42 14 32 56 24 28 28 44 58 26 27 5 7 36 0
0
48 -47 -14 60 -17 0
45 -47 33 -5 0
22 32 52 53 10 -51 37 -25 -34 23 0
18 -13 -47 41 -54 16 43 42 -24 0
-7 2
-7 3
