21 4 21 33 43 18 -45 32 38 0
10 40 42 32 51 51 38 -32 -45 14 24 24 48 52 0
32 38 40 48 0
34 -33 -14 57 -43 31 -32 -47 0
2 19 1 3 4 15 44 11 40 49 0
26 -47 -33 12 -20 19 48 -50 0
29 -51 -58 0
14 17 47 53 49 -6 58 -54 -59 49 -15 -53 0
41 -45 9 39 -57 0
50 53 0
28 -19 -16 0
52 -52 15 -54 -45 29 38 33 -7 30 -56 -37 0
0
26 -44 -1 11 43 57 59 41 -17 0
31 -13 -27 56 -27 26 43 46 52 58 0
4 19 33 52 -39 -23 14 -1 0
23 -58 -23 32 -50 -10 12 -2 17 55 59 0
8 11 49 56 28 34 22 -42 -54 15 -54 -10 0
12 -3 1 1 38 49 55 34 -39 17 32 0
23 43 -40 56 38 -36 -40 0
44 -11 37 40 56 58 0
22 23 31 51 -39 0
-4 1
-4 2
-4 3
-66 3
33 -58 -60 35 -2 -50 8 -59 0
9 -47 40 -17 -46 9 29 45 49 55 11 -24 -50 0
30 43 28 -40 -40 57 60 0
6 47 51 56 14 7 23 -24 0
42 -45 7 44 0
29 -31 27 -51 -38 0
3 43 55 59 0
49 -3 45 -57 1 0
22 36 37 48 0
0
3 -38 34 -41 0
43 -55 25 44 44 -10 0
47 0
31 -45 -38 39 50 53 55 0
36 39 45 52 52 1 34 38 43 54 0
0
31 58 9 10 52 33 44 59 0
2 28 47 60 18 -48 17 -47 -16 0
1 19 25 29 0
9 29 37 -25 0
-4 2
-4 3
