23 -22 1 13 26 54 0
48 -26 -46 3 10 40 28 28 31 52 60 0
36 -51 18 -25 -5 36 -4 -24 0
5 48 54 19 27 49 0
21 51 54 59 51 -7 10 10 27 47 5 -32 0
2 25 38 49 18 -18 -38 21 -41 -44 0
15 -13 0
34 -28 -60 30 -7 -27 50 -5 0
28 -18 -27 7 26 30 39 40 13 18 55 2 25 0
36 -14 -19 27 45 47 60 15 35 37 47 0
6 11 51 -36 0
0
2 -51 -40 4 9 32 33 43 0
59 30 33 0
46 -21 9 11 16 44 0
10 12 39 0
18 31 40 42 53 -58 -59 0
5 12 12 0
46 -16 -60 13 -21 13 19 30 53 32 -44 28 0
11 -59 -32 13 -5 -36 60 -50 0
0
13 13 18 44 13 24 32 36 52 14 20 0
-7 1
-7 2
-7 3
53 -12 -24 4 -55 -51 21 -41 -41 0
6 25 29 -54 37 -10 10 55 0
30 36 9 -8 -21 0
52 -23 -23 13 13 32 37 0
58 -8 -41 13 20 60 9 -55 35 -8 -48 0
33 -21 0
44 -30 -28 0
14 51 10 25 39 50 0
12 -10 0
9 33 36 49 7 13 44 28 -58 0
42 -6 -15 20 -50 -53 55 29 -13 0
17 27 6 43 58 10 23 43 49 0
21 28 44 58 43 -38 -55 45 0
15 28 38 57 21 -22 -53 0
43 0
8 -2 9 22 33 37 39 15 -60 -22 10 53 19 54 0
35 -14 14 -23 -16 0
0
36 -35 -15 0
10 48 10 -7 -8 28 -6 -47 41 48 0
-49 2
-51 3
