13 -21 50 -4 24 27 53 36 -37 -45 0
34 -35 -55 20 -19 27 14 27 31 0
45 49 49 56 0
57 -27 14 -12 -26 34 51 0
37 -8 -1 16 30 56 34 -19 7 13 20 51 53 0
19 -40 36 -57 15 -54 -5 9 -10 0
1 9 25 44 47 16 60 -23 -10 19 22 41 45 54 0
50 0
1 -34 41 -39 -4 0
28 11 -45 -42 59 -24 1 27 41 44 49 0
3 14 0
48 -7 -26 53 -2 8 -57 -58 2 18 18 9 11 0
18 30 10 -6 -48 7 54 59 2 -51 0
4 5 25 30 43 22 36 42 59 52 -59 -27 0
2 7 11 24 35 0
18 8 42 -36 0
1 6 24 37 43 26 -37 24 27 2 -4 -34 0
28 -6 18 0
8 -4 0
55 -20 -42 8 7 20 30 31 32 7 33 55 52 0
10 -53 23 -5 -60 45 -55 0
15 28 31 59 22 27 27 51 41 -34 -3 55 0
-16 1
-16 2
-16 3
49 -59 -54 0
10 33 44 52 14 16 20 34 60 0
54 -47 58 -17 0
53 -51 -10 0
52 -12 -38 18 24 54 8 29 59 0
23 -47 -10 49 53 51 -51 -9 14 22 23 54 0
42 32 -37 17 27 44 54 58 4 -50 -27 54 -42 -10 0
41 16 23 0
58 -49 4 15 15 21 25 0
47 52 20 9 20 46 47 0
23 48 -54 49 -9 -55 33 -18 0
5 -39 13 31 54 57 58 0
37 41 -14 -44 32 -2 -15 0
18 -48 -22 0
18 -5 -4 0
51 20 0
41 -45 0
34 -23 44 -14 1 23 34 43 1 10 18 19 0
51 -13 -24 36 50 50 42 -25 31 -57 -9 10 13 47 59 0
2 4 13 15 28 21 33 35 42 50 0
-56 2
-56 3
