40 -16 60 -48 0
5 -31 44 8 41 0
4 11 28 16 31 39 52 0
0
36 -1 -43 22 -22 0
31 -36 -17 0
8 -42 -57 33 -20 -23 28 44 59 17 -47 0
15 19 2 31 58 30 35 20 -44 0
51 -46 -42 38 -21 13 16 17 22 41 47 -38 -13 0
38 -6 -39 6 -26 24 26 36 47 11 -18 -42 0
42 -25 17 24 57 52 -5 15 27 34 43 39 -2 0
41 -5 -58 0
28 48 51 33 -23 34 -2 0
59 18 -30 -8 20 -16 51 -57 -24 0
2 8 57 57 17 -1 58 -60 49 -57 -57 0
26 -1 19 -16 -34 5 11 51 53 8 22 26 56 0
14 -50 -16 2 17 18 19 8 -12 -23 0
1 -40 -50 31 -28 -15 0
4 25 36 49 54 58 40 -24 37 -53 -1 58 0
27 -49 -22 57 -38 -30 29 56 56 59 60 51 -59 50 -20 0
43 -53 -21 6 26 -5 -39 0
13 -60 7 -31 60 -54 -55 17 -52 57 -25 -7 0
-2 1
-2 2
-2 3
7 -4 -52 0
29 -6 0
60 -14 0
25 -27 27 -39 -37 36 6 8 59 0
47 -32 2 -59 -46 14 -9 25 53 54 0
27 -33 -41 42 52 54 0
34 -34 -59 0
28 -33 -30 17 25 27 34 48 -32 -23 6 -46 -2 4 -7 0
30 5 -23 0
35 -40 -19 0
47 -52 -58 51 -40 0
17 27 35 40 52 55 0
10 -34 49 -59 -7 0
0
33 -31 -4 0
10 17 31 45 52 7 25 39 49 16 32 50 0
44 -38 9 -56 -9 15 19 43 52 53 6 -57 0
41 -6 -50 58 -41 0
12 -15 -35 19 -15 37 -34 -35 26 -47 -4 0
20 23 50 45 -52 50 -58 0
-2 2
-2 3
