53 -21 -25 30 35 57 0
12 17 30 56 0
42 0
1 3 23 25 18 -9 0
20 -54 6 32 -55 11 34 34 46 0
6 -15 -47 45 -51 -58 0
57 19 43 17 -49 -10 7 25 56 -46 0
12 19 47 56 0
6 -39 23 -53 -3 8 20 29 47 55 0
0
7 18 53 55 56 56 -4 0
52 49 -27 50 59 28 52 39 0
19 47 16 -59 -34 0
42 -53 -8 44 -44 -29 9 29 50 29 36 56 4 0
5 39 0
46 -26 -31 14 -20 4 39 20 0
6 27 30 35 24 -54 -41 0
0
47 0
51 -12 -44 9 -3 -15 60 -41 54 -50 0
29 -33 -27 1 53 0
19 2 5 12 38 39 4 18 48 58 0
-9 1
-9 2
-9 3
-66 2
31 56 6 47 0
60 12 23 29 33 60 20 0
45 -53 0
0
26 -10 12 -48 -5 0
41 -38 -15 7 5 8 31 36 45 32 -49 -6 0
27 51 0
52 34 -47 29 -1 -12 0
35 49 52 8 16 18 0
43 -25 -24 41 -56 0
39 -46 5 11 23 40 56 12 20 57 0
41 60 13 23 32 38 41 0
0
0
16 6 8 13 14 53 45 -25 -44 60 -51 -9 4 -5 -26 0
25 27 30 39 58 26 -31 -37 0
2 7 15 59 10 -44 0
11 -11 23 -40 28 43 0
32 34 -56 -32 0
18 -54 -50 0
-36 2
-36 3
