31 35 37 50 25 -50 -55 46 -43 0
3 4 9 18 43 0
39 -39 -38 11 20 41 46 55 0
16 17 26 0
52 -28 0
10 20 21 60 -31 8 12 39 47 0
32 52 0
39 -57 23 26 0
20 51 55 -58 -5 1 55 56 0
31 7 35 43 45 59 37 -31 45 46 48 0
0
27 -19 18 27 35 -20 11 39 41 43 45 31 -58 -57 0
18 -18 -28 0
10 0
13 -33 22 -28 28 -14 2 -35 -56 0
19 -49 0
36 -18 1 35 21 -32 -43 24 25 35 38 56 16 0
44 -55 -9 32 23 -1 -8 1 8 16 44 57 -22 0
8 21 25 26 45 48 -46 -14 8 -54 -18 0
44 -37 8 56 60 12 -13 27 57 60 0
8 -53 24 36 56 19 -48 13 16 28 0
38 -1 20 40 0
-4 1
-4 2
-4 3
46 -4 -57 29 -37 -51 0
37 -17 23 -49 27 -49 0
28 43 47 48 52 0
7 33 55 0
1 -17 17 -28 27 -50 0
20 -40 -26 2 16 0
6 -3 0
6 9 37 54 27 -3 -19 21 -15 42 47 52 55 7 -44 0
56 -51 -39 34 -58 -60 0
15 -5 38 -55 -30 44 -22 -19 45 -22 13 15 29 36 53 0
2 53 55 0
22 -22 0
12 40 51 51 27 33 60 0
24 34 39 56 60 10 10 10 26 47 25 9 -60 3 58 0
9 25 33 46 0
18 -32 50 59 0
22 -43 -3 25 -23 22 -41 -19 1 41 47 0
25 -36 -9 37 -35 -30 5 -19 -38 58 -14 -22 0
51 -10 -59 4 -46 42 -28 18 -46 -15 30 -28 -52 0
36 42 59 57 -16 0
-13 2
-13 3
