12 14 20 37 56 0
57 -10 40 -1 -34 3 4 28 36 37 35 -11 -23 6 0
49 52 -14 -32 38 -15 0
47 -38 -3 38 -23 0
15 0
30 -45 -28 11 12 38 54 57 57 23 48 0
0
23 -28 -4 0
25 -51 0
4 14 36 59 27 -30 1 5 27 32 59 12 -30 -39 0
43 -59 -2 0
0
0
13 31 47 57 3 24 25 60 0
44 -21 -26 27 33 59 -28 -21 44 -4 -39 0
58 60 -19 0
2 -10 1 53 48 -24 -29 0
24 27 42 48 15 38 0
11 13 14 37 0
50 21 -9 55 -50 0
6 8 15 24 43 3 6 19 22 27 27 -5 0
41 41 4 31 45 0
-6 1
-6 2
-6 3
15 38 41 45 7 13 37 -39 0
53 -43 -42 41 46 0
10 28 35 39 60 2 -55 -41 34 -33 -56 42 0
40 -46 -2 38 -55 19 -18 43 -44 0
7 39 47 48 0
7 39 0
25 51 7 16 36 46 41 -1 -51 0
0
29 29 51 57 5 17 7 9 21 29 0
6 15 34 46 55 18 -43 0
26 -38 8 -15 -36 23 -18 -10 0
50 -39 0
21 -25 33 -48 -39 0
10 1 0
13 25 47 17 20 39 -56 -9 0
4 57 3 -58 -34 0
39 3 -24 11 31 36 59 60 0
7 -53 15 -18 -7 20 -27 0
16 -7 0
45 -25 -57 11 21 10 -26 38 -47 0
-39 2
-39 3
