25 1 4 11 31 46 0
18 -58 -42 3 8 0
24 31 33 1 -45 35 39 0
6 18 37 35 41 43 2 7 0
44 -11 -42 20 32 59 22 -7 0
45 41 -7 -7 12 0
1 41 29 -32 10 -26 -18 0
43 -28 -22 5 30 36 0
11 0
42 43 43 53 2 6 20 21 35 23 -48 23 31 0
17 -43 -58 53 12 54 54 6 22 23 23 25 0
55 -43 36 -10 54 -51 -18 0
18 0
6 30 55 20 -32 -52 17 42 53 0
20 27 34 45 48 57 -11 -25 6 -50 -10 0
18 -30 16 -51 -51 0
2 12 22 47 59 6 21 31 33 0
5 7 11 41 50 -56 16 0
55 -53 -42 52 -27 3 4 15 27 52 15 24 47 54 0
14 -52 -33 15 23 46 0
3 7 10 31 51 1 5 11 31 38 31 -55 -23 41 0
5 -47 35 -22 -27 0
-8 1
-8 2
-8 3
0
6 14 28 32 3 17 3 23 28 38 50 14 50 54 58 0
46 0
43 -26 3 24 60 0
57 -30 23 -7 35 -36 -58 0
20 -56 1 12 21 52 0
31 -14 -33 18 21 27 27 31 0
6 8 0
0
32 -50 13 -22 -22 56 57 29 -16 -27 0
6 16 31 52 54 60 -27 -3 36 -60 0
5 7 32 54 55 17 18 47 12 21 27 41 0
3 26 36 55 12 22 27 35 59 49 -57 0
41 -10 0
33 -33 -45 21 26 27 4 27 41 51 21 -34 8 40 51 52 56 0
26 35 51 54 60 0
16 31 56 56 0
33 -48 -54 12 -39 0
18 -53 -44 0
19 40 46 54 16 22 39 42 47 38 -24 57 -52 0
-8 2
-8 3
