0
46 -20 29 -33 37 58 58 7 -1 34 -4 -55 0
30 -4 7 0
0
56 -6 -54 26 -1 -5 9 33 53 53 56 11 -59 0
0
16 19 29 44 56 0
3 24 27 27 58 -49 -34 59 -45 -10 0
46 -54 -47 0
31 -34 -58 3 25 32 32 0
59 -57 -31 21 -28 -30 17 47 50 54 55 17 24 47 52 25 -39 0
52 38 -22 2 2 2 17 0
13 47 6 15 29 42 58 6 0
3 48 60 0
6 24 32 45 2 10 14 33 55 27 0
17 -38 -49 35 -21 19 -58 0
9 14 37 43 0
16 28 42 40 -41 -27 0
5 -22 10 36 55 0
32 -14 -48 5 13 -30 -10 0
39 -5 0
10 21 -17 -48 0
-2 1
-2 2
-2 3
-67 2
15 -51 29 -6 -20 22 24 36 47 50 38 39 47 48 0
29 35 39 43 7 -30 42 -38 0
51 37 15 34 49 51 29 50 0
20 36 39 45 54 0
38 -3 -52 1 -44 46 -46 0
3 5 39 44 45 -46 35 -53 14 -57 6 0
54 58 58 31 -42 -12 25 53 0
41 -55 52 -55 -57 0
34 -59 -23 25 -23 49 -35 0
13 23 26 50 12 -22 -41 21 30 55 0
3 12 25 26 53 -22 -31 26 -37 32 -40 -47 11 20 25 48 51 0
15 45 12 -31 -15 39 -60 -35 0
24 -46 -19 46 45 -1 -21 0
38 -60 -60 0
18 27 33 39 55 1 16 18 23 39 0
33 -52 1 -27 -2 0
8 17 21 39 45 0
19 -59 -39 59 -31 -13 0
23 -35 -27 0
8 30 37 54 49 -24 0
-3 2
-3 3
