2 -15 1 18 35 47 0
8 -5 -14 24 -30 -34 0
0
19 22 -13 -42 21 41 10 -25 -36 0
21 28 29 0
45 -23 -51 24 -51 -45 23 47 38 48 0
39 -19 -36 35 40 41 48 0
2 -37 -25 1 -30 33 -47 -57 10 -46 -22 0
8 -35 25 34 54 59 19 39 47 55 5 29 42 45 59 0
27 -8 -47 29 37 -5 -35 0
42 -32 0
30 55 58 7 9 55 60 22 -17 41 -20 0
35 -12 0
18 27 42 -48 0
4 33 39 47 58 59 -54 -60 12 -28 -59 0
50 -35 -4 0
19 -1 -58 2 17 30 54 0
16 -45 -31 13 -55 -42 45 -57 -55 0
13 22 25 14 -4 -6 14 -31 0
19 -7 2 -28 3 5 11 37 0
23 44 13 -17 -46 23 0
40 -21 -42 15 -26 -8 0
-5 1
-5 2
-5 3
18 -15 -12 40 -13 -54 52 -25 -59 0
20 -14 44 -25 -41 4 -52 21 -57 -16 0
15 24 26 53 6 24 29 38 53 17 -22 58 -23 0
13 5 -18 53 -16 -44 0
56 -31 0
20 40 47 55 20 -18 0
18 -42 19 -60 -14 8 -19 14 -43 -15 57 -33 -3 0
2 -33 0
50 -51 22 -8 -18 0
42 18 22 45 0
17 -9 -30 22 -57 -42 12 14 16 39 48 0
0
46 -11 22 2 38 51 56 58 23 28 36 0
10 15 52 4 50 0
40 -46 6 -27 -14 24 58 8 -52 0
35 -36 13 -34 6 -48 -2 34 -29 -20 21 -16 -38 0
29 0
22 -21 15 39 54 58 38 23 -24 0
26 -34 -34 0
7 19 60 0
-53 2
-52 3
