14 19 19 27 21 24 39 5 -39 0
0
6 7 48 52 53 14 25 17 6 7 27 47 9 49 0
13 24 33 35 44 57 -55 -50 52 44 -50 42 -27 -5 0
58 -37 -30 0
0
29 -37 21 48 43 -13 -18 5 -9 -17 5 24 30 31 0
12 -5 -26 58 -40 9 -21 0
6 11 18 22 58 39 -41 -12 16 -56 0
4 12 46 4 21 32 49 51 0
31 -53 -23 0
16 -46 -2 0
6 19 11 44 44 -56 -41 23 -37 0
5 -11 11 20 25 4 8 30 34 2 11 25 40 60 0
57 -1 0
34 -54 -9 10 45 -2 -31 31 -46 -9 0
38 -41 36 53 37 37 41 44 32 -58 -7 0
22 55 59 60 17 19 51 57 30 -4 0
34 54 38 49 -9 8 43 15 37 39 0
16 36 42 43 51 46 -8 22 26 0
8 22 28 47 55 52 -28 0
53 -53 -28 24 -43 32 -35 -10 0
-2 1
-2 2
-2 3
-69 2
39 -17 0
14 -30 24 25 46 50 51 9 15 31 47 49 0
56 -27 -40 26 -13 35 24 -16 -10 0
10 12 52 33 59 6 27 46 50 0
0
7 -21 40 51 2 -31 18 -11 24 0
38 -26 14 41 45 0
26 -35 -52 27 41 48 51 49 -41 -52 18 20 25 29 0
2 9 37 40 52 22 -46 -53 5 -50 -56 23 -28 -33 0
17 -2 -22 30 -51 -9 0
30 35 59 29 -18 -6 44 -36 0
34 -39 55 -40 0
59 0
30 -34 41 48 9 19 20 34 53 60 -26 -36 0
21 -26 31 -23 38 48 36 -54 43 -59 0
16 10 -45 -25 3 38 48 52 31 -30 14 -26 -21 0
8 37 49 17 60 13 59 29 -29 0
14 18 20 56 5 14 27 33 54 53 -51 0
32 -57 -10 0
24 15 0
-2 2
-2 3
