7 13 58 6 33 35 0
4 5 18 42 58 1 15 0
18 -16 -29 27 -46 6 7 48 50 24 38 56 8 0
34 -57 16 -7 -45 45 -20 14 -41 -20 0
38 -59 -4 6 23 59 18 38 45 7 -25 33 -16 0
16 -11 0
44 -3 -20 6 12 20 1 31 47 56 17 -44 -33 0
38 -30 38 -41 -13 5 35 17 18 20 25 30 44 -25 0
29 -15 0
6 17 34 9 -56 -42 44 -28 0
20 -45 -1 21 -12 -52 27 -55 -40 0
1 16 12 57 5 -51 56 -40 -17 45 -56 -18 0
56 -46 0
45 -26 -2 0
54 -44 43 -9 -43 44 -41 0
56 -57 -28 36 -6 0
3 -47 -16 54 36 -35 -54 34 -31 -8 0
4 12 34 -7 -46 0
20 24 28 37 44 13 28 39 58 11 -45 -56 58 -58 -3 0
28 49 0
0
17 -52 48 19 30 57 9 35 46 0
-2 1
-2 2
-2 3
6 19 43 50 1 24 45 54 15 -51 0
60 20 0
5 16 17 55 0
54 -57 -14 0
9 16 37 0
18 -17 -29 6 7 9 27 36 21 58 21 23 34 45 59 0
0
11 -18 0
60 -13 -8 13 -9 20 30 45 51 54 0
30 -42 -25 60 -27 47 -49 8 -48 0
25 25 -26 0
10 17 45 0
16 44 0
59 -10 -10 0
6 34 39 56 37 42 11 39 53 26 -43 0
59 -59 -14 9 -60 0
45 -26 5 -59 1 -51 0
7 43 49 58 27 43 60 12 -27 -32 0
38 -53 -56 0
21 -43 -10 56 -47 1 17 40 46 26 46 0
-2 2
-2 3
