8 21 26 34 10 -13 -12 10 -9 -13 40 -52 -48 0
18 -42 36 -26 -49 11 25 28 38 22 -46 -49 0
6 -34 -50 0
16 -12 51 -9 -49 32 -15 4 36 56 0
34 -40 54 -45 -11 7 -30 0
4 32 33 36 46 23 38 46 52 0
9 -5 -43 25 53 32 43 49 0
31 -29 12 -32 -26 21 29 57 3 -54 0
13 -44 24 -59 -59 28 38 2 16 29 0
37 -26 1 12 47 8 52 57 54 -53 -47 3 0
33 42 52 58 -3 16 -14 -1 28 -48 -12 0
52 -50 -19 0
20 41 52 9 47 -29 -49 57 -29 0
0
37 -54 0
22 27 8 22 29 38 46 33 -54 -50 0
8 17 25 38 45 0
48 -35 -12 60 -35 2 22 24 33 36 20 -15 31 -55 -39 0
44 -4 15 -34 60 -29 -30 52 -15 0
14 -3 -18 13 -49 -30 59 -16 -59 28 38 0
19 -34 18 40 -5 -43 34 37 55 0
33 -57 3 29 36 40 49 9 27 30 32 34 42 58 5 -57 0
-47 1
-48 2
-50 3
-69 3
-68 2
9 10 19 44 46 21 -37 -19 22 -60 14 0
11 15 49 56 15 -46 -42 50 55 -5 0
47 50 35 -5 -30 44 -28 0
20 28 58 6 -44 -8 0
29 -23 -17 42 -31 40 -55 -12 18 27 0
30 51 18 22 -57 -42 0
39 19 -55 0
30 -17 24 29 45 0
13 14 15 16 49 0
38 -51 -60 55 -47 -5 8 -55 -59 39 -27 51 -51 0
11 32 40 41 45 0
53 -3 48 60 8 0
23 -50 -29 0
0
22 -42 0
4 22 35 50 56 58 -36 0
50 20 -37 1 -22 -44 28 -47 0
19 -37 1 -14 40 -19 37 46 0
22 45 -55 45 -2 -54 6 -29 -54 15 0
8 20 28 10 -42 17 42 46 59 0
-50 2
-50 3
