14 46 51 20 0
37 -40 -44 52 -53 -9 0
31 -11 -33 0
10 -27 4 -4 -37 0
34 -59 50 51 23 31 49 -7 -41 6 -15 -54 0
44 -38 -57 4 20 55 23 0
17 -3 -52 3 7 18 52 54 0
26 40 51 0
5 19 26 59 35 -32 -55 13 -43 -33 0
7 34 -32 56 57 50 -47 -31 0
51 -3 41 -14 -44 28 -43 42 -33 -8 0
14 47 50 51 57 27 30 33 46 32 -45 0
1 2 26 52 6 -32 -22 0
25 -26 0
4 6 12 30 9 18 52 53 55 -45 -28 2 29 0
35 -31 1 20 44 49 19 -54 24 -29 -35 0
37 -52 -39 0
12 -4 5 37 53 11 -24 39 -55 18 41 51 0
7 14 18 26 56 31 -31 -28 45 -4 28 44 46 53 0
19 -58 -25 0
17 -14 -44 6 -44 57 -34 12 -54 0
28 35 47 53 5 -21 -20 0
-14 1
-14 2
-14 3
26 35 58 0
33 -12 -36 3 6 43 45 57 16 -37 -48 0
3 -43 0
42 0
30 -49 -23 53 -2 -52 55 -60 -50 0
6 13 32 52 57 10 -29 32 -45 -15 19 0
21 -5 8 0
5 10 30 45 16 18 2 40 50 25 -9 0
33 45 53 0
19 24 46 52 6 9 14 35 36 45 54 58 0
10 -4 -30 0
36 -18 6 -52 -24 0
0
6 9 32 56 13 37 4 35 40 44 50 60 -23 -46 47 59 0
42 -38 -17 24 26 39 41 51 7 -27 -52 25 13 17 20 50 0
6 11 17 57 58 25 37 0
59 -29 -43 2 -14 4 -21 0
30 -36 -50 27 -42 -51 23 -9 12 37 0
30 45 0
0
-14 2
-14 3
