16 23 37 56 0
16 49 0
18 -33 0
53 -43 -25 48 -19 -36 10 37 50 53 0
16 18 22 36 38 0
28 2 -55 0
54 -41 9 2 5 8 32 40 44 0
3 -2 26 30 44 57 59 26 30 41 0
36 47 55 58 0
6 11 11 43 53 2 16 45 47 4 26 49 19 -40 11 14 54 56 57 0
29 -26 -14 13 49 41 -18 -17 0
51 -3 0
43 20 -27 -12 0
45 -41 11 28 37 48 0
11 28 30 49 10 19 26 30 53 45 -1 0
59 -48 -38 35 -22 -48 4 -16 7 14 29 51 10 -55 0
18 0
0
5 20 27 49 35 0
15 -33 6 48 50 19 28 37 51 0
51 -58 -41 0
10 30 0
-2 1
-2 2
-2 3
-67 2
52 18 28 40 49 52 3 -40 -7 7 8 45 46 46 -1 0
9 -8 33 -23 0
43 -22 3 6 12 34 52 39 -36 -35 45 0
31 51 56 18 0
17 44 56 0
47 -37 0
7 -7 -46 3 -19 -27 19 43 33 36 57 38 -49 -38 0
13 -28 11 -3 28 -24 -39 60 -12 -4 8 -5 -46 0
10 -33 -14 22 -27 -28 8 17 28 54 21 -17 0
7 35 44 54 9 -52 54 -23 -56 43 -13 49 0
0
35 57 54 -36 -37 4 42 -44 0
0
5 -20 3 23 34 38 45 0
49 -54 -14 9 16 20 45 56 17 -44 -54 23 -32 -17 43 -51 -23 0
2 8 28 0
13 -4 -55 27 -10 26 44 48 54 -3 -6 2 12 32 0
17 37 52 -16 59 -1 10 12 28 28 55 -14 0
44 -49 -24 13 -31 22 -11 -21 8 10 12 26 58 11 -6 -2 0
43 -38 15 -39 16 24 46 51 52 0
-2 2
-2 3
