34 0
52 -51 9 10 22 35 58 0
41 -7 10 10 29 39 59 6 9 35 36 17 27 43 -1 -5 0
57 -32 0
6 12 55 9 50 59 36 45 52 7 -20 -31 0
10 -21 22 24 42 0
19 22 -21 -4 0
27 -50 49 -45 0
2 -21 -57 1 -54 -7 54 -45 -5 32 -49 6 33 0
13 38 38 51 55 0
12 -21 -59 33 -32 18 19 27 22 0
3 23 25 1 19 34 51 40 0
17 -42 2 55 10 0
50 -57 -46 14 -39 42 -47 3 44 54 56 56 0
14 25 55 10 14 51 57 -7 3 48 0
12 -3 2 22 23 26 58 3 33 49 15 -13 -1 0
18 48 58 59 0
19 31 39 59 40 -7 0
28 0
0
20 21 37 0
24 25 45 54 58 7 -35 0
-3 1
-3 2
-3 3
-69 3
28 14 41 48 42 -8 14 42 0
52 -55 53 -20 -49 0
0
22 -54 40 -23 -13 0
35 -2 -58 8 26 50 50 0
18 38 42 45 0
19 30 31 37 41 0
45 19 -27 -57 19 17 18 26 29 37 0
12 16 17 33 4 60 7 44 -60 4 -21 0
31 -41 -17 52 -15 1 48 57 58 0
47 -58 -49 0
0
43 -8 3 28 40 32 15 -58 -59 0
18 -35 -8 5 5 10 11 -21 0
5 42 45 50 22 39 47 56 0
40 0
52 -32 0
0
9 30 47 54 2 7 54 26 -15 13 0
11 24 24 30 0
-52 2
-56 3
