22 57 55 -21 -59 28 -38 0
11 -25 31 -47 -19 41 46 50 0
51 15 -28 0
5 9 26 29 36 45 -33 5 42 53 53 0
52 -7 5 -30 -6 53 30 44 48 49 0
57 -31 -8 49 -60 42 -56 -45 0
23 -48 27 -23 -39 26 -58 -10 0
7 18 56 -37 0
27 -52 0
30 -20 -23 40 31 47 -50 0
5 13 27 47 52 24 -28 31 -26 19 26 32 4 -3 -19 0
10 38 40 0
29 -55 -58 42 0
7 26 55 42 -39 -40 0
26 -13 13 -19 -59 0
3 4 19 45 0
8 12 33 36 42 0
17 -9 -50 0
6 -9 -35 51 -9 0
22 -49 -45 28 39 6 0
60 -15 10 24 53 0
16 -53 -6 0
-2 1
-2 2
-2 3
-66 3
6 10 40 53 29 48 57 0
54 -39 -6 4 -57 55 -50 0
43 -56 -49 3 -31 0
21 34 18 24 39 47 10 -34 -38 26 20 38 50 51 0
59 3 7 29 33 55 9 19 21 0
42 -41 37 -3 0
8 60 34 -29 0
42 -59 42 -20 0
10 30 34 50 60 34 -59 52 0
5 -11 -10 57 -7 -3 0
52 -46 -46 39 43 47 0
0
3 32 35 46 0
59 -22 52 -32 -38 4 8 23 39 60 6 6 13 29 35 0
19 -50 51 0
0
14 -20 -17 20 -39 -53 16 4 13 51 57 14 33 33 41 47 0
18 30 38 23 59 0
1 41 55 23 43 17 -15 -59 1 -33 -38 0
42 -57 -40 28 -51 -40 9 -23 0
-2 2
-2 3
