36 -11 -51 0
7 20 50 26 56 57 23 29 38 60 0
21 31 38 46 14 -20 -33 38 -14 0
21 -8 36 -18 42 -54 7 18 0
44 -23 -10 26 32 49 0
15 25 33 50 54 55 -24 41 -48 -18 0
7 11 26 43 6 -44 -22 0
43 -48 -17 27 42 52 -16 -59 0
0
27 39 53 42 -35 0
20 -60 -50 42 43 46 0
12 33 44 58 7 44 50 54 7 20 43 53 59 32 -40 0
1 16 52 50 -11 12 -9 0
0
1 7 10 55 58 7 16 38 39 51 43 -41 14 -44 -40 0
46 -36 24 -48 10 23 38 42 0
2 4 41 54 20 -2 0
54 -21 -41 40 -9 -56 3 17 30 33 35 29 -40 -33 25 0
21 47 51 57 0
0
34 0
3 -34 19 11 25 53 0
-4 1
-4 2
-4 3
-68 3
-67 2
2 22 -29 5 20 37 37 28 -51 18 47 0
46 -11 44 12 -9 0
13 -31 25 -36 27 31 42 52 57 -47 -8 36 0
42 -25 12 18 42 50 5 -33 -6 43 -9 -51 41 -10 0
8 -25 -39 16 18 18 25 31 45 -30 -60 0
19 51 -24 -6 7 -49 -52 22 -48 -55 8 0
12 19 24 39 53 26 37 51 52 0
18 -21 -42 42 -6 56 -21 -45 0
20 -35 -10 42 -8 0
12 39 60 56 -50 41 -56 36 -29 -42 0
2 -8 2 -41 -22 58 -28 -18 0
18 58 59 26 52 53 0
41 -20 0
58 -20 -9 0
48 -24 -46 6 17 42 45 56 1 0
5 10 14 41 50 0
30 31 37 42 60 57 -26 58 -45 -17 6 8 25 35 60 42 -11 0
27 -46 6 18 19 41 49 0
15 28 33 38 4 10 18 46 54 24 -56 -53 16 20 23 39 58 0
12 33 37 44 49 9 -18 27 48 14 -19 41 -53 -12 0
-51 2
-56 3
