2 25 42 47 55 22 -1 0
0
1 22 35 49 0
53 -52 -33 0
1 7 41 48 56 12 12 41 46 3 28 51 58 -29 -7 4 -53 0
36 -8 -34 23 44 54 57 0
13 32 36 50 59 30 34 -42 0
14 32 0
7 22 46 56 23 -51 23 26 47 55 47 -23 -50 7 11 18 24 24 0
38 -11 28 39 48 55 27 -26 -37 0
48 -21 -14 23 -40 12 16 39 46 54 0
54 -18 -57 17 20 21 29 35 48 -21 -41 2 -24 0
7 8 19 41 55 0
39 56 60 10 -58 0
35 -30 -25 18 -59 0
10 32 24 -7 -46 0
10 12 27 7 38 -13 -2 43 -26 -33 0
33 -48 -28 0
8 9 34 40 57 28 -39 5 43 60 0
58 -35 16 18 38 50 20 59 0
0
3 32 0
-5 1
-5 2
-5 3
38 -38 -19 9 25 46 2 22 26 27 34 0
0
30 -20 -52 37 -26 -11 6 -38 -24 3 37 42 -44 -7 0
21 -54 -19 4 32 41 0
16 -14 -43 0
39 -15 11 33 22 37 45 0
19 -59 5 -19 -51 0
20 -55 9 -46 0
13 -16 -54 0
44 -27 -24 12 26 45 54 0
3 -7 -36 14 -14 -35 26 -23 -8 0
9 19 24 36 55 16 23 45 53 57 0
8 17 24 52 54 10 24 32 34 23 51 51 54 60 1 13 16 7 22 27 27 59 0
6 -11 -16 28 -59 42 -28 -20 0
7 15 16 49 -5 3 36 44 44 0
14 -12 -21 17 -51 15 -19 -14 0
47 32 -55 25 -31 -34 23 -20 -36 0
16 -43 50 -7 0
11 -53 -49 51 9 35 37 56 0
52 -49 13 12 24 47 49 9 0
-56 2
-56 3
