23 -22 43 45 31 -14 -48 8 12 13 0
25 56 41 -30 -21 0
35 -1 -22 0
28 -14 -52 7 -28 -54 20 48 54 0
47 -29 0
25 -30 -30 38 -30 -27 26 -59 -25 0
10 -55 -6 3 14 43 49 56 19 0
13 24 2 -20 0
7 -28 -3 24 -17 0
1 -56 5 32 0
1 26 27 58 -18 5 5 18 38 48 37 -18 -59 7 10 15 44 59 0
57 49 -45 47 -39 -28 0
51 -36 24 24 57 14 16 36 56 0
17 35 53 59 25 31 39 45 56 43 -53 -40 0
6 -13 6 -37 49 -23 49 0
0
38 -7 -49 0
23 -6 -27 48 -1 15 -3 -42 0
8 19 36 44 59 -50 33 -17 -2 0
18 18 22 39 54 41 -3 0
5 22 36 37 47 3 -7 -34 6 -18 7 -36 0
12 -44 -42 50 -23 0
-3 1
-3 2
-3 3
-69 3
-66 2
10 -5 11 20 28 40 44 0
16 22 28 0
5 12 24 47 17 48 17 36 42 11 -14 0
5 11 18 54 57 0
17 -35 13 -10 -39 0
52 -46 30 -50 0
21 22 42 48 55 -48 -11 22 -37 0
18 0
4 18 0
0
29 -58 24 -48 0
54 -25 -17 2 12 16 27 51 -16 4 9 12 42 10 49 0
28 54 55 58 0
49 -18 49 -11 0
4 -14 -58 48 53 -37 0
33 35 38 22 -35 0
24 44 12 17 28 50 0
55 23 -34 4 11 58 0
37 -16 11 23 25 57 8 26 51 53 59 60 23 38 0
35 37 41 12 25 39 -55 3 -8 0
-33 2
-33 3
