37 -49 -24 39 55 -57 -41 3 9 44 0
18 37 0
49 -53 -27 10 -18 -51 0
7 -30 -24 0
9 -53 31 32 37 38 50 0
4 30 24 34 -32 -5 0
7 40 51 10 -56 -45 0
29 -47 19 24 51 58 27 40 46 48 53 2 -52 0
48 -34 -5 2 5 14 29 6 28 44 49 56 43 -42 0
1 11 21 22 60 33 -56 -26 47 -7 -17 60 -12 0
10 22 39 41 51 40 -12 -37 51 14 -55 50 -15 -56 0
1 -20 53 -52 -12 0
39 -6 0
53 -11 -58 17 -44 42 -1 36 -9 0
59 -37 -39 34 -33 -29 32 -59 0
17 33 55 0
3 -9 -25 25 18 -42 -34 0
45 -1 -12 0
20 26 31 36 49 13 -6 32 -37 -55 0
2 20 37 43 24 -17 14 11 41 -41 -34 0
3 -53 -55 4 -14 -45 19 -38 58 -3 0
1 31 43 50 50 1 -22 -46 0
-7 1
-7 2
-7 3
-67 3
-67 2
6 15 31 42 44 0
5 -52 -22 3 -13 -51 7 10 36 42 58 0
12 32 47 60 9 -27 11 13 41 51 6 -47 -32 23 41 48 0
39 -19 -18 58 7 -54 59 -7 45 -5 -10 0
15 -35 0
60 11 -24 3 6 14 25 43 0
40 40 57 42 46 55 8 -46 0
7 -18 26 -53 -38 13 0
14 -24 -57 31 35 0
23 33 51 54 49 -27 -39 0
12 -32 8 -28 0
25 -8 0
23 38 0
0
50 29 -40 -59 40 51 40 -60 23 -7 -27 0
49 -18 -60 43 45 0
18 36 15 -47 0
50 0
16 -35 25 29 0
21 30 40 44 22 3 27 34 -39 -41 0
-49 2
-49 3
