43 -18 0
8 -15 -17 0
37 -23 16 -16 24 -30 0
6 35 36 43 33 -14 -28 60 49 -30 -48 11 -15 -37 0
3 -49 -3 21 36 47 55 26 35 41 0
40 -36 12 -24 32 -37 28 -53 -57 8 -53 -42 0
8 36 60 12 -40 0
38 41 46 48 48 46 -4 -27 0
20 23 56 57 10 19 24 16 30 45 47 4 0
19 -30 0
0
30 -36 -20 3 -28 -22 21 -60 -29 0
23 -25 -57 0
22 28 8 10 15 46 52 3 -24 -36 21 -31 -8 33 50 56 0
56 -2 5 51 -50 9 14 14 43 52 0
20 41 13 23 31 42 51 0
29 49 52 34 42 49 0
41 49 10 10 18 33 44 16 50 -56 -28 35 -31 -60 0
2 11 43 48 -17 0
1 -7 -30 35 38 47 42 42 0
4 -7 -32 17 36 57 -28 34 -14 17 -59 -27 0
12 29 42 3 -59 -54 39 -59 -50 5 -28 0
-6 1
-6 2
-6 3
-69 2
1 10 41 45 60 0
6 19 24 44 0
7 40 44 8 53 0
47 -22 -55 0
17 -21 -32 5 57 25 49 58 0
10 14 43 43 47 0
0
49 -22 -35 0
17 28 37 44 56 20 28 30 0
37 38 45 54 59 0
0
18 34 35 36 28 -49 3 -44 1 27 0
33 -29 -12 58 -14 -8 36 -39 -58 25 0
16 -42 -18 18 -13 55 -45 2 -42 0
5 -42 -27 44 -19 13 -56 21 -55 15 -39 -48 0
14 -6 -27 8 24 39 41 45 29 -15 -13 17 -3 0
15 27 29 42 51 29 -17 0
33 35 52 23 58 5 -18 -2 0
5 10 20 47 58 0
11 18 21 27 33 0
-48 2
-47 3
