12 -26 -5 18 -49 2 6 0
35 -52 -36 51 -15 -46 0
36 -29 18 37 52 0
33 14 -16 13 18 33 35 0
13 36 47 12 -4 -37 23 38 41 48 0
19 33 49 31 -37 -53 0
5 34 50 20 0
4 5 24 24 49 16 27 50 16 -30 -8 1 -49 0
8 32 45 60 15 -47 48 -50 -19 22 0
51 0
36 0
6 -2 -55 2 5 29 38 58 17 -39 0
41 53 5 37 49 55 45 -20 -60 0
16 -21 -8 9 13 57 0
59 -6 -60 51 59 30 37 -55 0
9 -1 -42 17 30 41 0
41 -6 -23 0
8 -15 -22 0
50 -33 0
7 39 17 21 21 9 11 31 31 56 16 32 41 0
2 -48 24 50 0
36 45 19 -35 21 30 35 37 41 28 30 33 59 -57 -38 0
-2 1
-2 2
-2 3
50 -56 -31 6 31 26 31 38 42 51 28 38 40 46 0
22 -5 -34 21 30 -18 0
57 -10 -17 57 -23 0
30 -21 -53 25 5 24 24 56 56 8 -20 -34 0
29 15 -3 0
9 10 12 37 47 56 -2 -1 12 -52 -9 14 -44 -3 55 -41 -44 0
8 -7 3 12 18 22 39 -9 -10 0
2 13 25 22 -6 -14 24 28 35 44 52 5 14 18 21 49 51 0
54 -58 -56 0
25 -4 -47 0
6 15 58 60 39 55 43 52 55 0
44 -6 12 -18 -58 17 -41 0
53 -26 -5 39 -14 39 -2 0
14 -47 18 23 46 0
13 -13 7 0
30 -27 -13 5 -36 0
41 42 54 48 -31 25 -6 -42 17 27 36 0
9 -22 -51 44 -22 24 -1 13 -36 0
54 7 -32 2 -41 17 22 29 45 58 0
9 -55 -30 60 -46 -24 17 38 0
-51 2
-54 3
