0
25 -38 0
36 -26 0
30 -7 7 -27 -50 48 -8 -12 31 -6 -11 54 -4 0
8 29 33 55 0
37 -34 -10 9 27 37 43 54 0
37 -42 49 -23 -57 14 -53 -42 0
47 -19 -44 12 17 30 53 0
53 0
1 -47 1 20 38 0
58 -37 19 21 35 41 59 7 -21 30 18 -57 0
3 46 48 50 57 13 -10 -33 0
27 58 9 52 44 -45 -47 28 0
28 -44 34 -33 36 47 60 -56 0
45 54 56 60 39 53 0
21 43 47 55 24 -10 -19 28 -55 -31 0
12 27 39 40 50 3 -56 -18 8 19 51 52 31 0
58 -4 0
37 -25 -46 0
0
0
43 -5 0
-2 1
-2 2
-2 3
-68 3
-69 2
55 0
53 -5 -1 5 -59 49 -18 7 7 23 45 51 4 28 33 44 55 0
10 -41 -57 16 -36 15 -31 -3 0
8 27 27 29 51 22 25 34 12 56 -9 0
59 -36 13 27 29 35 0
56 -51 -48 41 48 15 16 40 12 38 57 2 38 41 0
47 -54 24 38 1 16 29 60 20 -32 0
53 -43 55 0
15 -55 -56 46 -6 25 -39 3 6 48 60 37 -15 -52 0
2 -40 46 29 32 0
7 10 28 47 49 33 42 43 48 52 48 -12 47 -59 -57 12 21 41 42 43 0
3 10 57 25 -11 0
16 31 16 -22 6 0
54 -6 -32 0
35 -38 -14 38 -21 6 20 35 38 44 9 11 30 45 -21 0
23 -43 17 21 43 54 56 0
5 13 27 41 55 15 -15 27 -25 8 24 28 0
30 -6 -16 0
18 31 51 -58 32 36 7 7 16 21 30 0
2 12 39 43 0
-25 2
-25 3
