59 56 -10 2 9 14 35 57 57 -59 0
10 -48 -43 12 -11 8 15 23 38 53 7 -37 52 -49 -60 0
19 -38 -7 23 0
58 -46 21 57 -53 40 -51 0
20 38 28 -54 0
21 41 52 0
48 -48 -15 29 -25 7 19 40 47 0
44 -8 -16 43 -28 -38 13 19 0
14 27 41 57 60 0
22 27 16 23 25 30 53 0
5 27 37 43 44 44 48 21 23 37 58 0
0
38 -52 -20 5 50 59 0
3 -15 -48 27 -23 -21 53 -1 -31 29 38 38 49 55 5 -24 -45 0
19 41 0
5 -10 8 13 29 30 49 0
5 -48 50 -50 -37 0
6 8 21 28 33 0
16 26 -17 36 -2 -43 0
57 0
5 -60 55 -45 -56 5 -52 0
17 27 28 54 0
-2 1
-2 2
-2 3
12 -22 32 -25 -50 0
25 -58 0
38 -46 -9 20 28 29 36 37 0
35 -44 18 30 34 57 0
36 42 47 60 54 -39 20 27 47 56 34 42 44 50 0
33 -9 3 0
57 37 -19 -4 57 36 -59 -35 0
41 -26 0
20 45 49 12 -39 -23 60 -33 -38 16 36 16 -13 -54 0
16 -14 -16 0
11 -7 60 -16 -2 5 25 38 52 8 -59 -49 0
34 -52 27 -43 -38 0
53 -7 50 -11 -34 12 40 60 0
3 42 -9 -10 8 -32 -57 19 28 39 0
13 26 0
0
33 -10 13 15 44 44 51 20 48 52 0
0
8 19 22 0
41 -31 -2 38 55 0
-2 2
-2 3
