4 -46 0
33 0
24 -45 0
6 10 15 42 5 0
39 -54 0
8 30 59 0
0
58 2 6 29 33 45 0
24 -36 1 -14 -39 0
23 26 39 -33 0
18 -37 0
8 44 47 50 6 9 30 49 58 58 -59 0
17 57 32 42 52 0
53 -28 0
36 -59 -4 0
58 -40 12 21 45 53 0
37 -25 0
11 40 -22 -43 16 22 35 44 22 50 32 36 54 0
33 -26 0
0
37 -9 -36 20 -20 0
3 -21 -59 57 -7 0
-6 1
-6 2
-6 3
-66 3
-69 2
7 0
9 28 58 12 31 41 58 11 12 33 29 40 12 -12 0
37 -27 -58 0
29 -15 -24 4 7 7 15 39 17 -37 0
39 30 -27 -5 0
12 -47 -7 0
49 -40 -59 11 21 34 42 59 49 4 7 11 12 21 10 -37 -8 0
51 -43 0
53 -45 37 -38 -56 42 2 56 0
7 52 54 51 -30 50 -32 -53 0
50 -10 19 22 28 29 29 32 -23 46 -6 16 -26 -8 0
7 18 25 47 46 -4 -43 5 -2 31 -30 -41 14 41 42 43 0
9 30 36 37 42 9 -48 -55 7 20 38 40 0
3 -2 -41 1 -47 -28 0
49 -12 14 -54 0
0
45 -8 5 42 -35 -6 0
34 -14 0
35 -41 0
53 -40 -58 14 37 59 22 24 38 43 0
-48 2
-50 3
