57 -60 -29 42 -37 14 -48 -60 4 59 0
10 0
24 -51 34 11 -10 21 -12 -46 0
52 -9 0
4 15 17 24 41 -52 -14 41 -50 -52 12 0
43 -48 -11 31 -2 11 -51 26 -22 -29 2 32 56 0
50 -41 11 28 42 45 0
40 -57 40 -21 -11 0
4 11 30 36 0
32 -19 -42 0
37 -27 -18 11 -13 -4 0
43 53 59 -11 -27 58 -28 -17 6 25 43 0
0
6 19 25 59 0
23 -5 0
28 -2 0
7 -14 -37 56 6 13 22 28 33 0
21 43 2 39 43 44 55 0
14 24 38 39 54 4 -8 30 0
16 26 51 0
19 33 36 50 9 59 8 39 57 8 38 39 50 56 0
42 -42 -42 0
-2 1
-2 2
-2 3
-68 3
45 -31 -37 15 37 -2 -29 0
6 15 34 31 -44 0
3 -31 0
24 47 31 -57 -57 0
44 39 -21 -49 20 21 27 45 53 0
47 48 58 27 -37 2 3 14 34 38 0
1 -42 11 -26 2 17 18 42 30 -60 -47 0
10 31 39 43 44 9 43 39 -2 -31 0
18 24 36 53 6 48 60 2 49 -33 -6 0
19 -50 -41 43 -17 12 -3 43 45 0
43 -54 -36 6 45 46 56 15 23 28 45 0
2 0
18 -37 -45 17 -24 -40 0
5 19 36 44 49 60 -16 21 21 29 35 39 11 3 29 0
38 39 40 47 9 15 23 35 50 53 0
10 -56 2 8 34 46 0
60 -17 33 -56 10 -42 -55 18 -29 5 10 46 56 60 0
2 38 41 50 58 59 0
28 12 -33 35 -40 -50 0
7 26 42 -46 45 -54 -18 0
-48 2
-48 3
