16 54 12 31 0
46 -28 -22 9 9 24 41 51 -6 0
3 9 18 32 49 45 -5 -36 0
16 -3 -36 0
19 55 53 -13 -48 0
15 16 37 44 59 -6 0
9 -24 0
4 36 0
15 -2 10 -5 -17 0
0
3 36 44 0
28 -4 -20 43 -3 0
60 -56 0
8 -31 54 -32 26 35 11 -7 -15 5 25 33 38 0
46 -9 -36 0
28 -53 45 -39 -59 39 -50 0
18 0
50 -48 -12 10 32 42 0
9 29 34 45 45 2 21 40 41 52 45 -58 15 42 44 45 46 0
54 -38 53 -49 -32 0
4 -5 -8 38 -34 -60 58 22 -36 29 -3 -44 0
11 -52 -54 43 0
-2 1
-2 2
-2 3
55 0
21 -46 11 13 0
60 -11 59 -1 -46 33 0
3 4 11 19 32 20 -37 -18 0
37 -44 40 4 33 34 0
51 27 58 0
23 59 46 -53 -33 0
26 -35 -32 25 44 52 25 41 59 -32 0
38 -36 -35 0
1 -31 11 0
40 -16 -19 0
0
38 -46 -14 54 -26 -49 1 -11 -7 0
2 -27 -19 0
52 -46 0
6 -32 -49 0
13 -41 0
8 -14 28 -37 0
60 -12 9 -52 1 -8 0
0
-6 2
-6 3
