55 -8 -42 3 37 42 0
24 29 33 50 57 22 24 48 48 14 18 40 42 60 0
39 42 0
4 -40 22 -51 6 9 23 47 8 1 -44 0
9 20 25 46 0
43 -3 4 58 11 48 13 -37 0
7 33 0
3 16 26 35 36 14 4 23 33 36 43 0
3 3 10 14 33 0
51 -2 -43 6 -41 33 -9 -27 0
8 23 57 49 -32 32 39 41 0
51 -36 7 8 16 48 26 -50 3 12 32 46 47 0
1 20 0
5 11 27 55 26 -14 -40 0
60 -31 1 -11 4 18 51 9 -31 -25 12 -48 0
0
34 34 35 48 23 -45 24 42 -55 0
42 -26 25 -28 -37 11 -59 59 -29 -41 0
2 6 0
50 -21 0
55 -16 0
1 -1 -57 0
-48 1
-53 2
-50 3
-66 2
17 17 18 32 0
6 10 16 37 20 21 35 37 60 -12 35 -28 0
46 8 25 29 55 4 6 0
1 5 57 56 -37 29 -43 -9 19 -40 0
30 -7 -60 0
11 -15 -24 11 14 25 56 31 16 -11 -1 51 51 0
12 -26 -33 0
43 -5 0
35 -16 26 -17 0
39 -54 -1 13 50 50 -52 8 12 12 15 57 -45 -31 0
24 -36 11 -5 22 23 33 38 45 8 44 53 0
30 40 49 27 27 -40 -44 0
26 -54 12 -34 12 25 34 41 42 9 -6 0
2 -29 12 3 10 33 3 42 19 -46 0
52 -8 28 -19 -55 28 -7 0
18 57 46 -30 0
23 45 58 18 54 -57 0
11 18 30 40 -59 57 56 -40 -32 0
34 -60 8 -26 -54 0
20 27 37 45 60 15 51 57 0
-53 2
-56 3
