44 48 51 57 33 41 44 48 52 4 35 35 -1 -15 0
55 -35 -13 46 57 39 -22 -47 46 -44 44 60 0
32 -31 -54 3 14 39 49 5 32 55 60 8 22 51 56 0
22 36 49 54 37 -24 11 -47 0
18 -28 28 -52 -47 0
2 18 42 44 0
49 -7 -25 7 17 21 30 52 13 15 21 24 35 18 -51 0
23 28 34 58 40 44 0
1 44 19 -3 22 26 38 56 32 -35 3 -20 0
27 -52 56 -35 8 12 14 26 45 30 -1 0
26 51 53 24 59 35 -30 -26 0
16 -6 52 -36 0
13 -39 19 25 27 54 2 4 21 52 0
14 18 29 34 53 29 0
48 -39 3 30 35 38 39 0
28 32 44 45 11 14 37 43 51 56 60 33 -24 -44 0
14 17 23 26 49 12 -8 -54 0
19 31 39 11 13 14 33 6 10 24 31 0
26 -41 51 -35 -56 0
30 0
50 -16 0
7 26 26 38 21 27 34 9 27 52 13 -26 0
-53 1
-49 2
-53 3
37 -43 49 -51 -43 6 -54 -28 0
26 -54 17 -52 -12 11 -29 -45 0
39 -31 -29 60 -9 -3 24 -2 56 -29 -39 0
11 16 32 50 0
19 20 56 49 33 -52 26 -9 -37 0
3 10 20 51 58 -18 37 -59 -15 14 0
46 -58 13 22 26 60 45 -20 19 21 41 57 59 49 -21 0
46 6 16 36 56 0
12 51 57 20 -40 -35 24 -43 -35 6 27 33 58 58 48 0
11 -32 3 5 16 27 0
29 -52 -44 51 -45 0
32 -52 7 18 19 26 49 18 25 16 -37 43 58 0
7 -38 47 -40 10 0
50 -18 -25 53 -37 -16 0
27 29 56 0
29 47 48 41 -32 30 0
13 40 48 53 26 44 52 14 -19 -42 45 -22 20 -24 -3 0
7 24 26 39 49 11 38 7 8 44 46 4 13 16 31 32 0
38 55 58 7 12 32 33 54 7 -36 0
33 -59 -11 0
-53 2
-50 3
