18 47 48 -18 -54 8 -4 41 -15 -39 0
4 8 17 30 60 0
4 19 51 8 -28 0
12 18 23 54 58 3 17 25 27 0
10 10 23 44 0
8 18 50 53 17 -48 13 26 37 38 44 43 -22 50 -21 0
2 31 47 54 6 47 22 35 0
48 -45 -4 26 -28 -27 46 36 -25 60 -1 0
7 60 0
19 57 0
45 -45 48 -60 18 -31 35 -55 0
22 -44 8 9 24 27 47 25 45 35 -19 -7 19 -22 -44 0
14 -37 0
12 41 45 48 30 35 23 -47 0
14 -56 -1 0
10 28 41 49 35 -7 -51 7 -60 -5 21 -46 -54 0
53 -13 9 14 34 0
20 -22 -35 14 23 24 24 17 40 42 0
3 5 36 49 60 0
0
15 -18 -38 8 48 -45 -20 41 -32 -25 0
51 -4 44 -9 -60 20 -53 -24 40 -8 0
-2 1
-2 2
-2 3
-66 3
4 -49 37 -42 0
24 -49 -17 0
13 -28 6 14 40 59 0
12 -7 13 -53 3 17 25 39 36 39 -7 -53 0
36 -18 20 51 0
39 -8 -56 32 -47 -5 13 2 10 11 23 41 0
37 31 -51 0
25 -29 -37 30 -1 9 11 19 47 20 29 35 44 59 54 0
1 15 18 23 0
34 -26 -48 43 -44 3 7 27 0
36 -6 -15 56 -30 0
48 39 -6 4 -17 57 -49 -48 0
13 -48 20 -24 -54 35 -44 -32 0
5 -55 -31 0
7 23 -26 5 -46 -10 0
22 53 53 26 -58 0
12 22 42 48 19 31 53 0
32 -28 16 -17 -40 0
14 -48 -58 51 -5 0
21 -35 -49 57 -52 13 27 27 50 59 0
-48 2
-48 3
