20 -55 -10 12 21 49 0
34 53 49 57 57 45 -16 -35 0
28 -51 45 -39 -8 4 25 35 46 12 23 25 30 56 0
20 21 49 54 54 4 -20 -8 24 32 36 42 60 0
21 -6 -33 0
20 -46 -16 14 59 22 24 45 55 57 0
60 -47 0
16 57 -53 0
58 -28 0
27 37 7 -27 -13 0
5 17 4 -23 -50 5 16 0
18 -4 -55 45 -8 -10 0
35 -33 -8 21 -25 -4 57 0
19 24 48 48 48 -8 -57 0
41 -2 20 21 29 39 7 23 29 41 60 43 -17 0
27 33 38 41 57 23 -50 -9 45 -24 37 -48 -57 0
54 -16 -13 3 42 54 -13 -44 49 -21 -28 18 -25 0
59 -48 -13 57 -50 -24 55 -46 -33 19 31 46 0
10 18 21 26 51 -19 -46 0
5 27 39 49 53 0
28 32 52 55 4 14 38 50 0
9 14 8 -41 3 -22 2 11 21 23 37 0
-2 1
-2 2
-2 3
3 19 -7 11 19 41 52 0
18 39 52 16 -55 13 38 0
19 -55 9 11 27 37 43 7 33 0
46 -3 -42 35 0
24 34 35 37 52 0
1 24 45 51 -20 2 23 45 0
28 -36 -12 5 11 19 48 57 8 -53 6 -9 -36 0
43 32 -43 2 -34 0
12 -31 -59 3 37 47 1 12 16 48 0
32 -24 42 43 55 40 -59 0
1 -3 24 -20 -22 0
0
57 -22 -56 4 6 17 13 -22 0
3 -2 -46 16 28 54 47 -60 0
23 40 -12 -23 5 13 24 41 18 -33 -7 0
30 -60 -28 9 -10 35 -19 -25 6 34 54 54 0
41 54 -8 8 9 15 25 58 0
42 -56 -31 0
9 29 40 53 34 -13 -34 7 14 28 43 0
8 17 21 32 42 29 -18 -4 28 32 44 57 23 46 0
-48 2
-48 3
