10 -48 -39 38 -22 38 -16 0
3 26 55 46 -6 -21 17 48 0
0
7 11 35 39 56 24 -50 32 -7 -33 0
1 24 46 60 -9 27 -21 -48 28 -48 0
0
22 23 43 52 17 -49 18 24 43 21 27 32 50 0
34 -28 12 -25 -25 0
6 38 45 47 50 16 23 40 49 -9 -32 0
2 -28 49 -54 12 -9 0
1 -46 -53 14 -13 56 -3 7 25 -3 -60 0
13 15 43 5 -25 -47 41 -60 -44 0
34 -42 -12 0
6 9 18 43 8 -57 -4 0
40 41 59 -9 -1 0
22 8 -27 -40 25 -33 16 -44 -43 0
20 -24 47 57 4 23 31 46 48 36 54 55 -28 -35 0
22 29 41 43 1 40 7 20 47 0
44 14 29 0
17 40 30 -17 52 57 -7 -14 0
49 -52 3 -59 23 49 57 -48 20 -7 -41 0
40 -24 -48 4 16 27 57 55 -25 0
-18 1
-18 2
-18 3
32 51 0
5 8 13 43 44 0
16 -36 -15 0
3 6 41 58 3 -57 -21 22 43 -25 -32 0
3 -24 -38 52 -8 -29 15 -11 7 15 17 28 41 0
37 -47 -22 48 -1 30 -41 42 -2 -45 46 -4 0
30 -42 -40 51 -1 -20 25 29 9 -58 -57 50 -40 0
6 -34 0
5 -8 -53 21 -21 -41 6 -19 0
48 -35 -51 46 53 31 0
40 -18 54 -49 44 -17 4 -1 -27 1 23 0
50 -10 -44 60 -42 -50 42 59 54 58 0
20 -29 -44 0
3 -48 -15 3 17 55 58 0
16 -3 -37 13 50 58 24 38 0
26 -44 24 -11 51 -36 -19 34 -19 30 -56 0
39 -47 -41 35 48 49 0
11 -9 -52 40 -1 0
0
10 13 31 51 39 46 46 58 16 -58 0
-32 2
-32 3
