19 37 55 3 46 -48 -15 28 38 41 42 44 0
4 -50 22 32 33 35 0
50 -2 10 -45 6 -2 3 -33 0
28 -38 -44 8 16 4 55 60 32 -30 0
1 -4 5 -21 23 -42 -28 16 -52 5 -25 0
8 8 32 40 7 -6 0
9 -36 -29 30 -50 -49 0
27 37 58 0
25 -2 -57 1 2 7 13 10 -27 -50 0
22 -15 -2 12 18 31 54 2 0
8 37 41 44 35 -20 -23 29 -31 -15 30 32 48 0
14 -54 7 12 13 34 50 0
40 -19 -45 42 31 -26 -32 0
30 -24 -26 23 -11 33 59 0
58 -17 3 -14 10 17 52 52 55 0
1 -32 19 -17 22 -28 -49 0
30 -50 -9 39 19 -45 -8 0
8 15 25 29 49 40 -40 42 16 0
4 22 36 36 44 24 52 52 21 -24 -60 0
33 -41 23 -16 -45 11 43 0
31 -21 0
18 -19 -39 9 -29 0
-55 1
-49 2
-50 3
56 -24 26 -47 -39 37 -33 0
23 36 40 40 59 25 -32 32 33 -28 0
59 41 -16 11 41 49 0
37 11 -32 -30 0
8 27 56 37 -35 0
20 -12 -4 0
50 -31 -48 0
23 34 44 55 -60 -18 25 41 -58 -58 0
49 -48 57 3 -4 -18 4 41 44 58 -42 -4 0
11 15 16 1 6 11 21 59 0
20 -45 4 10 43 0
4 54 25 -23 -17 37 0
13 45 59 50 -22 15 17 20 28 30 -47 6 23 35 39 50 0
11 -9 26 -11 35 -47 -2 11 -54 0
53 -21 32 -49 22 29 52 0
26 -56 -1 1 36 52 53 -60 -41 0
53 -26 39 -60 34 49 57 42 -10 -37 18 -31 -52 0
15 30 9 12 14 51 0
26 -20 -52 47 -28 -36 20 -7 -46 20 31 37 60 60 0
25 30 46 19 -40 -45 0
-51 2
-50 3
