13 -13 0
47 -52 33 5 19 22 44 52 2 -18 -13 51 -16 -19 0
8 37 54 60 1 -5 44 -42 -11 0
51 -54 -56 8 -37 -6 27 -11 0
48 -54 -23 33 -24 19 41 8 -23 -48 9 -43 0
26 0
44 -17 14 17 35 17 -16 33 0
33 -30 -26 38 -49 38 -35 -53 0
6 17 36 11 -3 0
39 47 0
21 36 47 58 19 -26 -53 19 54 49 -4 48 -2 -59 0
25 26 28 53 59 21 29 47 52 0
4 -41 -3 30 -57 23 36 44 56 45 -58 -5 0
10 21 43 51 18 31 0
5 10 22 25 8 9 24 45 58 58 -33 35 42 -37 -50 0
25 -11 53 -27 -46 0
0
1 12 22 49 55 0
5 7 20 52 5 11 12 30 49 1 20 27 -25 -6 0
42 -25 54 -53 -34 18 31 35 38 44 0
51 45 -38 0
55 -13 -46 28 51 11 -52 -45 0
-2 1
-2 2
-2 3
-66 3
3 18 8 16 28 39 51 17 46 54 45 -53 -21 0
20 -3 -37 0
39 51 53 0
13 14 22 38 60 0
29 49 8 19 27 40 0
7 53 57 0
9 38 38 38 29 -51 -4 52 -49 0
50 -17 -28 17 27 4 16 26 58 40 50 30 0
48 -37 47 -29 5 21 36 46 8 -19 0
6 21 25 23 40 47 0
44 60 0
32 59 20 32 13 15 22 46 51 45 47 57 -49 0
35 -25 -6 26 -36 -26 0
22 24 25 60 30 43 48 0
1 6 10 25 33 3 -38 51 -29 0
22 26 52 9 37 59 6 14 22 0
48 -19 19 28 29 53 0
4 -10 0
2 3 14 29 12 40 15 21 33 11 -58 31 -14 -53 0
59 0
-53 2
-54 3
