12 18 27 29 32 32 -25 -26 17 -30 0
39 -46 34 -7 -18 6 -25 51 -28 -49 0
35 -7 -37 3 -51 -31 6 13 23 24 38 47 60 0
1 4 60 29 -58 -8 16 34 35 0
46 -2 -9 16 -39 35 0
10 -31 25 -36 -57 0
9 -9 19 -11 -10 19 -4 11 15 17 23 0
8 29 44 56 0
23 37 53 34 -18 -17 31 42 14 23 37 38 56 26 -54 0
0
41 -32 45 -39 0
34 -27 -1 30 -21 -7 7 26 26 54 0
19 -37 59 -21 12 -45 -8 0
27 -30 56 -58 0
38 -54 -45 3 12 12 0
29 -17 49 -57 -11 0
40 7 21 39 22 8 23 29 44 49 0
19 -23 -45 54 -2 20 -38 10 -42 58 0
22 -20 60 -24 -40 0
50 -19 9 37 -9 -33 0
12 -20 -43 2 37 45 47 54 0
57 -58 0
-4 1
-4 2
-4 3
0
3 4 5 19 27 47 0
49 -21 -2 11 16 46 54 53 -48 -58 0
26 -31 -35 7 48 50 53 41 -39 11 13 23 31 55 0
7 -16 48 -32 -25 0
25 -22 15 -15 3 -10 0
0
38 -58 31 -32 14 20 56 0
7 18 40 58 0
13 -22 50 0
33 -48 -24 31 33 33 46 15 33 41 46 -27 0
20 -58 13 -27 34 -38 -19 4 -27 -2 7 13 19 28 35 0
12 -16 -44 13 0
42 50 51 -25 -16 16 31 39 0
58 -60 -18 57 -24 -15 35 -55 -36 0
47 -44 -29 1 -5 -37 1 0
2 59 11 41 47 36 53 55 58 21 49 53 58 6 20 25 30 42 0
35 -2 0
43 -18 -4 9 13 46 52 0
45 -20 2 23 30 30 -25 -25 19 -27 0
-48 2
-49 3
