16 41 45 46 -19 -38 58 -54 51 -14 -31 0
25 -1 -9 0
29 48 49 54 -35 -55 25 -36 0
3 7 18 26 33 48 16 27 30 39 43 0
2 17 32 0
41 -5 21 28 57 17 57 0
5 18 22 31 58 4 50 24 -38 -53 5 -13 3 13 29 60 0
10 -12 -10 7 -38 0
16 -43 -46 29 44 0
50 43 -48 39 -25 2 -52 -60 58 -59 0
35 -58 28 -39 41 49 5 0
0
34 -20 -30 48 -49 22 -14 -2 7 -60 -1 4 -30 0
32 34 52 53 59 35 60 0
14 -17 47 48 56 11 -56 -11 23 52 18 35 57 0
6 -3 -3 0
33 -57 9 26 28 34 57 0
49 29 45 51 56 58 7 -29 0
0
10 -29 -31 7 -55 -25 0
6 7 9 46 10 -14 -20 0
2 17 35 59 43 -20 35 59 34 -31 51 -26 0
-2 1
-2 2
-2 3
54 -52 -9 55 -14 6 9 10 50 3 -42 37 -28 0
51 -26 0
43 53 37 28 -59 -51 0
7 15 48 57 49 -14 0
13 -26 -57 34 -39 0
36 -40 -12 14 -21 0
5 -55 0
13 -28 25 -43 14 28 32 49 56 0
9 -4 -60 11 -50 0
32 -31 8 -59 -42 13 20 22 34 44 10 17 47 1 28 0
3 19 22 53 19 -60 -34 2 -40 0
21 -32 -52 0
0
57 -56 -34 19 33 51 19 -43 -13 2 56 0
15 33 40 3 11 12 52 25 -22 -56 0
22 24 40 42 60 13 28 52 0
12 -20 -18 12 -44 8 23 -9 -53 0
12 16 21 56 36 -34 -26 0
1 22 44 47 51 8 11 34 38 51 34 54 37 -18 -34 0
4 16 56 -2 -2 28 42 11 -16 0
-47 2
-50 3
