7 -44 -50 0
17 29 0
37 -36 -33 26 -5 -16 28 -39 -28 48 -60 32 38 45 57 0
21 -29 37 44 54 59 2 4 5 34 54 28 -44 0
59 -25 -39 0
53 -24 22 42 47 34 -60 -7 11 0
44 -42 -43 13 58 15 -24 0
35 -57 17 -5 18 -18 0
2 15 38 58 -54 54 -22 -35 0
7 -23 43 -31 -4 0
16 -16 -40 28 -1 -49 0
1 28 46 56 58 44 -15 -28 15 15 30 57 18 -7 0
2 6 33 34 50 0
10 15 33 58 3 21 53 53 55 3 -34 -7 0
7 37 -55 44 0
16 46 11 -14 0
14 47 48 51 60 0
47 -33 7 24 37 0
44 -30 -10 12 31 35 44 0
27 -50 -54 0
59 -27 5 7 45 0
22 25 30 46 16 -40 16 52 0
-7 1
-7 2
-7 3
-66 3
40 -2 60 -20 -56 0
0
0
46 58 34 -57 0
14 -36 -50 0
58 -3 -57 2 15 21 29 50 36 60 0
7 30 55 20 -26 -53 0
38 -41 -27 23 34 44 47 55 30 -25 -15 0
5 -57 -35 23 0
32 35 9 24 25 43 43 -30 6 14 19 31 47 0
45 59 12 -47 -16 29 54 13 -56 -45 0
52 -28 -55 29 -10 -24 0
36 2 -10 -40 1 -7 0
33 -43 0
7 28 28 48 0
3 -40 0
4 0
52 36 -56 55 -33 0
32 -51 41 -59 34 -58 0
51 -14 48 -49 -59 10 -35 1 -30 0
-25 2
-25 3
