11 14 20 21 29 21 53 26 35 51 0
15 27 33 49 55 15 20 27 29 29 15 -18 41 -27 -13 38 -5 -48 0
49 -1 14 25 36 39 47 -49 0
26 -12 52 -35 -38 37 -12 0
14 -24 -57 0
20 -15 49 -26 -1 6 19 0
46 -60 33 -56 -49 14 15 32 55 0
23 -59 -40 18 -37 0
0
6 19 49 6 41 0
3 24 37 50 58 10 12 18 36 58 48 -17 -20 0
19 -19 6 43 27 -5 0
46 -10 -52 12 -14 -59 0
16 -3 7 39 44 46 0
0
27 -14 26 -3 0
24 -22 -42 35 -4 55 -33 -51 0
18 -52 -32 0
16 26 -25 6 7 47 0
0
32 -48 0
33 -51 -9 29 34 35 39 29 46 46 0
-2 1
-2 2
-2 3
-67 2
4 4 17 57 37 3 4 7 24 0
32 44 31 -19 -50 0
37 -33 -36 24 -55 15 32 40 42 55 56 -34 6 -3 0
55 -13 42 -52 0
3 -43 60 38 -34 29 46 0
23 24 42 57 19 56 1 23 52 60 0
37 -47 -18 0
8 16 20 31 0
31 -9 27 -12 55 -30 -17 46 0
3 -2 12 -26 30 -2 2 17 20 0
1 1 18 20 49 0
6 41 48 16 18 0
5 9 23 30 8 14 27 54 55 3 18 23 47 0
18 -36 7 12 45 -10 43 60 0
6 10 16 46 59 35 1 -59 0
33 -36 -38 6 -5 -47 33 0
38 -44 30 -20 17 32 40 0
47 -20 -36 32 -28 4 20 40 48 60 -2 3 15 53 0
48 48 53 57 0
5 32 34 0
-50 2
-53 3
