56 -9 0
4 7 -15 -47 9 26 36 44 0
6 -18 -39 15 -37 22 -59 -25 59 -3 4 -6 0
27 -49 0
18 -53 -11 0
16 16 21 49 50 16 51 57 13 -45 -35 0
43 -12 -47 49 -47 -20 40 -34 -45 34 44 0
6 8 22 29 14 38 39 42 25 -48 -27 60 -55 -42 46 -32 -19 0
3 15 21 30 44 40 -31 -19 41 -24 0
20 46 49 0
60 -37 -57 20 -38 45 23 -14 1 33 0
33 -12 11 20 0
2 21 35 52 27 -6 9 17 23 26 41 18 20 28 46 54 35 38 0
27 -46 10 -36 -34 2 0
1 16 22 23 52 13 19 43 52 60 0
39 -55 28 -24 28 -30 -38 14 27 2 16 42 0
0
8 20 28 52 0
56 -10 -16 11 -45 -12 6 24 56 32 40 50 51 21 -20 0
17 35 52 58 0
0
40 -42 -45 16 21 30 42 51 18 21 52 1 8 10 20 26 0
-4 1
-4 2
-4 3
7 8 27 28 28 18 -7 0
0
3 13 16 21 37 54 -26 -5 42 -37 -54 37 -58 -44 0
6 41 -11 -24 27 29 37 54 0
6 -34 0
26 -57 -14 4 -58 16 -16 0
4 -38 19 27 33 58 58 0
0
2 11 18 50 11 -8 54 -12 0
8 -52 -6 25 -10 19 54 29 -23 0
15 56 59 3 10 37 37 51 1 20 48 49 59 21 -16 -23 6 13 41 0
18 40 43 48 54 -55 -1 12 36 2 21 29 44 48 0
6 44 46 28 -12 -39 0
9 19 28 33 57 14 -39 7 -57 -11 37 11 -25 -42 0
7 -58 -42 19 -53 31 -25 -53 0
3 11 39 46 54 3 -2 -40 0
22 38 -7 -43 42 49 55 4 17 56 0
51 53 3 23 35 40 60 3 15 18 58 0
21 29 53 58 10 29 48 57 4 13 30 42 48 0
0
-46 2
-46 3
