1 6 24 0
21 -52 0
32 16 23 36 48 37 41 56 59 26 -25 0
46 -12 -50 14 16 53 16 59 37 -37 0
0
13 -30 4 18 18 33 29 46 0
47 56 60 35 6 -21 -59 40 -3 -47 4 9 22 50 50 0
6 -33 26 -30 -28 0
0
55 -38 -51 17 32 -4 -28 53 -32 8 11 27 0
2 23 37 0
12 21 0
19 -59 45 -15 26 43 48 52 53 -19 0
30 22 44 18 40 22 0
43 -43 13 19 23 39 23 29 52 15 32 44 -27 0
49 -48 0
2 19 24 13 20 35 0
5 -51 -59 23 25 37 52 57 50 -5 -39 0
28 -37 -33 23 -29 3 -45 42 3 29 59 0
6 -19 30 -28 3 5 5 49 52 0
4 34 40 56 37 40 17 -37 -33 60 -26 0
23 44 0
-6 1
-6 2
-6 3
-66 3
2 33 7 -18 4 12 46 0
8 14 0
16 -4 49 56 4 13 30 43 60 0
28 43 48 0
28 -18 52 -1 0
11 11 12 26 1 10 18 37 11 -59 -38 59 -26 0
6 -59 0
16 19 26 34 49 35 37 44 32 -30 -51 39 -1 -43 37 -21 -5 0
11 45 56 20 41 -15 -49 0
6 52 34 -20 25 0
26 1 40 48 49 59 36 -34 0
10 24 41 43 49 25 -39 -1 27 36 48 29 56 49 -47 0
37 -22 0
34 -26 -4 32 -49 29 -48 0
12 24 42 53 -28 -24 0
43 -13 12 19 21 48 21 -46 9 -1 0
41 -19 17 41 50 51 0
9 -59 55 -47 40 -11 -13 40 -25 0
2 27 28 38 22 -18 12 -18 -16 0
0
-53 2
-50 3
