43 -33 35 -32 -24 27 33 44 -6 0
21 35 54 60 0
56 -9 -48 0
15 -23 36 42 45 48 0
38 58 0
14 26 52 25 27 56 23 -41 -50 9 23 33 55 56 0
39 -13 56 52 1 -44 -35 0
39 -13 -36 49 21 0
19 51 26 43 37 -42 17 32 49 0
20 -36 0
19 -6 -53 0
3 48 55 38 -28 -55 53 0
45 50 0
50 -14 11 -43 -26 36 -11 -19 0
5 40 47 47 57 34 0
0
51 -26 -23 0
47 0
7 54 6 21 30 49 57 17 -48 48 -43 -50 0
47 53 31 -21 48 -38 -55 12 -23 0
16 -20 -12 4 -59 4 18 45 54 8 9 20 1 46 0
22 46 7 12 34 0
-2 1
-2 2
-2 3
25 -52 -44 1 24 27 59 0
45 -34 11 32 40 0
13 48 35 -7 39 41 6 -1 -38 0
33 41 45 54 0
51 -58 29 59 44 33 -44 -59 15 17 51 53 0
19 -60 -3 14 58 0
9 -42 51 -14 0
45 -9 30 47 58 7 -42 -13 2 -2 -57 5 14 24 45 47 0
21 55 10 10 52 8 18 52 0
44 -31 -43 28 37 37 -57 -41 15 -10 -26 8 -18 -51 0
35 -51 -58 8 -13 -27 9 15 60 32 42 0
7 -33 4 7 15 39 45 8 29 58 12 -17 0
27 -52 -37 52 -20 14 -7 -47 3 42 45 46 56 0
28 34 50 20 -5 -53 0
27 31 45 51 54 55 -2 -47 5 28 40 1 9 21 40 56 0
31 -47 -31 0
5 -39 36 -54 -38 55 -7 0
0
33 41 60 27 -31 -24 35 -26 0
30 -46 4 18 36 50 57 9 39 22 -45 -31 37 -37 -45 0
-56 2
-50 3
