42 52 -6 -60 0
6 6 10 20 32 22 -55 -13 0
58 -8 28 46 43 -40 13 -45 0
53 57 -58 0
18 -15 -35 0
0
1 9 20 33 41 48 57 -13 -40 42 -21 -58 0
14 15 16 19 34 50 -33 0
35 37 42 48 54 1 17 47 51 0
0
3 28 52 53 53 0
7 28 37 23 -54 -17 0
36 -51 -30 6 -56 32 52 11 17 46 48 59 52 -16 -50 0
17 23 25 25 31 0
46 -60 -14 1 12 20 41 46 15 22 32 35 8 -28 43 -56 0
49 -32 -28 7 56 27 -41 -18 37 39 49 55 59 0
38 14 -29 -31 20 -21 0
8 29 45 47 60 50 -17 -19 0
39 1 15 34 59 13 53 4 17 58 46 -29 -1 0
0
48 50 1 44 0
1 12 16 27 -5 -42 20 -26 -25 31 51 53 17 -25 0
-2 1
-2 2
-2 3
5 -14 21 22 50 54 43 -43 37 -7 60 -22 0
14 48 0
4 52 55 -7 -23 0
33 -44 48 3 -35 8 -40 -39 0
20 -26 24 25 32 45 0
53 -8 -34 41 42 44 0
10 -53 -1 27 28 44 -56 25 -41 50 -35 0
8 10 20 28 45 21 -47 -33 43 -7 0
23 -37 48 -30 -5 30 54 0
16 39 4 9 23 -46 -51 0
26 -25 -15 21 -25 -35 23 -25 -8 11 -2 0
16 50 60 2 22 25 60 -11 28 51 8 15 15 32 0
16 -48 39 -29 -58 18 -13 -19 10 10 44 46 9 10 26 42 52 0
16 31 34 35 60 41 -38 17 18 25 40 44 0
5 30 31 43 49 0
10 54 57 20 -9 -1 6 -52 -52 0
13 -24 -30 0
16 5 31 14 -15 -4 25 -39 -52 60 -23 0
44 44 49 49 7 15 52 0
43 26 -23 -52 22 49 58 0
-50 2
-47 3
