53 22 31 42 0
52 -19 21 27 34 40 44 0
23 33 0
6 43 47 0
53 -3 16 20 55 13 -14 34 -14 0
4 -45 -37 50 -20 15 -24 -34 27 39 45 54 0
2 19 58 58 -1 5 1 3 8 36 43 0
23 -22 59 -39 -19 0
58 -33 58 -8 18 28 35 41 0
49 -35 52 -56 40 -43 -14 42 -39 16 -11 -59 0
5 -5 -15 9 -18 -9 34 -40 0
1 -59 33 -7 -32 14 -49 53 -34 0
3 9 29 41 51 13 39 52 60 5 6 12 18 56 26 -59 11 -32 -60 0
8 28 40 46 39 -4 8 12 18 0
6 13 39 59 31 -59 0
0
31 44 -36 -27 7 -19 -41 3 11 25 28 0
23 -46 28 -21 -11 35 41 54 32 -54 0
36 -60 2 55 58 60 0
4 12 13 15 30 38 -43 6 -34 49 -53 43 -53 0
9 12 36 42 15 -24 0
1 15 28 39 57 47 -45 -57 3 19 29 48 0
-16 1
-16 2
-16 3
-68 2
1 4 8 54 18 -23 -28 46 -44 -33 0
20 -58 -15 9 -7 -4 37 -37 51 -11 -17 0
13 34 6 15 31 33 0
19 49 53 -54 14 27 36 38 52 0
26 17 -29 43 58 7 34 43 0
49 -11 4 18 40 19 28 34 4 48 0
29 -34 9 -19 0
0
22 -6 -31 9 16 49 59 -30 -5 31 45 44 -29 0
6 -24 0
26 33 38 39 54 52 -38 0
34 -5 4 44 47 25 -43 -2 51 -1 -2 8 -34 -1 0
32 -58 -58 0
25 -29 0
46 -29 -24 15 25 41 49 15 53 44 -11 -60 0
54 -31 0
11 24 31 46 51 56 -59 36 -28 -28 13 14 27 30 39 0
2 15 21 44 4 -24 13 -57 -19 23 -43 -1 0
41 -10 0
32 16 -28 -38 50 41 -2 -47 0
-54 2
-48 3
