6 36 -31 40 -54 0
8 17 46 42 48 24 32 34 36 39 0
8 13 34 40 0
12 0
30 -22 -47 0
33 -39 50 -34 41 -56 -20 0
14 -28 -49 49 -45 -6 20 -37 0
7 -35 -1 1 51 43 -13 0
27 -21 0
34 60 7 22 56 56 29 -17 46 -37 0
40 -57 14 -54 -26 28 36 16 33 42 42 53 2 4 13 15 34 0
43 -49 -33 18 27 34 0
14 46 24 32 55 0
28 30 21 45 46 7 16 0
31 -53 -38 0
1 31 47 0
7 46 15 -21 -25 0
20 20 29 42 3 -1 -15 16 26 27 49 60 36 -30 -7 39 -7 -16 0
32 -43 -15 24 -32 -14 0
6 16 32 12 -1 59 -49 0
10 -7 35 36 53 2 11 28 36 38 5 -34 -35 0
1 35 48 3 5 6 27 39 0
-48 1
-48 2
-50 3
48 13 -44 0
57 -31 49 56 3 14 55 55 16 40 60 21 -16 0
21 -43 -46 0
48 -60 -2 7 7 20 42 50 9 41 51 31 -35 -13 4 23 24 0
7 34 57 49 -16 -26 0
5 8 36 38 9 15 33 34 60 0
7 19 21 55 58 0
31 -49 -12 3 -60 23 39 50 52 0
31 -57 -52 0
29 -27 16 -1 30 38 24 -1 -5 0
32 -35 17 -2 -20 8 -38 -11 0
35 -25 7 21 56 36 -47 0
58 -14 -38 0
16 25 35 54 0
41 60 -4 -56 25 39 47 54 0
43 -35 -25 1 4 56 0
55 -9 -25 5 13 18 52 58 0
58 -44 53 -16 -28 34 -50 -60 0
4 -26 11 27 34 49 0
30 -6 35 31 -14 -34 0
-52 2
-54 3
