43 -30 -43 2 4 23 46 5 25 27 27 22 -24 -14 0
60 -4 -1 9 16 22 32 46 47 0
52 -12 -51 16 18 31 38 39 24 -37 -35 0
4 9 30 -5 9 17 39 60 16 38 0
34 -28 18 -32 -58 8 -13 0
22 -57 43 -45 37 56 33 53 18 -54 0
5 44 45 56 11 32 37 54 30 42 50 0
9 37 54 -57 34 -7 -2 5 14 31 0
25 30 60 45 -6 7 -31 -2 25 46 56 0
18 -35 43 58 0
4 -52 8 28 38 47 52 47 -26 -26 47 58 56 -24 0
9 60 6 23 38 50 13 42 51 59 0
10 41 -3 -37 7 -42 3 -18 48 0
19 -37 -41 19 23 35 47 50 0
12 13 23 43 60 -53 -12 2 11 52 55 7 -14 -20 0
0
24 18 13 34 34 54 12 15 36 36 60 45 -32 0
35 -55 -22 40 -8 0
14 -55 16 25 35 43 0
23 26 2 40 49 19 23 59 30 -53 -44 0
0
1 8 37 38 22 -34 -50 18 29 0
-19 1
-19 2
-19 3
31 -10 1 27 48 40 -37 2 30 52 28 44 0
9 23 25 50 57 15 0
1 -58 -9 3 22 33 39 31 56 24 26 39 56 7 24 26 31 0
28 -1 -7 0
34 -30 0
9 -53 -6 0
34 42 43 58 46 -31 -6 35 -10 -3 51 -32 2 21 26 56 0
24 -10 3 -11 -54 41 0
9 10 14 17 56 0
21 -23 -14 4 53 -51 0
60 -42 15 -20 7 29 39 57 18 -51 0
10 -58 47 -52 -50 6 -55 0
37 39 48 1 17 19 30 51 18 -36 39 51 54 0
4 32 37 2 4 40 44 44 1 34 25 30 0
9 13 33 37 39 0
35 -3 35 -53 -46 1 6 28 40 58 24 -33 -60 0
19 -10 -57 34 51 -52 22 49 4 6 0
37 -49 57 -38 -25 0
12 14 17 58 0
34 -19 0
-19 2
-19 3
