5 -46 -12 0
27 32 6 23 48 49 54 47 -24 -4 4 18 34 55 51 0
22 -15 41 -53 -58 0
0
29 -47 -22 6 -42 -34 22 -16 22 -4 17 -52 -39 0
5 21 57 58 0
42 -5 -35 48 30 -11 34 -25 15 -18 0
3 22 31 37 41 57 -31 -32 3 6 28 0
12 20 47 55 0
26 47 60 27 -58 -44 0
40 -57 -35 11 11 35 50 60 0
31 -51 19 -54 14 32 52 56 0
24 4 41 37 -3 0
35 -57 -41 55 -10 0
4 16 41 0
12 17 18 32 54 12 -39 16 38 39 47 0
53 -19 -32 21 -13 -27 0
7 25 0
37 52 56 0
45 -44 -58 15 -46 0
12 -30 -48 25 -28 0
53 -37 -6 59 -46 -14 9 15 49 57 53 0
-2 1
-2 2
-2 3
-69 2
21 23 26 46 0
10 28 40 46 -22 -53 11 -7 0
0
16 -51 0
58 -29 20 -13 -41 0
37 -16 1 25 49 -42 0
24 -5 57 -23 -10 59 -41 4 -8 -47 50 -26 -33 0
10 17 37 41 48 -12 0
13 22 25 51 31 -23 -23 59 -13 -21 2 35 0
0
41 -40 -56 31 -20 39 -14 -2 0
55 -60 54 -40 -33 42 -32 -23 0
18 -40 0
0
18 27 0
58 -54 7 0
39 55 -4 -33 0
46 -33 13 50 17 0
55 -21 0
13 11 32 29 -41 -56 43 46 0
-7 2
-7 3
