31 49 46 -38 -38 3 24 48 58 0
59 -25 -1 24 -6 -9 18 -56 1 4 23 49 19 19 33 0
30 -36 0
17 37 38 44 50 53 40 46 40 -29 -20 36 -48 -9 0
4 35 42 54 0
48 -26 -1 0
1 11 11 22 0
16 21 32 42 48 38 38 0
51 -50 11 31 37 46 0
32 32 42 60 19 21 29 60 9 -45 -5 0
10 -10 12 -51 12 13 20 35 16 41 48 55 0
49 -4 -57 53 -46 0
18 37 0
47 -37 25 43 55 56 25 57 11 14 56 0
12 -7 0
36 39 18 60 60 23 41 0
55 -41 0
25 -13 -54 2 43 58 10 11 0
19 -15 6 24 28 42 1 7 17 29 5 46 60 0
28 -27 39 -2 -45 0
0
47 5 -13 -50 0
-7 1
-7 2
-7 3
5 6 18 31 21 25 32 36 36 0
16 -16 -10 0
46 -55 15 7 -56 -55 26 33 45 46 52 40 -56 -38 0
27 58 59 -6 39 45 50 58 40 58 0
52 -34 2 31 40 55 0
7 51 58 1 8 20 28 37 55 -54 -31 0
0
60 -58 -8 52 -22 -10 0
0
1 1 32 15 -29 10 -21 15 -7 0
9 23 26 41 0
33 -5 -47 28 -31 -22 22 24 33 -59 -19 0
17 25 31 46 51 0
34 40 59 32 34 46 50 56 0
3 26 59 0
34 -32 -37 21 -51 0
8 -8 23 29 32 32 58 0
49 -56 0
13 20 52 0
1 41 0
-50 2
-54 3
