16 -1 -39 5 -3 -44 0
19 -7 59 -45 0
16 -48 -60 5 13 22 24 26 0
12 -34 0
16 -18 0
12 18 22 -41 29 -25 44 -52 -50 0
38 0
0
29 -53 0
29 54 17 -31 -23 0
50 -25 -44 16 -41 0
0
16 -21 -13 29 30 33 6 -17 -20 11 32 45 0
6 -40 4 9 45 48 56 28 -9 -17 0
33 59 60 -10 -38 14 36 40 0
49 -18 2 4 42 49 51 0
3 -8 0
26 48 8 15 43 50 10 -7 58 -18 0
51 -58 27 -18 -51 9 42 25 28 0
27 29 33 45 4 18 20 43 45 12 0
4 15 50 -40 59 -36 0
31 -11 -52 35 22 -2 13 -22 -13 0
-2 1
-2 2
-2 3
16 -35 -26 18 -58 -47 18 -22 6 -4 -36 20 42 0
6 32 34 0
42 -28 33 -18 -17 9 -31 -42 0
24 51 -15 0
46 19 -26 23 35 47 48 -58 -41 0
0
7 12 19 34 0
21 -41 49 -50 0
35 44 58 32 -3 -23 32 -20 -37 2 6 59 0
10 10 14 40 52 0
1 2 13 22 26 38 54 0
13 15 33 55 10 14 15 25 53 17 57 50 -24 0
0
28 -52 20 56 11 37 38 45 48 -25 21 -9 -45 0
15 45 16 47 0
6 18 24 58 12 18 57 0
8 -19 -37 0
37 -3 -38 8 -51 29 0
42 -36 -35 29 48 22 -11 -16 0
3 -37 0
-51 2
-56 3
