33 43 48 55 47 -25 0
12 33 33 52 22 45 54 6 13 26 50 60 0
42 -6 0
7 8 32 56 0
18 23 37 54 0
16 -34 30 -1 15 53 11 -46 0
20 27 37 52 24 55 31 -39 -47 0
5 39 37 -42 20 0
7 10 10 37 58 35 37 -37 26 -33 -8 45 59 0
57 58 0
16 22 0
3 -47 33 -58 -4 3 -59 -14 0
7 32 20 -4 -60 0
1 1 4 44 45 15 -26 -32 0
2 -49 -1 0
13 -57 32 47 0
9 -49 -57 53 -33 8 49 52 55 60 33 -56 -40 0
3 33 60 51 -27 3 -59 3 7 37 -6 -39 0
6 -2 12 -60 0
18 -47 -7 44 -28 -23 14 19 22 47 54 0
7 -43 8 -48 17 50 0
32 38 42 44 45 10 22 1 19 28 32 48 5 -8 28 -50 -28 0
-2 1
-2 2
-2 3
38 -25 -46 33 -39 -57 0
5 40 21 -36 0
15 -22 -2 18 -38 0
17 -16 7 22 56 0
0
27 34 37 44 45 6 -17 -9 44 -29 -5 45 -29 -43 3 -23 0
48 -21 -45 31 -27 -52 8 -32 -18 0
7 23 31 54 55 9 19 39 21 50 57 0
10 -46 28 -15 0
55 -26 27 25 44 59 38 -57 -39 0
28 -48 44 -52 0
0
1 -6 24 -23 -19 21 -8 25 29 48 49 50 0
50 -56 -19 46 -36 -47 0
23 -33 20 36 42 -54 -10 0
1 52 -55 17 -5 9 -13 41 57 0
7 21 32 44 60 0
17 25 26 6 -28 -20 13 17 27 46 47 0
10 -35 -56 0
48 40 -18 0
-2 2
-2 3
