6 -3 5 -33 56 -49 -8 20 0
38 -12 0
32 -45 53 -28 5 -12 -44 0
20 29 0
49 -43 -22 19 -41 -44 54 -51 -59 0
18 25 10 20 39 49 4 5 32 37 15 -31 -35 18 0
31 -18 0
19 28 36 49 24 26 49 0
7 -28 -45 3 30 50 54 5 -26 43 -42 -32 8 25 26 0
44 -11 37 -46 38 -43 0
16 -31 0
59 -14 36 -50 11 44 0
12 -50 -38 50 -50 0
17 -29 -19 10 50 52 55 0
4 -28 17 -26 -49 6 48 50 -45 0
8 23 50 0
0
1 -58 -50 0
45 -5 0
53 0
20 57 58 0
30 -54 -41 6 10 18 26 35 32 52 55 58 0
-2 1
-2 2
-2 3
-67 3
24 -32 32 -54 -47 1 -5 -18 16 -9 -58 0
2 -5 49 -2 -47 19 -12 -31 16 26 60 13 -15 -34 0
13 23 25 0
50 -16 -48 0
49 -49 -27 58 -18 -5 0
15 46 56 60 0
26 33 40 43 49 41 55 3 11 20 32 58 36 -46 -53 40 -15 -58 0
39 -57 -59 0
29 49 54 22 -4 -9 0
14 24 24 43 49 15 19 24 -20 -53 0
0
49 -60 -25 0
57 -21 -30 4 8 16 22 -24 46 -9 22 42 51 54 0
39 5 40 0
56 -52 -39 4 5 32 -51 -13 0
5 49 0
13 -44 -2 0
40 -45 2 0
0
8 9 34 0
-49 2
-47 3
