4 7 7 18 37 9 -33 -14 3 5 36 37 37 1 -51 18 0
53 -45 29 -57 -30 57 -39 -25 45 -42 0
30 -36 0
14 -48 0
16 56 5 12 24 27 31 0
0
33 -43 -4 4 -39 -59 0
25 36 20 -23 0
15 -49 -30 29 3 0
6 18 44 30 -34 -1 27 56 58 60 56 -55 -57 0
12 59 9 22 30 56 32 1 0
5 8 54 0
53 43 -54 -52 8 -22 -9 19 30 32 34 44 15 23 24 0
28 28 29 60 29 -19 -16 7 10 29 46 51 41 -44 -26 0
21 23 28 56 0
27 -34 -41 3 12 44 -44 0
0
58 -33 -6 0
3 26 56 -59 -15 36 58 14 18 30 39 52 0
13 25 29 49 32 -41 -10 54 33 -7 -1 0
51 -40 -47 29 33 48 12 -33 0
7 -10 -45 17 18 26 36 0
-2 1
-2 2
-2 3
-68 3
44 -54 -2 56 -52 19 29 50 57 29 -25 31 31 35 37 0
11 -15 -54 11 -30 21 -12 -28 11 48 52 46 -6 -49 0
35 -18 -21 7 7 20 26 47 45 49 -8 -19 20 31 50 56 0
39 -42 1 16 33 35 51 3 11 50 53 58 0
34 -55 -19 41 -7 0
26 -48 0
39 -58 26 -56 -43 2 -10 22 -36 5 -46 0
31 14 17 21 22 47 2 -11 -25 8 0
8 -20 0
1 17 24 40 54 0
33 37 17 34 36 32 34 -41 -22 0
25 -14 10 -25 -34 0
16 57 25 -24 0
24 -35 0
2 14 20 45 39 5 8 50 55 2 -25 -52 0
41 -58 -2 21 -17 -12 52 -18 -58 0
10 36 36 49 54 19 -9 0
45 12 26 28 31 0
5 -51 -41 37 -12 6 6 21 25 60 30 -27 -33 0
0
-37 2
-37 3
