1 10 16 16 23 0
28 -21 0
12 38 52 0
27 37 19 19 0
7 -12 0
41 0
52 -34 -50 53 -22 21 39 46 52 53 3 -16 0
23 -33 0
42 -32 13 36 59 38 -28 59 -58 30 -58 0
35 -43 -57 11 41 50 57 58 46 -1 -18 46 -42 0
1 28 30 30 45 23 39 3 25 14 14 28 33 46 0
15 -55 59 -43 1 30 52 17 19 26 46 0
5 37 47 60 12 -25 5 5 29 29 0
39 -55 -37 6 10 23 35 54 1 19 23 0
6 -13 22 -41 0
40 -9 -22 25 -43 0
58 -27 14 -32 -3 41 -42 55 -41 19 -24 0
1 16 37 25 -8 57 -27 50 -54 -18 0
0
10 50 60 0
3 -42 -53 22 33 47 57 2 37 48 59 0
60 -60 55 -55 -13 56 -58 0
-3 1
-3 2
-3 3
49 -47 -24 15 26 26 -41 -6 23 26 38 43 31 38 41 54 0
49 -57 -55 41 -39 -57 1 8 11 14 42 -18 -17 5 -34 -3 0
10 27 -18 -52 3 47 0
42 -37 -54 57 -51 -11 20 -3 -4 52 53 55 0
50 -17 12 -30 0
20 -7 0
6 9 35 50 50 56 24 34 39 40 44 0
10 18 23 47 51 4 5 23 29 0
14 -11 18 -24 18 -15 -6 33 -1 0
28 -11 0
2 34 42 15 5 24 33 36 40 0
14 17 37 0
16 -46 -36 53 -20 54 -40 37 40 0
30 -32 -31 12 -19 12 -5 -13 0
10 30 34 0
17 55 -29 -4 41 -57 -18 10 22 0
18 24 7 9 39 51 11 -7 -31 11 -19 -6 0
39 -47 -53 36 -40 19 -7 0
27 -57 43 14 -23 0
6 -44 0
-47 2
-52 3
