1 -31 -4 0
27 -36 -6 0
5 10 26 28 32 0
10 24 36 44 0
9 45 5 15 16 32 46 53 54 58 10 -46 0
39 60 14 -25 0
5 27 50 46 30 3 24 0
24 16 -15 0
4 -1 0
21 0
22 -26 -20 2 3 35 55 60 -30 -18 0
9 -14 -56 1 14 49 33 47 49 56 57 57 -13 -39 14 0
47 0
9 -51 -26 40 -5 -9 0
2 -38 0
39 -59 20 -11 -25 34 -30 0
23 25 57 0
0
6 -25 -11 59 -13 -53 0
0
28 -46 38 -51 -19 6 23 32 35 43 10 45 -1 0
2 22 50 57 59 0
-48 1
-49 2
-51 3
14 -35 -55 0
19 -59 5 16 36 53 54 1 52 33 -13 -26 0
9 11 39 60 20 -55 -43 43 0
33 -26 11 15 26 29 47 31 -55 -34 0
5 17 24 33 55 55 -38 -7 0
50 -11 2 28 54 15 -21 0
3 -19 3 28 47 15 33 36 47 52 0
34 51 53 58 -27 9 19 22 54 0
7 19 39 56 60 3 1 -19 -32 0
26 26 29 29 56 4 15 25 37 55 16 21 33 60 0
22 -36 -45 0
8 31 42 45 41 -52 4 33 40 11 12 24 32 13 0
14 16 19 44 51 18 -27 -6 0
38 -9 -41 0
6 -46 -25 53 -12 -34 0
24 -18 -8 29 30 40 53 58 0
11 -22 12 27 35 46 58 32 36 59 52 -23 -33 0
45 -52 20 -47 -49 14 -32 -11 57 -28 0
17 54 0
49 -51 -45 55 0
-54 2
-53 3
