50 -21 -15 34 -35 -60 0
43 56 25 27 37 51 51 20 23 54 55 57 15 -10 0
20 60 1 7 21 29 60 11 22 40 0
53 36 43 44 15 42 52 53 55 0
2 7 12 1 -50 41 -16 -46 48 -12 59 -51 0
53 54 49 -47 -2 0
5 6 22 45 18 -32 0
26 -5 -29 32 -10 -19 55 -14 -24 28 33 0
52 -58 5 24 57 0
16 -19 -28 0
31 -28 0
10 16 22 35 46 0
0
28 -24 3 14 15 35 47 11 -4 -43 0
13 -59 26 -32 -34 0
3 13 15 20 28 53 57 38 -47 -14 38 -29 2 -25 -17 0
25 -35 -34 31 -55 -47 0
0
52 -5 -14 0
22 -26 -59 0
55 -24 -30 0
31 43 -40 -24 27 23 42 -42 0
-3 1
-3 2
-3 3
-66 3
26 12 48 59 39 -14 -34 0
30 -2 26 -60 56 -35 0
56 -22 15 9 26 42 50 53 0
0
34 -14 -17 16 16 35 35 -46 51 -13 -5 0
58 0
1 2 25 32 47 54 0
13 -56 -59 53 0
14 -18 54 -46 -44 47 -23 5 11 28 58 0
59 -10 18 -31 -28 38 -57 -42 14 36 48 0
8 14 52 12 47 10 11 13 44 45 0
13 12 23 51 18 24 28 37 57 0
3 33 2 -6 -13 36 -32 -32 0
6 -6 -24 0
39 16 37 59 0
9 14 16 34 52 1 4 13 23 20 -27 5 0
9 -60 28 -58 -35 0
19 0
5 -15 -23 42 -40 42 45 0
48 32 41 42 49 57 0
-16 2
-16 3
