24 -4 30 -26 0
11 25 27 58 0
6 24 32 0
26 36 45 52 -57 -14 2 -5 -28 11 -37 32 0
18 -8 0
50 -54 -24 28 -44 -16 9 33 35 37 0
17 41 52 -21 3 18 29 52 53 7 -34 0
28 -9 -3 19 27 5 -33 0
0
26 -56 24 -30 10 12 14 32 36 7 -48 -18 1 -46 0
34 41 -49 -18 60 -1 -37 0
60 -8 -34 0
12 26 38 43 19 -16 0
6 11 19 41 -44 3 17 35 45 -58 -13 25 0
0
59 -10 -39 0
5 -19 -44 1 17 24 16 40 0
37 -38 -5 18 -4 -31 0
15 35 39 46 54 0
43 45 10 0
9 16 40 0
2 26 32 33 51 19 -19 -14 50 3 6 24 26 51 32 -4 -49 0
-3 1
-3 2
-3 3
-67 3
11 -17 0
28 43 0
44 -57 12 -52 12 -55 -36 0
6 14 48 49 54 -2 -50 17 -40 0
0
11 12 23 57 10 -40 -57 4 -1 0
5 8 17 29 0
2 7 25 59 21 -42 -45 60 -58 -14 0
2 6 10 32 38 26 -24 0
48 -35 -6 35 -21 -5 14 -37 -28 28 33 37 53 1 33 40 60 0
45 -46 -21 0
53 -41 -33 0
17 32 32 60 35 37 10 49 58 38 39 40 0
41 -60 13 30 30 35 40 22 -3 9 20 24 0
21 24 31 52 53 -52 -8 0
7 19 34 41 54 47 52 -34 -4 15 19 25 33 0
0
40 -46 -50 21 -60 -29 20 32 36 40 51 59 0
6 -1 -47 20 23 37 50 1 4 33 59 26 55 0
20 8 -34 0
-48 2
-49 3
