56 -27 9 22 18 11 19 31 45 0
57 58 0
18 26 33 59 31 -20 3 41 46 60 29 50 0
24 -4 -30 54 -33 0
23 27 25 -43 -31 11 55 60 13 -44 -50 24 39 39 42 0
49 -13 0
16 28 34 45 43 -60 -45 0
57 -55 -13 13 -52 -15 1 8 27 27 60 6 16 18 35 0
6 -59 33 -6 -31 12 46 57 0
8 9 13 29 36 1 19 32 47 0
2 -12 4 -58 -30 10 21 36 51 30 44 35 0
34 -41 -32 4 48 59 0
58 60 4 15 15 16 46 -19 60 0
8 -49 -12 13 23 34 43 41 -60 -19 24 -38 0
24 -10 0
8 12 30 33 43 -2 -55 36 -6 48 -16 0
57 2 -48 19 -9 60 -9 0
10 16 39 45 56 42 -33 12 -25 -45 0
0
48 -11 -15 41 -27 0
11 40 6 -16 22 -29 0
25 30 44 45 58 44 -45 -50 0
-4 1
-4 2
-4 3
-67 3
-66 2
14 35 56 56 0
1 38 -53 25 -25 -14 25 -14 -36 59 -19 -45 0
1 35 -20 0
28 50 58 17 -41 42 -22 0
31 -2 -34 2 31 49 56 19 -51 -52 0
50 17 13 53 0
15 33 39 51 52 20 -9 23 -4 -59 8 31 37 56 0
41 -15 11 -1 0
58 -57 -20 0
32 -29 59 -17 44 -49 0
52 -50 9 12 15 37 9 -58 -49 0
0
1 10 27 8 12 22 31 54 0
13 13 22 57 1 18 47 12 40 53 0
52 -3 37 -59 -32 31 -30 -3 54 -21 59 -50 0
4 20 44 53 50 -45 -4 0
4 39 45 53 26 -36 22 34 34 56 4 17 18 23 33 0
12 57 58 12 55 0
12 -44 2 26 54 27 -7 -47 49 -23 0
13 15 24 31 4 5 20 49 53 7 13 32 51 0
-56 2
-51 3
