32 -23 -16 10 16 17 25 50 -38 -3 42 -17 53 0
55 -8 15 -4 -38 0
9 36 39 55 20 22 36 6 7 20 55 43 -47 -48 18 -59 -11 0
13 47 -55 -6 0
34 -44 -37 15 21 0
0
43 -11 21 24 25 31 44 0
24 36 50 -52 -34 15 -19 0
59 -26 -56 60 -10 -59 22 37 42 59 29 45 0
45 55 59 3 21 28 41 41 0
24 48 51 4 4 10 24 44 5 13 33 0
11 -52 32 -17 9 31 46 37 -25 0
14 27 30 59 29 -59 -25 0
2 55 36 -31 51 -34 42 57 0
0
46 -44 -38 0
38 -7 -5 41 54 57 8 44 42 -29 -23 0
22 -5 -57 44 -36 -5 0
26 -35 -47 16 -48 24 48 56 0
27 -8 -16 13 27 30 35 51 17 -22 -5 0
17 -17 33 -35 2 29 36 52 47 -56 -4 0
8 25 36 45 53 -32 5 -23 35 41 51 0
-2 1
-2 2
-2 3
35 -49 -19 0
20 -57 -46 55 -16 9 15 20 34 58 0
32 -50 -30 1 55 0
22 -37 -28 29 -40 -38 0
4 35 41 47 0
49 -58 -5 9 -37 37 -52 -51 0
47 -34 14 -59 -19 42 -12 54 -36 0
8 -14 -20 54 -56 -2 22 -41 -25 37 0
8 -9 0
18 5 10 26 40 0
16 33 46 24 32 -55 -40 0
13 28 34 48 49 0
0
13 16 27 46 47 43 -36 0
1 29 51 52 59 46 -14 41 -7 9 -42 49 -36 0
22 39 44 50 0
17 18 22 45 0
17 28 55 0
27 37 55 56 0
30 31 -53 59 -11 0
-11 2
-11 3
