0
47 -42 41 -21 0
5 -21 -32 23 23 26 29 32 42 -33 -7 42 -49 -32 0
39 0
5 -52 52 -59 54 -12 0
59 -60 -39 21 38 -38 -31 0
6 13 34 55 20 -58 -48 45 -15 0
32 -49 4 6 8 10 28 4 13 13 41 -14 0
55 -36 59 -16 -16 60 -8 0
47 49 0
29 15 -37 18 -29 -34 13 -54 35 -20 0
41 -1 -13 0
49 -54 -26 0
16 5 9 26 39 47 0
4 23 41 24 -52 15 24 32 35 58 0
3 5 39 58 18 -31 2 -51 13 -11 0
45 -36 -37 0
8 21 40 0
4 40 41 48 49 -13 18 -57 -3 23 35 44 46 39 -29 -3 0
28 -1 1 40 42 46 41 30 -51 -50 0
33 -8 -33 21 26 26 38 0
22 42 60 0
-6 1
-6 2
-6 3
-69 2
40 55 58 37 -59 -38 0
59 -20 -45 15 -18 0
14 19 52 34 -8 -51 19 -51 -3 0
45 -53 5 0
18 -56 -27 1 5 21 28 47 32 5 32 34 35 40 0
54 -7 -13 28 -38 3 22 38 51 4 -22 2 8 30 39 0
38 -35 0
6 23 0
26 -18 -45 44 -25 6 35 57 3 30 0
7 -51 -41 0
6 -54 47 -9 16 21 21 34 55 0
3 -10 41 59 36 -43 15 57 60 0
58 -7 -18 9 29 34 2 4 11 0
9 -58 -47 33 37 42 45 50 -9 -8 13 49 -53 -59 0
60 -21 -37 0
22 -60 0
19 -27 -5 2 15 51 54 12 -59 -38 7 -39 0
52 -56 -57 46 -16 -34 0
4 26 27 38 57 38 44 48 50 10 11 23 59 19 -57 0
49 -42 8 -42 -58 4 -24 -22 0
-16 2
-16 3
