44 -39 -14 21 -27 35 40 45 52 57 54 56 0
7 10 13 24 58 16 21 33 47 44 -5 -9 0
1 7 49 10 28 28 30 52 -46 -53 9 -47 -34 52 0
0
0
5 -33 0
15 -46 40 -58 -29 26 20 -43 -51 45 -34 0
12 46 7 46 48 49 22 31 51 0
47 -59 -7 5 45 1 3 20 33 0
59 -3 11 -37 -7 13 22 23 44 52 0
40 -49 -21 22 -2 0
25 27 41 24 38 55 23 29 41 0
39 -2 45 -31 26 -60 -5 0
13 -56 -12 0
4 -13 20 37 54 56 0
54 -22 -45 23 -2 -39 18 -38 3 60 55 -15 -32 0
49 21 37 52 30 -29 -9 1 7 14 32 41 0
50 51 52 57 57 -4 -21 0
46 17 20 35 10 -53 -33 25 0
48 -22 28 -28 56 26 -16 -46 0
3 -50 0
13 -29 2 -1 0
-52 1
-47 2
-51 3
11 24 20 -12 4 25 27 32 0
22 2 -26 47 -60 -53 18 -31 -18 18 -15 0
29 46 58 59 0
25 39 39 56 59 41 -57 23 -34 -6 29 36 51 0
7 -3 -14 0
7 -27 -19 22 32 33 38 42 0
26 -10 42 -56 11 11 -27 -39 21 -23 0
13 -22 26 -7 12 -38 0
22 0
0
28 -19 24 -23 -20 0
28 33 56 59 0
33 -53 0
37 -37 22 -1 -43 0
37 51 54 0
23 -32 -25 0
20 -18 59 -51 -44 4 16 22 29 49 0
7 -32 -26 37 49 13 -41 -29 0
12 -57 43 -60 -28 0
10 40 -16 -57 39 -13 -8 23 44 0
-49 2
-48 3
