25 -58 20 -52 -29 27 -36 0
35 -36 27 31 0
11 -3 -29 0
32 -40 -14 50 -35 -7 19 42 45 0
15 24 55 0
7 12 30 58 0
4 7 18 29 47 0
47 -24 -10 0
53 -46 -50 39 -50 -40 1 25 29 34 56 7 20 43 47 59 -48 0
30 -40 -48 45 -29 0
45 -53 0
4 6 9 19 39 60 -35 15 32 44 57 0
44 -54 -19 0
2 14 33 45 52 37 -21 -14 0
38 43 30 -15 15 -40 -23 9 -46 0
3 2 -33 16 -37 0
20 50 59 59 39 19 0
56 -2 -27 2 15 35 0
44 -27 0
8 -50 -41 19 58 5 6 49 60 13 -56 -46 0
35 -2 1 29 32 41 26 27 59 53 -14 -15 0
53 -18 0
-9 1
-9 2
-9 3
-67 3
57 -16 -58 0
0
25 32 43 55 60 27 -33 20 21 35 6 34 39 49 2 2 14 49 0
49 -41 0
3 26 28 57 -8 0
32 -14 -60 45 1 -13 -21 26 28 30 0
10 -52 27 -56 -53 31 -38 -38 0
3 -15 2 11 0
30 38 0
0
6 36 56 5 -1 -44 3 -4 33 -60 10 31 0
38 -30 -4 17 25 32 41 13 19 53 0
40 -38 25 -27 0
18 49 50 -1 0
31 41 18 -52 38 -39 0
7 -58 53 -7 -45 0
2 30 47 59 0
33 34 50 59 0
24 -10 0
22 28 -9 0
-47 2
-48 3
