33 -17 -34 29 -24 0
29 39 56 14 18 36 57 27 38 0
14 -56 21 -19 51 -44 -19 18 28 56 15 24 32 51 0
32 33 45 14 28 53 0
17 31 40 48 52 41 -13 -42 0
14 20 33 51 59 53 -42 -10 13 -60 -39 54 28 -59 0
59 -2 -52 23 -56 0
47 -30 -6 52 -60 -50 41 -3 -58 52 -53 17 32 37 0
55 -53 41 -1 -33 0
42 28 0
52 -22 4 42 54 9 39 55 60 33 -57 -36 0
51 -1 -35 0
24 -9 14 -60 0
6 54 55 9 12 27 41 52 6 10 0
29 30 30 0
54 -59 36 -13 0
44 -21 -52 1 34 54 45 -16 11 28 30 39 1 1 16 0
15 -47 5 15 24 31 41 58 0
7 -24 0
34 -34 55 -48 -57 0
4 -35 10 19 27 44 53 8 8 11 28 54 -58 37 -32 -25 0
7 -45 -18 6 -41 -38 16 44 44 0
-2 1
-2 2
-2 3
45 15 -44 41 -33 36 -19 -60 19 22 43 57 58 0
21 23 31 0
11 33 37 57 59 11 29 31 35 45 56 -53 57 0
16 18 43 60 3 -2 7 -44 -30 38 -24 -1 0
12 21 29 44 59 20 -29 0
0
15 -41 -60 49 -6 11 16 24 49 51 7 -15 3 0
5 44 59 15 -28 11 12 24 46 17 0
35 -48 34 -41 0
7 40 43 36 42 0
5 14 0
52 0
0
9 55 55 14 -33 24 56 6 42 42 52 0
8 0
2 6 0
37 -29 11 33 38 0
44 -19 -34 0
59 7 55 0
56 -16 -16 24 49 54 34 58 0
-25 2
-25 3
