1 0
27 38 32 -5 -60 0
60 -4 2 4 25 0
7 33 37 6 23 35 50 52 39 -49 -42 0
0
24 -45 -6 4 13 40 -38 19 33 0
7 -60 23 23 51 50 -56 50 -36 57 0
2 20 42 56 15 -15 50 -57 58 -27 0
46 -24 -58 1 8 42 57 13 20 51 60 0
47 -5 -26 14 25 44 56 11 16 24 4 34 47 55 0
50 -31 18 22 29 30 0
48 -22 58 -49 -38 2 -35 0
12 20 30 52 18 -58 27 35 0
24 -2 -41 0
1 -52 0
11 13 37 7 22 30 26 8 0
46 -9 1 19 27 41 55 51 -25 -42 32 49 0
26 29 34 58 37 -50 23 -50 0
14 22 33 45 53 -39 0
33 -35 -55 59 -17 -37 0
49 -17 5 -12 -9 0
15 4 15 42 59 21 26 40 55 57 1 -60 27 0
-2 1
-2 2
-2 3
-68 2
23 7 -12 -60 0
58 0
3 -33 41 33 -19 40 47 -18 0
40 -19 50 -54 -40 56 -10 36 -49 -33 17 19 24 56 0
9 21 44 48 43 17 14 -18 0
36 -15 25 -34 -55 28 -38 0
0
25 -33 -15 9 10 31 37 42 12 25 -19 31 33 50 56 0
4 -31 -6 19 -15 0
54 -48 2 5 14 41 55 5 -16 -30 47 0
7 19 25 31 59 9 -18 59 -32 -54 0
50 32 46 18 -3 -27 0
0
8 19 41 0
3 19 31 35 36 0
11 37 -47 11 22 41 43 54 34 0
19 52 53 56 56 11 -40 -18 14 39 41 44 46 26 -22 -59 1 -12 0
57 1 4 5 52 58 4 -53 0
26 52 15 -10 -21 0
8 -53 0
-53 2
-55 3
