27 40 46 50 9 -8 20 0
13 10 -10 -24 38 6 14 49 0
43 -37 -13 27 51 59 25 -38 46 48 0
34 -31 14 38 0
2 6 15 34 37 57 -49 -1 23 -51 -34 19 -35 3 11 41 0
32 -54 0
19 35 54 18 29 36 10 -59 0
21 -17 13 31 55 5 19 46 6 22 43 48 48 0
43 -4 33 -11 20 5 8 36 43 0
39 -19 -37 45 -27 1 7 45 -22 0
52 -6 -33 32 -46 0
36 -45 6 -17 -5 0
34 45 47 0
11 -3 0
5 31 48 53 3 -29 -32 27 -27 -34 0
6 13 26 27 36 34 -54 48 -33 -55 0
34 -27 18 -44 35 54 56 0
26 -44 24 26 26 46 10 22 31 51 11 26 32 46 49 0
9 31 33 35 18 -25 54 -22 -9 10 11 13 45 20 -46 0
54 -45 -19 6 -29 54 -16 36 55 0
24 -32 0
2 -4 -40 13 39 43 44 53 49 -32 0
-3 1
-3 2
-3 3
50 0
9 20 25 29 39 13 -59 3 -33 -28 0
56 -41 -9 32 -27 -12 0
10 -19 26 58 0
60 -25 23 -39 -58 3 0
32 -12 -56 18 51 6 32 34 37 60 57 -11 0
17 30 33 45 0
19 41 47 10 44 56 59 22 -49 -33 11 -49 2 51 0
50 -52 7 -30 -25 0
7 16 19 40 43 45 52 52 53 0
46 -18 -41 8 -25 49 51 -38 -2 0
23 -13 0
23 -32 -10 7 -48 26 -11 0
52 -32 -1 17 -32 -57 0
43 -17 -1 7 13 -2 -1 4 18 0
17 -60 -24 0
0
53 12 13 44 53 6 15 0
25 -37 -44 0
13 14 34 48 21 -60 -22 41 -9 43 -53 0
-27 2
-27 3
