1 21 0
28 29 38 42 6 -47 31 32 35 40 13 -46 0
6 30 53 53 11 -21 -57 4 28 41 54 50 -6 0
16 18 9 25 27 44 20 34 41 46 0
2 -45 0
49 -29 44 -7 -4 5 11 33 45 49 0
27 42 12 -52 30 30 38 5 31 19 23 60 0
21 51 53 3 15 36 4 11 39 20 43 56 59 0
41 46 19 -29 -5 54 -45 -23 0
14 21 60 16 -13 34 -25 -10 6 31 53 52 -40 0
8 35 19 26 38 39 0
4 18 52 59 59 51 -16 -58 11 49 45 -15 27 -40 -50 0
59 0
3 5 11 20 30 -40 44 -39 -51 21 0
35 41 1 -9 5 -33 15 40 46 0
26 30 40 44 25 -17 46 -41 -47 33 -9 8 -51 -9 0
0
0
2 -57 -6 25 -34 42 5 -41 -34 0
18 -31 9 -7 -45 0
6 -15 40 3 -8 -8 11 48 0
15 -44 50 -48 24 39 0
-6 1
-6 2
-6 3
2 10 13 27 48 -42 0
10 14 -53 5 6 14 40 48 0
40 2 15 25 27 49 13 39 47 0
3 -5 -56 2 17 25 49 0
33 58 4 24 53 16 -58 -24 0
15 -56 0
13 -15 -39 2 -8 0
10 -17 48 -11 28 -41 -9 3 0
6 24 53 51 -19 0
9 -35 -23 0
15 20 0
26 29 50 50 51 21 31 40 54 -41 -49 0
1 9 11 35 50 4 -38 -11 8 14 20 23 47 58 -27 -41 0
26 -13 0
7 15 19 51 54 21 -12 -1 3 5 13 10 10 21 38 40 60 -12 0
32 -49 60 -52 58 -60 -23 32 -18 0
17 -15 -7 50 -45 -51 0
39 -36 -11 59 -22 40 -48 -46 1 11 38 48 25 -31 0
11 52 18 -1 -4 0
53 -46 0
-21 2
-21 3
