54 -8 -34 4 -18 -57 9 -6 0
0
0
45 -3 -8 6 -13 0
14 -4 38 49 54 60 0
58 -55 -49 15 16 26 32 46 12 -28 56 -49 0
9 -4 32 -30 0
55 -59 -52 4 -59 18 38 52 14 -60 -47 25 39 0
29 -15 40 35 -4 0
48 -2 -58 16 22 37 0
1 30 21 26 30 48 0
3 -23 2 41 53 54 58 43 -47 -46 30 -22 35 58 0
42 -35 8 23 28 51 0
8 49 20 -47 0
15 28 59 11 -24 31 -56 -60 0
11 -50 0
26 -17 15 22 26 36 0
29 30 36 40 54 22 59 34 -2 -5 0
16 -45 -34 26 40 45 51 7 54 0
12 38 39 47 51 8 10 34 3 -37 -26 16 16 21 31 40 52 -9 -31 0
2 5 23 26 41 12 51 52 12 46 55 60 0
17 19 19 24 54 3 -38 0
-52 1
-53 2
-52 3
7 7 12 16 23 60 -2 -28 5 -28 0
34 -32 -35 22 48 9 -52 3 56 0
52 -40 -56 51 -41 3 47 -50 38 -42 -9 0
29 29 53 12 42 -36 0
46 57 0
8 8 27 32 0
52 -58 -19 0
30 48 28 30 30 0
10 9 20 34 39 6 -57 50 -24 -44 18 -4 -36 0
16 36 49 47 -34 -9 4 14 54 10 11 39 39 53 0
53 0
30 46 52 60 0
10 -13 -33 28 -8 50 -13 22 0
56 -21 1 -28 2 3 5 7 50 12 29 37 55 -4 0
12 15 8 -3 0
0
0
11 -46 -35 43 51 59 60 5 0
3 -51 43 43 45 0
45 14 -12 -22 4 4 21 32 36 1 7 39 50 52 36 0
-50 2
-48 3
