60 -19 34 -56 0
5 12 38 40 60 18 21 42 0
28 31 40 42 55 0
6 20 27 30 0
40 -10 13 -58 -45 2 -38 1 16 16 26 -38 0
51 -19 16 22 33 51 0
10 12 23 43 3 -11 -10 24 -25 -36 0
55 -26 -28 0
7 17 46 48 14 38 58 32 -24 -49 60 0
32 -9 6 26 32 44 0
44 -54 -33 0
10 -13 -7 10 0
51 0
18 31 39 1 -35 2 10 34 45 56 0
58 18 -34 24 -39 -52 0
23 28 45 32 -29 -28 0
5 32 32 41 57 0
17 23 60 -30 -56 0
18 -57 -6 48 53 57 0
58 -52 0
19 52 10 37 40 55 0
58 -44 0
-3 1
-3 2
-3 3
53 -54 5 -56 -42 52 -53 -48 0
1 12 16 0
7 -29 49 -2 -25 2 -52 -40 17 -42 -30 17 33 35 40 57 0
13 21 53 -6 29 -5 -27 12 56 20 24 34 39 55 0
2 27 53 0
2 -10 9 24 56 14 -26 31 48 49 0
14 -53 -15 0
9 30 34 49 60 30 40 0
19 50 51 45 -19 0
21 -3 -53 9 40 0
21 -41 21 22 35 60 12 -8 5 -34 -37 0
0
57 -16 4 26 -31 -25 44 -41 -38 0
1 20 53 15 30 31 26 33 49 0
8 -33 -1 7 -20 6 2 5 25 33 39 47 -7 0
0
58 -20 26 -60 45 -20 -38 0
57 -56 0
44 -8 35 -13 3 -47 0
29 -17 -38 0
-7 2
-7 3
