23 0
11 -13 -50 3 27 35 49 1 31 35 36 37 0
4 37 39 13 18 32 51 54 30 -32 3 0
46 -8 -48 40 -21 -16 30 -2 -1 0
10 49 51 2 -43 -40 50 -48 22 -49 -58 2 55 0
22 -42 -2 6 -14 -23 0
42 36 -8 -23 29 -2 -58 0
9 -16 -49 0
55 -37 14 32 45 25 -18 -42 0
33 -34 0
14 -52 60 0
15 -56 -43 14 37 45 33 41 0
55 35 -10 59 -59 -1 12 34 49 0
36 -21 50 56 59 53 -12 -8 9 -19 4 7 45 0
17 24 49 51 60 0
53 -39 21 -56 -55 38 58 0
57 -2 -51 0
35 -58 -45 1 1 50 50 60 -48 17 -14 0
25 -31 -27 11 23 25 14 -30 46 -15 -22 0
35 -2 -31 3 -13 25 -49 -56 0
11 43 54 8 -26 0
35 -26 0
-4 1
-4 2
-4 3
-67 3
10 10 23 36 57 -4 4 -58 -36 14 -34 0
42 50 52 56 -22 4 8 24 45 55 36 -32 0
9 0
33 -46 -19 0
13 26 32 35 55 16 -15 -44 56 -20 -21 0
58 -27 41 -53 -36 0
8 14 50 0
21 44 54 3 15 41 60 0
9 21 27 0
28 -8 0
35 -14 0
41 -9 35 -15 0
7 -25 -2 15 30 37 42 59 2 3 24 27 28 0
41 -16 -20 24 -40 -1 0
41 -11 -51 0
23 38 39 49 0
0
52 -44 54 -52 -16 28 34 54 40 29 40 50 0
15 29 32 35 46 -26 13 17 19 0
47 52 0
-4 2
-4 3
