49 -58 8 11 33 39 53 25 -60 0
29 31 51 51 60 28 -2 54 -1 0
27 -4 -53 3 5 34 42 31 36 12 0
33 38 46 57 34 -3 2 6 23 42 0
25 -53 0
41 -43 -18 10 27 28 51 51 46 -53 -11 2 18 -23 0
23 -55 -27 0
26 36 55 0
7 -8 -31 0
32 60 35 40 21 36 52 60 0
3 -45 0
38 40 40 -42 56 -47 0
18 21 23 14 16 47 0
17 39 34 44 0
31 -50 16 -24 -44 35 -39 0
57 -45 -58 36 0
1 11 0
5 -48 -15 0
2 -10 -41 0
60 -17 32 32 35 38 49 31 32 0
38 -45 -51 40 -32 -36 50 -26 1 17 25 47 58 56 -22 -4 0
12 -33 -21 45 -1 -51 0
-3 1
-3 2
-3 3
18 -58 -6 4 10 42 55 14 -14 -31 0
60 -41 -57 16 -10 -33 0
36 -28 -51 21 -8 -47 40 -39 0
10 10 13 4 -40 0
2 9 23 49 0
19 0
20 -21 -26 0
1 22 42 51 56 -57 2 54 0
4 15 19 14 -14 -50 22 -55 -52 6 9 58 0
19 -53 0
36 -13 0
5 35 38 47 0
23 27 31 48 35 -20 -44 1 2 28 35 30 -13 -16 9 43 0
47 -25 0
4 45 49 56 25 31 42 17 -20 0
55 -60 -1 0
57 -30 -17 11 18 27 0
56 -21 0
39 -44 13 17 17 26 34 -52 -44 58 -22 9 -15 0
17 -44 18 21 48 1 -39 -57 19 -16 -42 7 18 36 0
-52 2
-49 3
