49 8 21 25 47 50 41 -22 0
27 24 -39 0
12 42 51 18 29 35 0
24 18 37 32 -51 -20 16 32 0
14 18 19 29 33 -34 0
2 4 19 25 0
34 -54 -12 31 45 46 0
32 -16 14 -12 0
0
15 -27 -53 5 -47 5 9 47 22 -27 0
18 12 -42 55 -6 -5 0
36 46 0
54 -39 5 9 15 35 0
60 -44 0
17 -43 -36 21 38 57 0
53 10 11 12 16 38 0
11 51 51 -54 0
16 -41 30 44 57 0
21 26 -25 -47 57 -17 2 8 26 34 54 23 30 54 0
51 -34 19 -35 0
45 0
30 30 59 0
-2 1
-2 2
-2 3
-69 2
15 22 26 48 0
11 0
16 -30 0
2 12 51 51 59 10 30 6 22 26 57 0
5 44 44 57 60 26 -52 57 -29 -58 0
58 -31 4 26 28 40 42 46 -18 13 -56 -38 0
6 -55 48 -4 0
16 -35 14 41 46 48 52 0
10 28 55 60 0
59 -44 -4 12 12 28 37 2 47 0
13 -26 4 14 17 38 39 2 25 29 30 0
16 37 11 14 19 31 2 2 15 25 39 0
12 -35 -13 24 58 0
15 -59 -38 27 -60 -10 0
2 13 26 34 56 0
7 -35 -1 0
37 -31 46 -3 -31 17 27 38 49 -4 -5 0
7 21 10 -21 0
39 -48 -24 11 46 0
41 -36 27 -42 -17 0
-2 2
-2 3
