11 45 53 6 44 0
15 46 49 4 -45 -29 3 7 57 -50 -11 1 13 0
10 11 33 50 60 56 23 -37 11 17 22 27 11 23 31 40 53 0
0
44 -60 0
35 -49 -27 25 -18 0
43 32 -34 0
10 17 40 49 52 11 16 22 26 48 0
11 16 37 24 15 -23 -51 44 -17 3 -32 -10 0
5 -25 -57 32 -56 35 -48 -49 31 45 48 0
34 -32 -39 0
0
8 46 30 32 30 -23 39 -59 -3 0
0
12 -42 33 -6 -7 0
0
20 31 39 44 36 41 50 0
16 16 34 51 2 -36 -55 0
52 -19 -11 45 -41 53 -36 38 -38 0
37 54 40 -26 0
12 -59 3 22 33 46 49 55 -39 -8 48 -14 -43 32 -50 -6 0
2 4 7 44 55 0
-8 1
-8 2
-8 3
-66 3
15 23 38 44 18 57 0
5 -20 53 -18 -6 0
13 -18 43 -5 -26 4 -12 25 36 37 50 0
2 -10 18 20 32 53 42 53 54 0
12 -54 -27 3 6 45 59 0
23 -30 -43 13 -33 -30 0
8 -54 -57 42 42 0
55 -50 42 -44 0
5 14 53 54 0
59 -47 28 -9 -27 0
23 40 41 0
6 -42 -30 5 -7 23 -18 -21 6 12 -49 -31 0
45 -7 40 -25 0
27 40 6 25 7 -24 -13 56 -46 0
0
35 -19 -12 5 -46 0
22 39 0
6 -12 -56 0
32 -60 -60 10 -20 -38 43 -7 -13 5 -5 0
20 -45 -49 0
-8 2
-8 3
