45 -35 -6 56 -21 -12 31 -54 -29 0
29 -25 -58 44 -23 -48 37 -7 0
60 -58 4 20 27 43 0
15 29 59 48 -54 38 -28 -52 33 -22 0
40 46 58 -32 0
36 0
9 13 34 40 25 -55 0
0
56 -39 24 -57 55 -40 -39 0
17 41 60 28 0
48 28 -9 -21 16 30 40 56 58 16 50 0
3 -37 -33 12 27 41 52 0
23 13 -18 -3 26 -21 -31 7 -4 -37 30 0
10 -37 -7 56 -22 -7 5 5 17 0
1 33 39 55 60 -42 -59 31 -42 -48 0
18 -22 -13 32 59 0
3 -23 18 -55 -55 28 28 45 47 0
15 -36 -36 10 40 40 47 0
28 28 59 59 26 55 0
44 -27 -37 8 26 47 0
23 27 42 46 6 -45 9 -2 -10 60 -26 -15 0
36 -22 -17 41 -58 -33 0
-2 1
-2 2
-2 3
50 -4 -30 4 -48 42 -15 0
9 22 42 35 -5 2 -18 -30 55 -6 39 0
51 -9 43 -21 -57 24 32 38 56 58 -47 -52 1 25 30 0
49 -47 57 7 -55 27 -12 43 55 58 0
39 52 54 24 -40 -13 4 6 31 52 54 17 -3 2 -5 -17 0
3 4 10 33 0
24 29 34 59 19 29 36 0
8 30 39 50 53 0
17 -19 -30 35 -39 -48 0
13 29 38 31 -19 -33 4 49 36 -7 4 0
30 -17 30 44 50 52 0
29 57 0
0
24 -56 -22 31 -33 0
19 -34 -12 0
27 -8 42 53 56 60 20 -44 -42 0
8 22 23 0
25 41 0
32 -58 -46 0
57 6 30 35 35 47 45 -11 -2 0
-13 2
-13 3
