60 -46 -5 0
14 43 43 57 0
17 59 7 -34 -51 23 24 48 54 0
56 12 -40 7 14 53 56 0
52 -56 -57 40 0
2 -57 -43 16 44 0
25 -15 -9 53 -11 38 -34 -21 0
41 -59 8 38 38 38 42 -55 -11 40 -13 13 53 0
6 7 22 32 48 -15 14 -29 13 0
35 -46 46 -58 37 -59 -53 0
21 33 35 48 7 -5 -35 4 41 33 60 24 29 38 47 56 0
16 18 38 48 50 3 16 24 56 0
2 4 17 40 -23 -16 21 -23 -53 1 49 10 -45 0
26 31 37 45 0
16 21 23 28 30 34 0
6 10 0
42 49 58 54 58 8 51 27 -43 -14 0
26 -15 -43 44 -60 -18 0
38 -17 -21 7 20 35 54 0
0
15 30 49 34 36 37 39 14 44 0
2 -58 -2 9 -56 -45 37 -21 -50 2 18 29 32 58 0
-4 1
-4 2
-4 3
37 -52 -40 43 -35 0
46 -36 51 -31 -14 51 -38 -37 14 27 31 50 59 51 -44 0
15 44 15 31 43 4 13 14 41 33 -57 0
11 12 13 18 32 42 -45 -54 1 -14 -60 0
24 12 27 29 33 0
16 22 27 0
38 -21 48 -13 56 -3 2 7 14 42 60 0
40 -25 -27 22 27 37 48 55 2 52 -19 -48 0
0
12 -30 4 37 46 0
37 -7 -2 0
5 7 31 43 31 -38 -15 0
7 -33 40 -32 -6 35 36 38 54 1 -16 -11 0
53 -9 4 17 24 36 58 48 -40 0
15 35 -3 26 -55 0
26 -16 7 9 60 0
8 18 23 39 52 26 36 43 29 38 55 59 39 -33 0
17 -3 -31 3 22 39 58 0
14 4 -59 -20 16 17 20 44 54 0
22 26 29 34 44 36 -17 -13 0
-18 2
-18 3
