13 -11 -11 13 17 31 13 17 32 49 0
19 -39 -56 1 10 47 60 28 -24 -18 0
16 -35 30 55 6 9 15 22 47 0
6 -6 11 -2 -60 26 -28 10 -51 -32 3 14 17 34 55 0
35 -57 -7 3 37 51 0
47 -43 31 1 50 8 -23 0
1 5 20 41 0
1 2 8 26 35 48 4 13 20 21 8 18 -53 -23 0
23 23 27 33 42 6 57 46 -8 -32 1 10 41 44 49 0
5 13 30 5 16 37 39 24 0
57 -24 -28 7 14 19 60 0
50 -21 12 -54 -27 53 -38 -16 15 -54 0
26 -44 60 -8 20 -43 18 23 32 36 56 0
0
39 -33 16 54 -11 -35 0
30 41 27 32 40 0
0
8 27 29 43 0
3 -1 -52 0
10 -13 10 -15 -42 0
39 -52 60 -10 52 -6 -6 10 38 49 55 15 19 22 39 49 0
8 -48 0
-48 1
-50 2
-49 3
0
57 -58 -51 31 34 45 48 51 0
36 -6 -21 49 -2 24 -3 17 -14 0
39 -34 -60 55 -47 -32 2 -26 -51 2 -48 6 24 34 0
34 59 9 57 58 38 39 0
0
55 16 16 34 51 52 5 36 42 23 -50 -33 0
11 50 59 2 27 27 0
45 59 -18 -26 3 -55 -11 0
0
17 17 48 0
30 39 46 54 12 -49 2 17 20 35 6 55 56 0
6 37 42 57 -1 16 35 41 45 52 38 40 0
22 -54 32 -14 -24 49 50 57 0
4 -23 -10 0
31 31 41 45 12 -41 0
35 -43 -2 30 34 58 0
56 7 -11 25 -46 -53 31 43 43 43 18 -5 0
52 -51 37 -15 0
0
-50 2
-54 3
