18 31 52 56 35 -22 -17 24 38 41 54 42 -52 -7 55 -9 -10 0
0
52 -55 -35 29 -45 19 25 32 58 35 57 0
10 13 16 54 34 -12 0
53 -24 -16 0
33 -48 -40 0
0
23 -4 7 13 59 0
26 28 44 47 24 -59 -5 0
0
38 -42 7 -23 4 52 0
22 -38 -10 54 -10 -49 5 19 35 37 49 0
2 10 22 49 13 41 45 59 58 0
0
48 -12 1 23 51 53 0
19 59 27 44 53 3 23 45 25 -4 0
34 51 27 -9 -35 39 52 54 10 43 55 0
46 -51 12 0
35 -36 0
47 -18 27 35 56 16 -10 -49 49 -8 0
43 -27 30 30 33 34 55 19 24 32 38 46 37 42 45 56 0
54 -54 -28 36 58 0
-5 1
-5 2
-5 3
-66 3
17 -33 0
50 -33 50 -50 11 -25 -41 28 31 35 36 53 40 51 56 0
58 -46 18 21 23 54 0
0
58 -37 51 29 -51 21 24 37 50 60 19 48 55 56 0
41 47 13 21 22 48 58 0
43 -17 52 -19 -25 51 -58 47 -57 1 4 6 16 31 0
4 27 7 -38 -42 0
28 0
51 -38 35 -48 2 4 14 52 17 33 34 37 38 0
23 33 41 58 1 -27 3 25 37 41 40 -53 -55 0
1 -53 0
35 -46 17 24 60 0
47 -41 -29 43 -16 48 -5 -16 1 -31 -7 0
20 -53 -36 15 -36 -53 18 38 40 49 30 -21 -19 29 38 45 56 0
21 27 50 58 5 42 5 16 43 60 38 -35 -36 0
4 18 5 8 31 39 59 3 14 16 37 17 29 32 0
13 27 49 20 40 48 37 -46 -4 9 36 38 45 60 4 39 56 0
59 -19 44 56 30 -57 -2 42 50 49 -40 -43 0
0
-52 2
-54 3
