2 5 46 49 8 9 9 34 36 46 52 60 4 36 58 0
5 8 34 51 9 -44 -37 4 -5 -22 0
4 21 24 43 59 13 -44 -31 0
21 30 1 -44 2 9 31 0
50 52 -30 -60 30 36 43 37 -40 0
17 -15 51 0
18 -56 -58 18 -7 -58 0
13 -48 -12 48 51 55 58 26 -45 -56 0
47 -16 25 29 36 41 46 0
21 -23 -55 53 -34 0
54 -31 35 -59 17 20 21 45 10 28 0
50 -45 15 48 26 -57 -23 0
17 -20 0
50 -52 -46 0
11 19 21 33 60 0
8 -33 -3 0
27 60 48 -24 15 16 58 60 24 25 30 6 -50 -40 0
6 36 40 46 5 -40 -3 0
34 49 56 60 23 45 32 45 60 0
3 4 11 30 49 25 -59 20 -39 0
5 23 52 54 43 -44 -49 0
21 35 51 40 44 52 59 -37 -44 1 11 23 27 27 21 39 46 0
-6 1
-6 2
-6 3
-69 2
1 15 45 48 20 -6 0
9 45 53 55 57 19 -44 -17 0
11 12 27 41 59 20 -57 -44 15 17 34 42 0
5 11 38 4 27 0
11 -53 24 -2 -49 34 35 0
2 -6 -1 0
40 -18 -48 33 33 17 36 37 43 47 0
7 13 42 55 0
29 -17 40 42 0
34 1 -15 -31 1 5 24 35 58 5 15 20 36 0
47 -30 15 17 4 19 23 43 49 0
6 32 43 42 8 21 23 23 31 28 38 55 -60 -28 0
16 -20 -54 18 -5 -38 6 43 56 0
45 27 45 58 17 44 53 17 -52 0
51 -51 11 45 11 41 10 11 34 56 60 29 30 42 0
41 45 53 57 6 8 14 26 52 33 44 -60 -28 27 -11 -51 0
3 28 4 -36 2 50 0
3 -11 15 -10 -40 0
21 24 25 40 44 51 -8 18 24 0
45 -15 12 13 33 47 27 29 41 44 0
-21 2
-21 3
