22 -24 14 29 31 32 39 0
9 -56 7 21 26 48 0
3 12 39 41 53 38 -45 41 -49 -36 6 7 24 60 0
3 6 55 19 -4 -46 6 25 59 0
29 -26 -17 44 -26 -26 10 21 22 12 -41 0
18 24 47 22 35 44 32 0
22 21 42 46 58 60 0
52 -43 0
12 -59 6 -53 17 44 0
7 33 52 59 -56 -32 16 -23 -57 0
38 -1 -46 36 -59 -54 19 -21 0
57 -46 -36 0
1 39 52 59 3 4 21 30 24 -57 -7 12 0
13 14 25 39 56 45 -31 -21 26 -33 -54 0
38 -45 -55 5 35 0
9 33 55 24 -53 56 -59 -23 8 22 29 57 -10 0
16 28 43 33 -19 -19 0
5 12 30 58 60 0
36 0
13 19 13 23 39 42 46 3 -39 -13 0
35 -29 31 -42 0
53 -9 -32 2 -30 40 48 56 0
-10 1
-10 2
-10 3
-67 2
27 32 45 17 -26 -44 3 4 16 0
19 -10 52 -5 -27 45 -24 41 -46 19 -22 0
28 -52 -49 11 0
38 -44 6 33 0
40 -55 4 11 17 33 0
11 45 30 30 45 -1 -53 0
57 -58 -59 6 7 17 23 33 9 -41 -33 48 0
23 -60 -58 6 22 43 0
0
17 50 58 0
20 -46 8 26 55 31 15 35 37 45 0
8 -29 35 -9 -38 0
30 32 48 58 0
16 -52 -47 31 -28 40 -16 -29 0
0
1 6 11 41 1 29 32 43 59 11 26 35 42 47 0
22 -31 14 58 0
30 60 0
59 -8 29 35 41 0
21 21 52 -51 -35 0
-33 2
-33 3
