3 -11 -6 0
1 -37 -36 18 28 59 0
44 54 0
0
12 -52 -11 11 32 33 49 56 0
51 -35 2 -56 -44 28 -34 -12 0
39 55 7 37 48 49 58 2 27 49 -35 0
13 -54 9 22 42 48 0
26 -2 -40 18 -42 -39 24 -36 60 -14 -33 3 4 27 57 0
28 57 40 -46 11 22 26 31 0
10 23 41 51 29 -15 -33 7 15 17 26 58 13 28 41 55 0
11 58 -57 10 52 0
28 -35 18 7 30 -49 33 -23 0
54 -21 -47 12 0
34 -36 -34 0
0
3 20 35 37 3 18 29 39 44 3 23 37 46 58 0
12 35 42 50 54 22 37 -37 -16 0
17 -47 11 -48 -57 52 -32 -3 16 -5 6 16 46 0
28 36 52 5 29 35 43 47 31 -4 -23 0
14 53 25 -13 -45 0
22 -11 -55 4 15 51 56 22 -27 -46 0
-7 1
-7 2
-7 3
-68 3
28 -11 -19 9 19 21 41 53 39 -55 -25 35 -21 4 28 49 0
45 2 8 53 48 -25 -51 13 -21 0
0
16 20 24 33 52 39 -6 -12 11 24 50 26 -60 8 17 0
32 31 12 0
18 28 60 0
8 14 30 40 51 -21 -22 7 -8 43 0
20 15 -53 0
7 13 30 40 60 35 57 0
2 19 31 38 44 9 11 11 26 0
56 -60 4 12 43 55 60 0
7 -52 18 4 57 -33 9 23 43 58 0
43 -25 1 2 43 46 -22 14 16 17 34 58 0
16 23 5 7 60 22 55 20 -16 56 -39 -24 0
27 54 54 60 21 -59 29 -26 0
6 -49 24 -24 57 -15 27 -18 0
30 -46 19 27 27 41 20 35 50 -7 -13 0
33 -51 47 -59 -11 0
56 -12 -49 0
0
-50 2
-54 3
