34 0
19 35 45 53 3 -4 -47 0
3 17 18 40 59 12 14 37 38 44 17 -17 16 -50 -21 0
30 -16 -40 2 10 32 34 45 15 -3 17 48 0
0
15 16 26 36 59 0
57 -41 -55 31 -13 0
35 4 14 29 0
54 -15 -26 0
15 -6 2 -55 20 -42 -41 0
43 -55 -26 11 -12 59 -36 60 -51 -56 0
24 -17 10 -58 -2 31 -40 -47 8 33 0
2 -45 -58 0
60 -56 2 3 4 5 47 6 13 15 35 49 58 -29 -43 0
38 -38 -24 31 -3 -17 0
4 8 30 35 17 -34 10 20 0
42 9 21 48 22 25 27 32 0
8 9 37 39 44 17 34 -8 -23 18 -14 -31 0
49 -3 0
37 -51 -34 3 20 33 34 15 -54 -58 0
57 -19 26 60 -59 0
15 -21 -11 0
-2 1
-2 2
-2 3
-68 2
6 -6 0
21 53 17 41 43 57 20 -19 28 -24 2 -51 0
13 -24 13 0
57 -1 -46 0
44 -11 12 17 44 45 0
20 53 54 -10 22 32 35 0
2 5 14 59 3 -58 -2 0
16 45 47 3 31 57 0
7 -7 -9 0
7 -39 -45 37 57 58 60 60 0
6 25 51 0
21 -46 -54 2 -11 0
11 -17 24 39 44 48 51 10 -23 0
32 -16 1 -4 -52 0
1 27 28 42 0
49 -30 -19 2 -39 8 29 44 58 32 37 60 0
1 13 52 28 29 53 0
38 -28 0
27 -49 -49 0
0
-49 2
-47 3
