33 0
12 21 46 0
60 -7 16 -16 58 -22 33 -58 -34 0
37 -41 -25 10 23 0
0
13 35 8 -28 0
8 60 0
19 32 46 60 14 -2 0
16 16 13 -25 0
0
31 36 47 49 -10 -13 16 17 27 28 34 19 35 0
1 16 19 20 55 25 -50 51 47 -3 0
42 -16 -60 0
50 -50 28 -5 -59 54 -25 -30 23 -18 0
20 30 50 2 6 34 44 59 3 9 17 58 11 -34 51 -38 0
2 23 46 60 43 -19 -45 14 0
3 9 43 20 -58 3 4 12 15 53 15 55 0
7 42 52 0
45 -28 46 -26 -27 60 0
2 32 53 59 17 38 42 -53 1 36 12 37 0
4 31 0
0
-4 1
-4 2
-4 3
-69 3
35 -15 38 -45 -7 30 -48 -57 4 -25 -14 0
40 -46 19 -47 9 30 40 18 -19 -2 0
1 35 37 42 55 0
26 -53 38 -41 5 45 48 49 0
22 -23 -34 10 12 21 42 24 29 -55 48 -12 0
36 40 50 56 0
0
14 -17 -30 19 27 38 59 0
32 -2 26 28 44 -36 -58 0
35 38 50 53 60 0
37 -54 0
0
51 -25 -43 1 -10 22 -48 -14 46 -42 36 -14 -46 0
11 -2 9 26 -35 0
51 -57 -40 56 18 34 59 0
24 -7 9 20 47 50 0
39 -11 16 18 29 36 58 -27 -6 22 -42 -7 0
9 -40 36 -50 0
14 29 33 39 42 55 -6 -11 29 49 51 0
0
-53 2
-51 3
