7 19 35 48 -59 -43 0
9 -1 0
0
49 -4 -34 13 0
36 49 57 44 -40 0
28 -59 -17 46 -17 -59 2 -32 -27 19 40 52 0
21 53 0
7 38 56 43 45 18 47 58 42 -46 -57 0
7 -53 37 -39 -3 41 -11 -18 0
12 14 28 58 24 49 58 60 0
4 12 18 28 48 28 -31 -42 32 -28 -12 0
39 40 -38 0
34 -56 -32 0
2 -54 43 0
16 -36 -52 1 -12 -47 34 60 7 14 43 55 27 29 0
10 18 19 37 38 7 19 30 31 44 20 0
18 -6 -56 8 24 54 -36 2 23 28 46 14 38 45 0
24 -34 3 5 44 57 60 3 -47 -36 0
22 19 -5 51 -6 -60 0
34 -57 -45 20 -47 0
23 30 42 4 16 19 25 53 0
0
-5 1
-5 2
-5 3
-69 2
18 -47 0
44 -46 -7 6 -37 0
9 27 33 49 3 15 19 35 54 0
15 26 40 59 20 27 35 47 60 49 4 0
3 8 10 53 17 0
34 37 40 0
59 -13 41 0
26 56 59 2 30 35 0
0
21 31 36 17 37 20 -9 0
7 -22 -58 0
3 27 37 49 50 0
46 -7 4 13 23 25 30 -20 -5 0
13 32 46 59 9 23 27 29 0
45 -25 0
42 -50 10 10 46 51 56 0
51 -40 0
53 -55 0
33 -30 1 4 19 39 46 0
5 7 48 -34 -46 56 43 0
-56 2
-48 3
