4 -27 -26 10 22 25 31 0
19 33 -26 -41 16 -22 -18 0
0
21 -55 10 -5 -18 33 -52 26 -14 0
19 -6 0
25 -44 -60 19 22 37 48 54 17 45 50 54 0
20 1 -20 -60 0
17 -15 -1 0
39 56 0
2 14 18 57 12 -42 -32 15 32 46 47 60 7 20 45 47 0
13 -42 0
16 27 35 41 55 13 -39 0
25 -31 -24 9 39 11 23 25 33 9 12 31 53 7 7 32 56 0
10 17 -40 54 -11 0
47 -44 59 -53 7 -7 5 19 59 7 -25 -60 0
55 -57 -54 21 -3 -23 25 -60 -20 0
4 14 23 46 0
60 -47 -35 0
1 -49 -22 33 -47 0
26 32 36 57 36 17 20 58 40 -53 -53 0
8 -43 0
8 44 52 58 29 -18 34 -47 36 -55 -7 49 0
-2 1
-2 2
-2 3
0
3 57 60 0
9 -2 35 0
0
7 10 36 33 -15 18 -32 12 -34 -8 0
4 20 27 30 49 -52 -45 0
51 -50 59 -57 -11 4 -44 0
8 10 12 53 0
8 -27 -11 41 46 26 -57 -46 47 -45 -19 0
8 18 41 0
11 -48 -16 5 8 34 40 26 32 46 49 56 0
55 -28 -16 32 49 52 12 -39 -9 21 28 6 14 16 28 34 0
25 -13 -56 0
58 -54 27 -45 -57 30 -17 -54 6 -2 -57 1 21 25 48 0
15 22 27 8 -47 45 -60 -27 0
56 -21 45 49 20 36 58 0
19 23 26 35 0
0
14 42 19 29 38 5 20 53 57 0
15 29 36 41 50 0
-52 2
-50 3
