16 0
13 -34 0
3 46 51 22 -40 -29 12 -1 44 -4 0
40 -53 57 -24 -1 36 -56 -58 0
10 -48 -5 7 -25 -21 0
44 -44 52 -15 42 0
36 53 58 18 -54 -56 17 -24 -30 0
4 11 18 46 52 53 57 37 0
27 28 53 55 0
45 0
23 -31 10 14 20 45 19 -18 0
20 -42 26 -24 10 -17 -59 0
45 -34 0
29 59 59 -16 12 -47 4 11 14 24 58 8 21 38 47 49 0
7 30 36 51 7 8 36 53 55 0
10 10 19 34 27 -52 17 -56 -37 59 -5 -4 0
35 38 52 7 40 58 47 -36 10 21 0
42 -44 17 -18 0
15 32 -53 11 -2 -49 21 -40 -46 15 30 33 34 0
59 -58 -17 37 -30 -15 60 -21 16 32 43 0
15 -9 7 -1 -56 0
7 -40 -32 12 -25 51 -41 -57 20 -59 0
-2 1
-2 2
-2 3
-68 3
7 9 19 54 -12 10 13 17 20 33 7 14 22 28 58 0
59 -37 51 -49 -10 36 -28 29 0
49 -33 0
11 40 -52 -18 21 43 0
43 2 18 35 50 50 -28 47 -22 0
6 10 17 37 58 0
18 42 60 -58 -54 0
13 18 39 47 48 54 -14 -39 0
36 43 0
6 -10 0
41 -22 -26 41 -6 -25 48 -40 -11 0
0
19 -55 -41 16 26 37 41 25 34 47 54 0
14 -50 -34 0
28 48 50 51 57 30 60 25 38 52 53 1 12 12 18 45 0
23 27 53 7 28 48 26 36 47 0
5 11 34 -39 -52 53 0
36 -17 -19 0
2 -3 -11 11 45 17 51 0
37 -27 -52 13 24 25 31 52 57 -4 -39 2 25 41 -46 -41 0
-55 2
-47 3
