16 -24 -27 3 5 6 36 52 39 -52 8 -1 -23 7 -36 -51 0
55 -34 -17 20 50 0
45 -34 31 -25 -23 54 -16 -42 0
54 -58 -51 35 41 0
13 -26 0
8 -37 -10 0
45 56 5 -37 -59 14 -48 -5 59 -15 -13 42 48 0
3 10 27 37 19 26 40 44 56 0
13 22 35 37 53 22 32 52 55 35 -37 -53 0
58 -20 19 34 48 54 1 43 56 -53 17 20 37 0
44 36 -20 0
1 -37 0
18 -26 -18 47 -31 -23 45 51 57 13 -48 -39 0
9 26 28 40 57 11 -57 -20 0
3 -56 -54 29 0
29 -7 -2 8 -3 -52 0
0
59 -35 26 0
0
24 -59 -42 8 -3 -18 14 0
25 -36 -6 34 -28 -9 30 35 -46 39 -43 0
19 42 54 -51 -16 0
-2 1
-2 2
-2 3
49 -56 0
27 -37 29 -54 -46 48 11 15 22 53 56 0
20 28 48 51 58 0
49 -32 -15 0
5 -32 13 -37 4 -42 -59 0
25 -60 -51 3 12 13 14 14 32 -31 -57 0
46 -7 22 31 -42 -14 3 33 0
43 -27 -8 0
16 -45 1 5 9 17 42 23 -25 -53 0
7 47 0
43 0
24 -39 -56 0
52 -36 0
17 -9 34 -47 -39 6 48 0
10 -29 8 -8 0
29 -28 -19 0
15 -49 -22 0
42 -30 1 -56 -60 0
49 -11 11 -41 19 50 50 50 35 -41 -26 57 0
2 -29 0
-50 2
-49 3
