0
48 -57 -28 0
44 -26 -16 36 -45 -4 6 33 0
10 24 51 15 -29 41 -9 -49 19 37 0
23 -2 -41 21 -48 -23 16 -37 -28 53 -8 0
33 -7 -34 17 29 -60 -59 10 46 0
33 37 39 -49 -15 0
54 -45 6 37 47 0
32 -53 -8 0
3 53 41 -24 0
20 3 15 43 45 46 10 7 41 0
48 -25 0
22 26 41 25 -7 -31 0
8 35 4 6 25 52 0
2 28 43 0
23 -26 -14 18 -1 9 10 32 52 60 38 -9 -9 0
5 28 39 54 54 -1 36 -25 -10 0
5 6 29 39 51 24 -54 6 47 55 9 34 0
2 29 31 55 4 18 30 57 27 -17 -12 23 -13 -60 46 -36 0
38 -16 5 -50 0
7 14 43 23 -16 7 11 40 7 58 59 0
1 14 18 57 28 33 24 53 11 27 53 0
-11 1
-11 2
-11 3
32 39 53 17 44 60 23 -9 21 0
22 -6 56 -52 23 44 47 0
49 2 26 -24 0
7 -14 -27 13 -20 -33 34 48 -57 -26 0
57 56 -21 -14 0
22 30 53 8 -10 -53 8 16 25 28 54 0
38 -10 -23 6 -11 5 -27 0
17 27 30 47 0
21 -49 6 40 41 58 0
0
45 -2 -53 0
50 -29 0
24 6 19 32 37 41 35 -17 6 12 55 60 4 25 33 34 59 0
46 -46 3 -3 0
26 -6 -55 0
5 46 48 53 58 2 50 52 0
52 -9 -1 48 -59 13 38 0
31 -43 16 -41 -24 0
34 -8 32 -42 43 0
27 0
-52 2
-49 3
