39 -24 36 -30 6 29 49 53 0
16 5 40 46 0
51 -59 56 0
52 -31 -40 2 -9 39 -53 4 14 33 37 56 0
14 -58 12 59 55 -41 -59 19 41 53 -9 -34 0
50 28 33 39 54 2 -13 37 -9 -55 0
6 12 48 0
15 -20 -23 18 19 29 40 2 26 35 42 3 5 10 25 60 22 40 49 0
9 -53 -22 41 -9 -31 0
38 0
23 39 52 0
1 7 9 30 51 51 -31 -9 16 -45 0
32 -3 0
47 -3 45 14 36 51 59 15 32 59 0
12 -60 -38 11 -49 -32 20 33 44 48 53 4 -12 -52 53 -55 -39 0
0
43 -9 0
29 34 48 6 9 30 44 40 -19 -19 22 -20 29 -32 0
23 28 42 31 -10 -42 12 -13 -11 24 -20 -50 0
25 -5 -12 25 35 51 51 20 8 18 26 31 59 0
4 -35 30 -53 -42 8 16 25 30 0
4 10 40 59 60 2 5 32 41 0
-12 1
-12 2
-12 3
-68 2
40 -45 25 -5 0
52 39 -6 0
3 4 22 42 46 36 -43 -10 57 -56 -3 56 -30 0
8 -48 -43 24 -25 18 -25 0
23 -59 -30 7 -4 -28 0
12 24 39 46 47 4 5 20 23 49 37 0
23 -38 18 -33 -27 34 39 50 52 5 19 26 28 37 40 -15 0
12 12 30 10 -55 0
9 42 19 60 0
2 -38 -43 0
5 39 46 27 -46 0
2 13 31 -52 -38 59 -42 0
44 -28 11 0
24 24 42 -3 13 36 54 45 -21 20 26 0
5 10 24 51 58 -19 10 -12 42 -43 -14 0
7 -41 -13 53 60 0
9 21 39 39 10 57 58 0
58 -39 8 30 51 24 0
9 -31 0
14 36 38 40 46 22 31 17 36 54 13 -52 -45 0
-49 2
-52 3
