0
38 -34 56 -6 -55 18 -14 0
27 -52 22 -20 -7 46 0
16 -3 -48 10 11 14 31 39 0
0
27 -46 -27 0
13 -55 -44 37 39 51 34 -21 0
11 24 32 58 -12 -56 27 32 53 60 0
19 -33 53 -19 0
20 -5 60 32 -23 14 19 42 57 0
3 12 59 3 -19 -4 0
5 20 0
0
41 -18 0
25 -51 0
2 17 19 29 37 2 28 52 59 -29 -34 9 13 -31 -26 0
41 -59 29 49 22 -22 0
11 33 37 43 0
46 -24 20 -37 -5 8 32 37 14 26 35 39 56 47 -6 -47 0
0
18 -41 -24 43 0
32 41 49 56 -54 0
-2 1
-2 2
-2 3
-68 3
0
0
15 19 29 59 60 5 36 41 0
35 -6 0
16 17 32 40 49 0
23 -19 0
53 -37 -9 0
3 3 7 47 60 9 -39 23 -8 -18 1 28 35 3 11 13 16 40 0
41 -29 -30 4 18 24 60 43 -30 17 36 0
10 26 35 0
42 -53 23 -17 -39 0
40 43 0
45 -21 -46 2 -24 -24 12 19 24 15 -58 -23 17 -6 0
20 44 13 42 48 3 -60 -32 3 -9 24 -60 -35 0
22 26 29 35 54 10 -10 -40 0
13 28 43 45 0
2 -36 55 -37 -46 21 -17 -6 0
6 -3 3 19 24 41 0
22 -1 13 -45 -47 48 -8 53 -48 -8 0
9 -11 -44 9 -50 32 -35 51 -59 0
-54 2
-54 3
