5 5 12 39 60 39 11 17 30 0
4 -49 31 -9 21 49 53 35 -17 -21 0
15 24 40 57 26 -46 -33 58 -6 -5 12 19 27 41 39 -40 0
19 -35 18 33 35 27 -17 5 28 0
29 -3 0
26 -21 -13 34 4 38 48 57 35 -24 10 -37 -23 0
49 -5 38 -22 -37 18 -24 21 0
31 -24 -5 52 44 -41 3 -40 28 -18 -52 0
5 44 51 54 1 22 22 48 38 -10 52 -32 -29 4 45 0
57 -5 -6 0
0
0
32 -47 0
28 28 58 0
18 40 51 -7 -6 42 -35 0
38 -10 6 27 36 40 23 -27 -8 0
11 -16 0
36 -34 -37 19 -13 -33 4 49 0
6 52 3 6 16 40 0
32 -51 0
24 40 4 17 28 -5 -28 0
15 25 36 38 47 51 52 4 -28 -39 0
-2 1
-2 2
-2 3
-69 3
-67 2
42 -13 0
54 -2 -5 11 53 56 22 -7 -39 0
48 53 5 12 28 0
47 -1 -39 15 57 40 -23 1 58 0
6 24 29 45 0
1 19 8 31 33 0
7 30 37 54 10 0
56 -49 -49 45 -14 -34 34 -14 -6 0
15 39 50 0
50 6 -32 -56 13 29 37 56 0
5 -33 -7 36 -14 3 -57 0
21 34 25 -21 0
30 -56 -49 6 11 40 43 52 11 22 28 51 0
11 -47 26 -12 -22 9 -40 52 -27 0
35 -36 11 -43 -29 0
42 27 -32 3 23 26 39 48 16 30 32 50 0
3 8 14 42 55 0
29 -9 -1 0
1 -16 -42 13 -30 0
16 43 24 -43 -17 0
-2 2
-2 3
