36 -3 -25 0
15 -38 -25 0
50 -25 17 -42 0
36 -28 0
21 29 -12 -11 28 52 0
38 -14 18 -53 13 45 60 -39 -22 0
7 21 0
5 -7 -42 7 -27 42 -55 0
13 -60 15 56 33 -7 11 -26 0
48 0
21 -16 0
7 -45 -15 0
9 -10 -24 58 -47 0
0
26 0
22 24 49 59 3 17 25 26 57 0
2 3 27 55 0
59 -54 -43 2 18 30 0
60 -45 -49 12 52 59 22 25 34 34 0
4 5 26 38 47 43 -15 0
15 -4 -31 13 0
13 -57 8 -25 -2 9 -49 -5 46 -50 -7 0
-2 1
-2 2
-2 3
9 23 43 47 52 6 -25 11 31 32 0
20 -23 0
7 -8 -51 30 33 51 50 0
30 -57 -15 6 14 24 29 22 -30 0
18 40 53 0
58 57 -50 53 -43 30 -43 -54 60 -42 0
54 -11 0
55 -10 -11 0
57 -8 35 51 58 58 -38 -19 44 -38 -55 0
1 35 15 -24 -37 0
52 20 -17 -60 0
59 -54 -59 0
59 -7 12 -52 17 44 52 0
23 30 2 15 43 52 14 -38 0
6 17 32 53 4 13 39 41 59 21 -11 15 31 33 0
10 28 29 39 0
1 20 16 -46 -41 5 -30 -25 13 -38 -19 0
26 32 34 47 50 0
18 36 39 44 44 -55 3 24 45 49 53 28 -54 -32 3 20 30 31 47 0
4 4 19 28 0
-7 2
-7 3
