53 -1 -49 4 -41 -20 25 42 50 59 16 -8 -28 11 12 40 41 0
11 18 27 43 43 -14 -23 56 -4 0
15 33 34 60 35 -40 -42 7 -29 -48 0
22 -58 -28 37 46 60 0
1 33 38 47 49 -12 -33 4 10 12 42 0
31 31 47 40 -51 4 16 25 32 50 -15 14 -14 0
57 -6 -34 60 -37 0
30 -24 -1 4 28 0
27 -24 -55 16 -16 -38 47 -34 -1 6 23 23 50 0
6 -51 27 -54 37 -26 -21 0
31 35 39 52 53 -28 -53 0
40 -60 51 -6 0
6 7 35 46 52 45 -9 -50 0
40 57 24 26 0
19 47 57 3 33 43 58 23 -6 37 57 0
36 0
52 -27 52 -21 -36 0
46 -55 -11 6 27 51 24 -7 0
9 0
22 42 46 4 6 22 30 56 0
26 -19 42 50 55 59 32 0
42 -30 0
-2 1
-2 2
-2 3
-69 2
59 -53 -6 25 0
3 -5 -58 0
0
32 -12 19 25 38 -15 -18 0
15 -27 4 -27 -40 3 5 50 55 56 0
10 -21 54 -35 30 34 53 60 49 -28 -55 0
54 -26 -5 47 -3 -28 0
28 -59 0
0
20 -23 -3 27 -19 -8 55 -48 7 -32 15 -19 -47 0
2 9 19 41 2 58 25 -15 -8 31 -47 -37 0
49 -49 18 21 52 11 15 0
14 -39 -17 0
26 35 15 -8 36 8 -14 0
15 27 31 38 0
3 -40 -42 50 -50 -23 1 43 44 60 17 22 33 47 0
0
40 -39 -19 10 11 21 39 42 15 -19 -21 33 34 47 0
11 -36 55 -6 -39 41 -22 -4 0
11 -20 52 -14 24 0
-19 2
-19 3
