41 -45 -14 2 5 11 17 21 0
14 -51 -34 8 27 48 40 -57 48 -20 -33 0
24 -13 24 60 0
9 23 38 49 56 36 50 22 -9 -21 54 1 18 33 0
0
12 -21 0
10 34 49 52 0
60 -7 -44 33 -29 22 46 50 60 5 32 36 39 53 5 -3 -25 0
2 -41 0
51 -26 -59 15 -4 -40 0
44 46 47 42 57 37 -20 0
58 59 -59 -55 42 44 58 21 27 45 0
26 -18 -43 0
14 21 31 39 10 10 19 23 40 13 20 29 46 51 0
17 28 57 0
10 11 13 15 22 29 0
41 42 52 55 28 -27 57 -40 28 30 42 46 56 15 18 36 51 0
22 -51 50 -16 -33 3 22 38 -48 -17 0
6 -49 -2 4 -43 -42 25 -27 16 46 0
41 -16 -2 1 23 52 53 58 -42 -42 51 -21 0
38 -39 21 23 36 36 38 32 56 -13 12 12 16 50 60 0
34 -27 13 59 0
-5 1
-5 2
-5 3
4 17 27 37 56 25 -8 -9 24 0
58 -49 13 31 13 29 30 38 52 2 8 16 0
32 45 50 58 27 -40 29 -9 -12 11 43 52 54 55 0
7 14 27 52 57 19 22 45 49 51 13 -25 9 30 0
16 -59 0
35 0
13 -45 0
43 -55 2 18 1 4 51 53 0
13 -54 -7 45 -29 -25 18 19 46 57 12 0
22 -58 4 -30 0
42 -16 39 -42 0
36 41 0
2 -50 -8 1 -35 53 -8 0
24 28 34 43 44 23 -29 1 22 36 44 52 0
27 37 59 59 25 -11 7 34 57 57 0
11 -48 -43 36 -11 3 -37 0
26 -49 -46 4 43 57 0
7 -33 -58 52 -6 -16 6 7 12 41 53 15 36 40 0
52 56 21 -32 0
10 18 22 26 33 0
-50 2
-55 3
