7 27 31 31 33 2 5 27 46 3 -1 0
27 0
19 21 23 48 59 0
56 -50 11 19 49 49 56 57 -35 0
41 -40 -58 8 20 25 38 33 -14 -30 0
44 -27 33 -25 37 -44 5 14 30 40 0
55 -15 -32 52 -33 -32 0
7 20 47 55 0
59 -27 -53 41 -23 -5 49 -41 -25 0
14 16 0
41 -16 -36 42 -23 8 47 21 -58 -38 0
56 37 -24 -53 0
14 33 36 47 0
35 -3 -27 45 -48 -49 0
32 -11 47 -34 0
31 41 0
46 -45 31 -36 -57 20 -22 -49 15 16 31 39 54 0
42 -5 -56 26 -28 0
37 -23 4 31 50 51 23 27 40 47 0
53 -8 47 -37 -30 0
32 -7 5 45 57 45 -2 0
43 -35 12 -6 -38 50 -31 5 7 22 24 0
-2 1
-2 2
-2 3
11 12 27 0
16 18 27 39 53 10 11 42 43 4 -37 -2 0
17 -30 15 31 16 -37 0
40 -46 14 16 18 24 44 50 -49 -1 1 -9 -46 0
20 -12 18 -39 -47 0
28 -46 -44 3 19 22 35 59 43 -26 -42 22 -60 0
30 0
3 31 47 49 56 20 28 31 55 1 0
3 13 44 44 44 10 21 29 50 37 46 60 0
12 -59 -42 35 -33 -56 0
5 31 42 3 29 35 47 57 -8 -57 10 -8 0
59 -48 40 -37 0
3 4 29 34 10 -7 24 32 35 44 56 37 0
11 44 0
16 -6 -25 0
28 -23 35 -46 -28 38 -16 -53 49 -50 13 0
0
0
7 10 21 34 38 0
21 -58 -4 49 26 -21 -35 39 -50 -45 0
-55 2
-54 3
