24 30 41 0
15 38 50 57 0
10 12 60 0
24 -48 -59 24 25 0
31 33 35 0
52 -5 -30 15 51 52 12 -42 -57 0
41 0
8 32 0
29 -44 0
26 30 10 -59 -5 1 11 18 53 57 22 -10 -28 0
30 -9 -4 28 -1 0
56 -24 -45 0
23 36 60 -29 14 -41 44 -34 -11 7 10 22 0
15 16 21 22 31 0
47 -57 0
11 -12 13 14 23 44 48 9 42 50 57 26 37 11 11 17 17 45 0
52 -56 -56 53 4 -37 -58 14 31 58 30 -6 0
8 35 48 48 49 54 -9 -33 48 -38 -46 0
30 58 9 16 21 55 5 13 38 35 -56 7 53 0
15 58 30 -2 21 -41 -9 35 -44 0
51 -27 3 6 17 25 0
57 -22 -34 0
-2 1
-2 2
-2 3
-67 2
29 -51 54 -60 0
25 -17 -27 27 38 42 60 16 -60 0
9 18 29 35 7 13 25 43 52 -18 26 -15 0
24 -40 42 -20 31 56 4 -38 5 -55 -12 0
28 -11 53 -28 52 -32 -24 28 43 16 -59 0
49 60 -46 15 26 35 39 56 14 23 60 0
50 -10 -13 47 52 58 0
21 -28 6 -37 -26 42 0
37 -44 -57 0
39 12 -54 58 -7 5 -5 -45 0
24 45 35 40 16 -59 7 -37 -25 0
41 5 -33 11 -25 0
42 -34 0
20 35 45 0
38 -56 -52 44 -8 56 -13 -57 40 -56 21 30 0
6 14 25 47 54 0
12 20 51 54 0
30 -41 0
8 18 34 44 0
14 35 48 54 -14 4 12 21 27 39 0
-2 2
-2 3
