10 55 34 -51 -46 8 12 37 55 56 26 40 43 3 -2 0
8 -21 -29 4 -53 -20 56 -49 -42 50 -30 -50 7 10 27 51 54 0
3 22 45 -19 0
1 22 24 27 9 -47 3 6 38 47 3 14 52 45 52 0
49 -36 0
46 -60 0
2 -43 51 -24 0
55 -36 -14 14 -56 -39 0
30 20 57 59 50 -4 0
46 -36 26 45 -21 -8 0
52 -26 0
0
18 -21 4 18 34 51 0
2 -60 36 38 47 54 57 -54 -13 58 0
1 18 35 42 45 7 22 43 5 17 20 42 56 3 14 20 0
16 -24 -45 8 23 56 26 32 39 57 22 -20 0
43 -40 -34 30 57 17 22 33 37 49 48 -1 -22 0
6 20 8 16 17 46 51 4 9 21 42 47 5 6 10 12 35 0
3 3 52 23 23 32 36 37 7 10 40 11 0
0
18 24 31 38 49 1 3 46 54 58 17 30 37 32 -48 -28 0
6 -38 -39 0
-27 1
-27 2
-27 3
16 -13 31 -49 0
7 8 11 2 -46 0
6 15 20 51 60 44 52 55 0
10 19 28 45 57 35 -38 0
36 -60 -19 50 56 0
21 22 24 27 23 -57 -25 0
39 50 -31 -60 27 32 37 20 -46 -56 30 -11 0
33 -27 -24 17 -31 38 -13 12 16 34 42 45 0
22 29 45 48 49 42 -10 -20 0
37 47 -48 -7 9 15 24 29 57 10 13 18 24 15 -26 0
2 6 14 16 60 0
15 27 54 0
21 -22 0
41 -20 -37 51 -30 -56 8 52 4 50 -15 -57 0
0
13 -38 0
22 -26 -16 0
8 -59 -12 40 -38 10 23 41 0
43 -43 -15 44 -35 -60 0
36 41 -47 -19 5 21 43 60 0
-52 2
-50 3
