11 18 27 34 56 14 39 46 31 -20 17 -57 -40 35 -30 -16 0
27 -55 1 28 18 -47 -15 0
2 -17 18 -27 1 17 25 0
47 -51 -38 14 -47 -7 12 52 21 -30 0
6 11 12 19 53 39 -16 10 14 18 48 0
17 -59 -41 13 15 27 33 50 4 5 9 19 60 45 -39 32 -10 -26 0
31 33 48 55 56 -38 -14 0
28 -36 3 0
37 -56 9 13 15 24 41 18 59 -24 60 -7 0
46 -32 -43 27 50 53 55 0
10 -39 0
16 20 23 47 0
19 34 46 0
54 -50 0
56 -34 -44 29 -8 -56 1 -24 0
5 15 27 38 56 24 6 0
2 8 46 0
3 -54 1 9 11 48 10 44 50 55 58 46 -38 0
7 -50 -23 48 -1 0
9 16 28 30 52 35 -44 6 -36 1 26 0
10 17 34 38 42 46 17 -15 -21 48 -1 7 -59 0
14 15 39 43 60 51 -29 45 -18 34 56 0
-21 1
-21 2
-21 3
-66 3
3 -47 1 -55 0
2 -6 9 24 29 41 57 41 -46 0
58 44 -16 -19 4 55 34 -41 -55 1 -36 0
11 -31 29 -51 -24 4 11 19 0
2 52 53 8 38 42 56 5 20 22 0
38 44 50 50 0
60 -34 0
35 -20 6 -60 0
29 56 0
0
10 14 38 45 58 -15 -57 14 -40 -41 43 46 52 22 -25 0
25 -13 -35 37 -41 39 39 40 50 58 0
21 35 38 55 12 14 31 49 54 7 29 41 47 50 0
13 30 46 50 52 19 -36 -38 34 -28 0
15 29 49 58 45 -42 0
16 48 0
11 -20 -39 52 -37 -3 7 44 49 59 31 34 -51 -32 0
44 -18 -22 57 36 -29 -20 0
20 -20 -46 14 -34 -19 0
42 -52 -40 24 24 0
-49 2
-48 3
