15 22 16 -56 34 -52 -55 0
0
17 -40 52 -20 -28 0
28 36 38 45 38 11 47 48 3 43 53 0
43 -51 36 -19 22 25 31 35 41 -60 0
33 -25 5 19 58 32 -14 9 16 0
11 -36 -11 0
49 -24 -19 0
22 -26 12 12 21 44 32 -29 -54 0
17 27 0
6 40 53 28 44 52 19 -10 -20 47 -38 6 14 15 41 50 0
1 -32 0
10 35 35 52 0
52 55 57 44 -47 -14 0
2 34 0
49 -11 43 -15 0
0
10 11 19 34 52 34 46 60 5 53 49 -40 -49 0
35 -49 26 35 48 38 -26 -37 7 13 20 41 49 0
0
19 0
52 9 0
-3 1
-3 2
-3 3
1 -42 -23 58 -15 23 -22 -41 0
21 47 47 -39 0
20 -10 0
42 -40 0
14 58 23 -48 -44 0
5 -3 54 -57 -19 10 -15 15 39 -26 0
27 -56 -46 27 48 59 0
25 35 41 44 58 0
7 30 32 38 57 45 -5 30 58 0
3 11 16 48 47 -15 0
34 51 56 57 5 19 48 52 57 54 -55 -47 0
54 -58 -49 0
29 -54 -28 0
7 -15 18 -39 -36 40 59 0
14 36 43 44 45 20 28 57 8 12 52 0
2 4 18 31 53 5 33 54 14 -28 0
11 -4 0
34 43 -22 25 -31 0
52 50 -20 4 25 25 0
8 38 32 -54 17 -2 -39 0
-23 2
-23 3
