49 0
29 -9 -57 17 41 59 16 -58 0
18 -55 -34 45 -43 38 -46 23 30 59 30 -1 0
12 -59 0
22 -54 -5 21 48 50 4 10 0
43 -56 57 -9 27 -43 50 -43 5 -49 0
11 -1 52 -13 18 21 23 32 35 6 27 12 -31 -20 0
30 -18 -43 11 -6 -60 0
21 -2 -15 13 19 41 51 23 -36 10 37 57 0
6 17 29 25 -31 -52 0
22 0
2 29 35 5 17 25 42 1 12 30 40 48 52 0
20 24 5 28 36 58 7 40 46 51 59 8 -58 32 -11 -47 0
41 -59 -32 46 51 1 56 30 56 0
22 -20 17 -50 4 14 32 57 8 -59 7 -33 0
18 58 60 10 13 18 55 59 22 -10 -21 9 10 0
28 -52 4 8 16 59 0
0
9 -16 44 54 37 -17 -28 0
31 38 0
4 -56 11 24 54 55 0
39 -30 1 -30 -43 33 -31 -27 27 -17 -20 7 0
-2 1
-2 2
-2 3
23 2 8 35 37 55 49 18 30 0
53 -22 -33 32 0
14 -51 -53 19 56 37 -25 -28 0
53 -3 40 -50 -39 25 -19 -56 0
9 14 30 53 0
39 -14 -27 30 -10 0
15 19 42 47 59 9 -17 -19 0
26 33 40 -4 -43 0
34 47 -51 -31 49 -15 -42 7 42 48 51 0
2 -59 51 -24 -21 2 56 0
14 19 20 32 -58 -58 3 32 46 1 5 11 37 54 0
12 32 33 44 53 22 -1 3 -57 0
43 11 44 22 -31 -31 53 -10 -37 0
15 -5 0
10 17 34 26 31 36 40 0
13 58 33 -14 0
5 -4 -12 0
11 34 -55 47 -54 57 -27 -7 0
25 26 46 47 -54 0
20 28 55 25 -44 -24 0
-53 2
-54 3
