17 23 25 44 15 26 46 50 16 60 -30 -29 0
5 -32 23 -60 -44 0
14 -43 -16 30 -42 0
12 -48 -53 38 -17 -20 17 -7 0
0
50 53 -36 -51 16 -47 0
32 57 12 17 40 -2 -10 0
7 -47 0
23 23 32 -10 34 -23 0
19 30 31 35 37 0
44 48 10 -26 0
55 -38 -23 0
38 -19 -35 24 56 -40 0
19 -57 -43 26 42 42 54 0
14 -46 -46 0
42 -22 -7 39 -32 -4 0
46 -10 -24 16 49 56 59 60 42 0
58 -12 31 -7 -40 0
30 0
48 -10 52 -46 -3 0
45 -56 -34 0
41 -34 0
-2 1
-2 2
-2 3
-68 3
5 24 12 -10 -15 47 -4 0
51 59 19 -2 0
11 -22 -43 6 -50 58 -19 -28 5 12 50 0
49 -15 -40 56 -26 0
29 -2 37 -51 15 -26 0
19 -32 30 35 48 52 56 38 -31 12 13 25 34 39 0
36 -36 0
8 10 26 22 -30 -26 54 -23 -25 45 -47 -58 50 -21 0
2 44 45 12 16 39 43 15 34 52 55 53 -18 0
60 -28 -11 47 -27 -22 50 50 1 2 0
21 -16 12 -21 19 20 37 49 53 48 -29 22 -24 0
35 -33 -25 6 54 5 -26 -44 0
12 21 38 56 47 -32 -32 26 -29 20 -19 13 -8 -32 0
49 2 42 4 7 31 32 37 13 -47 -17 0
28 -44 11 -31 -4 0
30 -39 1 35 54 46 30 -31 -1 0
36 -53 14 36 42 44 5 14 14 33 38 58 0
17 -38 -29 23 -1 -36 20 -47 0
1 -42 -55 9 -45 2 5 39 50 52 0
36 -49 0
-2 2
-2 3
