10 25 27 46 0
37 6 -53 -50 29 -19 -12 18 -1 -3 16 -3 -22 0
12 -58 -15 0
29 -16 0
47 -44 54 -34 22 -39 27 -35 15 0
54 4 -44 -16 30 -10 -42 0
18 -44 -39 41 -20 0
11 11 0
50 0
52 -6 57 -45 -41 3 4 49 59 16 -26 -47 0
54 -54 -17 2 34 58 27 -11 -4 0
15 20 22 48 0
28 43 48 57 21 -58 -25 0
31 -41 6 21 23 29 22 -38 36 -46 -18 38 -58 0
35 -54 -19 0
9 -60 0
54 -2 0
7 -16 -8 0
12 16 47 20 22 40 44 49 0
6 18 26 31 42 44 0
49 -23 9 32 45 11 30 42 45 56 0
8 39 40 24 -11 54 -20 -53 43 -54 -9 3 18 47 55 0
-2 1
-2 2
-2 3
25 -42 -53 0
0
52 -5 -26 8 11 13 40 49 25 28 0
2 13 11 -37 0
17 -41 -24 2 -25 -39 41 -3 54 -32 0
0
14 30 38 0
7 34 30 -51 -58 4 30 6 6 26 0
9 27 27 4 21 25 46 32 -19 4 -24 0
37 9 19 42 27 -34 0
8 12 25 45 57 16 17 25 31 42 11 -50 60 -7 4 0
5 1 20 46 0
40 -5 38 -12 11 -49 -58 1 -6 -59 0
16 30 21 47 0
2 30 32 54 55 20 37 0
25 52 57 0
21 -1 -4 27 -59 -10 0
33 41 50 53 22 28 46 11 16 24 40 60 0
21 46 54 54 59 12 -29 -42 2 -57 -9 36 -48 -32 0
36 -19 45 -60 18 -47 -14 0
-48 2
-50 3
