37 -16 4 51 51 0
45 -35 -11 0
57 -18 -29 0
20 26 35 52 -13 -8 0
2 8 14 53 45 -41 -30 0
4 -58 -4 53 -54 -28 16 18 54 13 0
15 -58 -50 22 -57 0
35 -37 59 -52 14 25 36 37 55 12 -59 -33 11 -11 0
10 10 53 0
22 -9 26 -52 -38 0
12 19 24 26 60 8 27 33 40 50 45 -23 10 27 31 34 0
19 -38 43 18 40 53 -35 0
2 -38 -15 0
45 -13 -46 56 -46 7 10 11 14 36 42 -30 10 -49 0
38 -60 -3 45 -47 0
0
8 -46 -47 22 -17 52 -42 -7 40 -32 0
29 -4 -3 0
33 -13 57 -57 10 38 50 10 11 0
22 -58 17 18 27 45 0
6 21 33 49 55 20 -21 11 -46 -26 60 0
13 -18 42 -34 -4 20 -35 0
-2 1
-2 2
-2 3
3 -47 23 24 43 60 5 48 51 51 0
12 28 29 50 52 2 17 38 20 -31 -41 0
1 3 41 54 3 24 54 6 -9 -57 0
26 -40 57 -21 0
14 -58 -6 48 -46 -11 0
19 -51 -14 53 -11 39 -11 8 25 26 36 0
3 -24 6 -20 27 47 0
0
50 -9 22 32 -53 15 42 44 0
40 -17 -53 2 13 22 49 36 0
1 -9 55 18 14 28 0
16 32 35 8 13 49 57 59 0
3 56 0
0
53 -32 -56 0
44 -55 7 8 23 48 53 0
18 -51 0
10 32 41 5 -58 6 49 54 0
20 24 39 53 43 -43 -38 16 -23 -53 0
9 10 22 47 0
-29 2
-29 3
