15 54 60 4 17 24 31 38 45 52 0
15 -34 32 -13 -53 0
31 47 48 49 59 21 32 17 18 52 29 56 0
24 60 0
13 34 50 -50 -19 0
56 -36 50 -59 -51 0
14 -14 5 -25 22 11 -57 0
49 -46 -30 56 -36 0
44 -13 -6 0
10 20 21 30 48 32 0
9 34 50 0
35 5 25 52 48 -11 0
12 -52 40 -34 -60 39 41 60 51 -15 -57 0
42 -20 -23 0
38 -43 -4 35 -36 7 29 49 52 -48 56 -2 0
29 -60 10 12 16 20 32 34 59 0
22 -38 28 -23 -19 3 -26 -24 22 -59 55 -30 0
23 30 57 23 -8 -57 29 38 45 53 59 0
11 -48 32 -31 -1 54 -16 -3 21 -48 12 48 51 60 0
44 -22 36 -18 -58 39 -14 0
7 -51 20 26 50 53 57 34 -15 -51 0
31 -60 -7 10 22 31 50 0
-2 1
-2 2
-2 3
-68 2
1 53 6 -13 0
5 -42 17 29 0
2 12 38 47 51 60 50 -33 0
19 20 49 0
13 22 31 -27 0
19 -59 0
11 22 23 30 19 15 -23 -45 31 0
12 -58 -43 54 50 -17 -33 1 0
24 -53 0
44 -3 37 -58 -19 2 21 27 41 0
6 15 36 57 0
3 44 -30 -8 13 16 54 0
33 53 8 23 56 59 60 59 -35 -22 19 -10 25 -43 -1 0
15 15 0
12 17 48 21 -53 12 -2 -20 37 -11 -42 0
18 -39 56 -39 0
24 30 3 33 55 3 -12 -4 50 -49 11 26 28 30 0
20 59 8 28 28 37 40 38 -59 0
17 -28 50 -35 52 -23 -39 0
58 -12 -42 53 -14 -5 32 41 49 57 20 -59 0
-42 2
-42 3
