9 -41 36 0
14 -21 -3 40 29 34 38 0
42 -46 -37 51 -55 -23 0
5 13 37 47 58 41 60 0
22 29 0
1 59 2 -7 0
48 -34 -12 26 47 59 33 -13 38 54 57 60 44 -51 -24 0
27 35 40 48 -4 23 -14 14 24 28 45 0
11 15 25 33 48 26 32 48 51 36 -33 -6 56 -10 -47 37 -46 -41 0
22 22 43 54 56 40 -7 -11 9 57 57 19 -6 -21 26 -53 0
55 -18 24 -16 16 26 51 0
2 5 37 45 52 0
2 -31 -15 50 -58 34 -56 -52 0
37 -6 -52 15 -32 34 -1 28 -20 -28 1 25 25 35 40 0
12 53 0
1 2 14 31 -28 0
0
20 -41 6 -18 0
0
47 -14 -8 23 24 36 0
6 -3 -24 0
3 11 12 33 46 9 25 27 16 26 44 46 49 0
-3 1
-3 2
-3 3
21 25 31 33 46 21 35 44 59 4 20 55 60 23 10 -28 -31 0
46 -16 5 14 15 46 48 52 -20 5 20 50 54 0
1 24 28 40 0
4 16 -32 26 -40 17 -27 0
47 -60 -54 39 54 39 -7 0
18 -1 20 27 48 56 -44 0
2 3 18 38 54 5 17 35 37 47 56 -44 57 24 31 0
35 -17 2 26 44 36 -37 -29 14 17 29 48 53 60 0
10 24 27 13 -18 -51 0
32 -18 38 40 51 29 29 38 59 -40 -4 4 0
0
45 47 47 56 11 31 0
7 -7 20 45 27 51 55 24 0
2 13 46 56 60 0
17 -22 20 -25 -38 0
60 -4 0
7 19 43 46 0
45 0
44 -15 -7 0
47 53 33 -31 10 0
-7 2
-7 3
