59 -35 16 -29 0
57 -48 -43 3 6 34 45 10 28 40 23 36 42 0
11 20 26 44 56 9 -45 -9 12 -17 -23 15 -57 5 0
4 10 44 -34 -55 18 31 55 60 0
6 0
27 34 33 -60 -54 0
28 -30 -22 26 41 -57 28 39 0
59 -12 -9 18 48 51 1 11 46 53 60 0
20 29 52 19 -35 55 -46 -34 2 10 13 24 0
0
19 -13 -32 0
2 7 12 24 0
22 -46 -52 21 -4 15 0
39 40 47 29 -43 -1 51 -37 -31 44 -18 -18 0
20 -40 -20 7 21 33 47 50 47 50 58 -24 24 -15 -3 0
31 0
44 -34 13 54 58 1 -23 -32 0
45 -37 56 -33 -28 26 0
46 -7 0
10 27 53 29 50 -52 -9 18 -11 28 0
54 -56 -5 0
22 47 56 4 18 26 51 60 15 18 60 6 32 60 1 0
-7 1
-7 2
-7 3
-69 2
57 -4 -36 14 -41 10 9 46 58 0
0
46 14 37 2 5 56 36 49 60 60 20 -40 -14 0
32 39 55 0
23 32 38 39 46 10 -17 -56 23 -9 0
11 13 14 22 29 42 -54 -24 0
21 -23 -9 0
1 -3 -8 2 8 27 51 15 21 43 42 -10 0
3 6 28 46 21 -40 28 -57 -47 0
7 19 30 31 10 -48 -3 8 16 18 24 34 23 39 45 38 -39 -39 0
47 -27 -52 0
0
46 -20 -50 24 34 51 58 -53 -39 0
51 -25 -33 59 -35 -49 0
37 51 2 -33 12 15 27 36 49 0
7 10 34 -20 46 0
60 -51 -45 18 -21 -34 37 52 26 -38 29 -46 0
0
60 -45 -49 21 15 53 56 0
18 -37 0
-16 2
-16 3
