8 11 28 29 28 0
11 29 43 53 56 20 46 51 1 -6 -54 34 56 58 0
17 31 33 34 38 42 -24 44 -37 -20 0
5 -46 -21 8 -11 49 -41 -35 0
19 -52 54 -34 -58 37 -7 41 -19 0
22 0
7 10 45 15 -41 0
57 -50 49 -40 0
41 -5 35 -25 0
45 54 38 -7 0
10 14 20 20 56 0
0
41 58 18 0
4 25 46 57 60 8 -19 12 22 51 54 14 30 42 43 49 54 0
59 19 29 38 43 33 -37 16 23 34 46 0
33 28 47 2 -13 -14 0
50 0
11 18 31 36 58 0
25 -47 0
33 -31 -19 4 28 33 1 20 52 19 38 53 0
9 33 44 51 8 12 16 38 18 -57 -53 44 -50 -40 0
25 49 53 17 28 34 45 -25 0
-2 1
-2 2
-2 3
24 0
38 -12 -58 35 38 0
0
33 -56 -33 0
13 -6 0
31 40 0
9 25 31 53 56 0
36 0
8 10 23 37 45 37 -17 -21 0
59 -27 0
21 52 58 -57 0
9 22 41 4 23 31 38 56 0
47 -59 28 56 52 -23 0
1 29 33 33 58 55 -39 -13 41 -35 -42 2 8 25 32 0
1 -28 0
49 -50 0
6 8 46 57 58 5 21 25 31 0
13 16 51 15 22 26 0
59 0
41 -59 -2 0
-2 2
-2 3
