0
54 -4 8 15 22 15 -34 8 12 32 39 43 21 -54 0
36 32 36 60 2 -53 -46 0
0
11 -33 -5 14 -41 -44 38 -16 -2 23 24 40 42 0
39 40 36 -47 0
3 4 9 19 38 0
19 -16 52 -15 -53 11 13 29 50 0
2 29 34 60 46 -12 -46 12 -28 -55 32 -19 -53 0
52 -49 -21 0
26 0
10 -37 -30 49 37 -18 0
50 -16 2 -56 2 -17 -3 22 -32 0
18 21 29 51 52 0
13 41 42 -38 -45 47 -20 2 11 17 39 0
21 14 25 29 30 40 -52 -8 5 -36 -48 0
46 -25 4 16 29 32 46 15 -39 -59 0
24 -56 -11 54 -41 0
30 -14 17 40 42 55 1 45 54 12 -14 -38 0
11 -20 1 21 26 46 50 0
49 -22 0
54 59 13 -49 52 -23 5 14 19 41 57 10 18 30 0
-5 1
-5 2
-5 3
-68 3
-66 2
24 31 47 55 58 0
8 36 -40 -60 29 8 27 43 60 0
36 45 51 54 54 17 -40 -55 52 -18 -30 0
18 57 37 20 -50 -43 4 -25 35 -27 -34 0
22 22 40 49 24 31 0
45 -22 3 0
37 -20 -6 34 -32 -46 29 -43 -31 0
9 -44 0
9 -26 -23 1 -57 6 20 57 7 -60 0
13 15 30 36 41 0
17 16 24 36 21 25 44 51 0
23 -16 0
40 49 50 0
11 -1 0
26 42 45 12 49 58 60 7 18 57 58 0
16 19 53 57 25 41 56 12 -39 0
26 40 -35 8 31 35 31 49 0
21 25 25 47 50 57 -5 0
38 40 30 -57 55 30 -40 -12 0
3 -44 -15 21 -4 -1 13 -27 14 -6 0
-48 2
-53 3
