26 29 44 51 0
10 -59 0
2 11 21 44 55 0
49 -8 17 -26 -31 2 -7 44 -6 -10 0
56 -42 -39 0
2 9 53 59 13 -15 20 -3 0
11 -39 6 7 25 29 12 -5 12 0
45 -45 0
11 -56 8 -4 0
5 -46 -56 16 -9 16 56 0
0
22 34 35 -33 16 -14 -30 59 -31 -55 0
47 0
15 -54 53 -14 0
2 19 33 23 30 -13 0
59 -21 -60 0
51 -18 0
8 31 40 43 52 49 -10 0
3 23 0
38 -10 0
7 -19 8 -52 -43 0
10 -30 -15 0
-2 1
-2 2
-2 3
-66 2
12 17 35 37 38 26 -6 0
20 -18 5 -49 -25 56 -60 -26 35 -36 9 -28 -31 0
18 28 35 43 0
12 -46 -59 54 -33 29 42 48 49 3 -27 -34 26 33 39 0
41 -51 30 -15 19 56 0
30 46 52 27 33 36 -2 -31 0
56 59 31 -6 0
3 -3 -50 53 -51 -55 21 23 31 56 9 49 50 54 10 16 25 36 58 0
21 -11 29 -23 35 -15 -9 14 37 38 39 21 21 30 33 55 0
35 -52 -25 37 -23 -47 0
9 20 52 7 23 0
39 -16 0
51 -48 -30 0
14 17 20 24 42 20 -24 -43 0
52 24 -37 0
22 47 57 56 -36 -55 55 -11 -14 0
6 -48 -22 40 -48 0
21 48 55 10 26 28 38 44 20 -21 -39 0
4 7 10 33 0
7 -22 -41 9 32 41 59 -32 26 -27 0
-2 2
-2 3
