26 28 39 44 48 5 31 32 50 13 30 47 1 25 29 33 21 -53 -11 0
15 -23 -47 35 59 0
42 -59 -26 9 31 0
4 14 31 59 58 -34 27 -38 12 36 42 0
58 -4 0
23 -1 -49 0
12 -49 31 -10 48 -57 16 36 0
54 -27 47 -35 -4 0
6 13 15 28 0
25 43 45 47 60 40 43 -38 -48 10 16 7 23 45 0
29 -30 -6 6 14 26 55 58 55 -14 -10 11 -33 20 -9 -48 0
41 -55 49 -49 14 -54 0
38 -32 -19 54 0
4 8 21 -33 45 49 0
0
7 -54 -28 7 40 43 48 -18 8 28 34 0
29 -38 36 -28 -47 0
0
17 20 28 37 56 0
29 30 33 48 44 0
12 13 1 -27 0
43 -16 -18 0
-2 1
-2 2
-2 3
38 39 45 50 39 -33 -30 0
16 16 29 49 55 57 26 -7 -31 49 -60 0
4 -42 0
22 28 43 16 16 27 35 58 0
45 -2 56 -40 -45 0
8 -40 -55 0
11 14 0
0
17 26 45 6 -13 21 28 0
32 -5 20 -25 -58 58 -20 -3 13 -22 -6 42 -49 0
35 13 -43 -41 5 36 47 0
7 27 40 42 0
16 -2 2 -56 -29 13 -49 -8 17 25 29 0
30 -8 -1 9 58 51 -34 1 -32 -16 24 0
31 -18 13 -57 60 -55 -28 5 -52 0
7 25 36 37 0
27 -18 -32 35 -20 19 -51 0
25 -43 21 55 7 21 48 0
11 33 45 60 -40 -49 0
23 -47 14 -52 -35 0
-2 2
-2 3
