7 21 40 49 31 10 15 25 28 0
25 26 31 49 56 5 6 14 28 48 12 44 5 -4 -21 10 -24 0
7 20 53 48 0
17 16 -25 16 -49 -56 0
54 -54 -16 3 -32 -17 9 43 3 -53 0
57 -37 -20 34 37 57 13 -16 0
36 36 37 42 53 47 -51 -20 27 -2 1 5 10 43 55 0
38 -57 -50 0
52 -40 -27 38 -10 50 -20 0
1 4 16 59 25 30 31 0
16 -27 0
52 54 60 -50 0
22 -4 2 3 7 21 28 53 0
0
36 -17 3 10 19 0
33 -47 1 2 14 32 39 42 47 10 14 18 19 60 0
31 -13 -21 12 12 36 51 5 31 45 53 60 9 12 17 31 35 0
47 -47 0
5 52 54 59 3 28 33 33 5 24 42 46 53 5 -17 34 36 43 0
15 -30 -4 31 -21 3 25 52 0
35 -14 -43 0
14 57 22 -23 -55 58 -3 55 -54 -57 0
-7 1
-7 2
-7 3
47 -58 -20 5 -33 -41 27 28 44 48 0
5 -10 -20 28 42 45 54 31 0
50 53 0
47 -48 -45 0
31 50 59 0
46 0
13 26 60 0
44 -49 60 -60 -37 28 -18 -27 0
2 29 31 34 48 30 26 31 27 -2 -10 0
5 5 40 9 -47 7 -6 -18 9 44 50 53 55 15 16 36 37 56 0
6 -30 -17 11 13 16 32 36 29 -31 0
0
15 -27 0
7 11 24 46 0
24 26 42 45 51 0
37 4 -31 25 38 40 40 43 31 33 43 20 48 0
11 20 20 36 18 34 51 14 38 0
4 30 38 -35 -57 17 19 19 33 49 0
3 -43 20 -25 -8 28 -23 -30 0
29 -20 25 -19 0
-7 2
-7 3
