51 -58 -52 27 27 39 54 16 0
2 10 29 30 41 30 -36 26 39 41 0
20 -60 -56 13 -46 4 42 18 -3 0
26 -26 -24 31 -28 -26 56 6 23 38 0
7 59 48 -23 -47 35 22 60 -25 0
46 -43 0
60 -8 0
0
60 -32 40 -15 2 -25 47 -13 -28 0
12 13 16 38 58 0
13 -7 7 10 32 32 0
0
5 -44 -13 6 20 60 0
27 44 56 11 33 47 2 -34 10 -59 32 32 0
35 -31 -30 45 -22 0
14 -33 30 -49 -58 48 -16 -53 12 -45 -55 0
6 -49 20 -14 12 -59 42 -41 -38 0
14 47 54 58 60 -41 50 -18 31 -7 0
30 35 0
58 -53 35 -8 -26 3 44 54 55 58 0
9 32 36 51 55 0
7 -46 -34 18 -15 -42 35 30 0
-2 1
-2 2
-2 3
11 31 34 0
56 -18 33 -44 26 34 43 35 -57 -15 38 -33 -39 0
40 56 0
5 -32 28 -12 10 38 0
6 36 48 49 35 45 2 -48 -4 23 -31 -12 0
1 -3 57 -14 19 23 33 57 48 -1 0
8 9 17 40 0
7 -5 -50 0
37 49 54 54 0
22 25 37 50 59 21 50 60 3 11 22 39 0
0
19 -38 47 -50 42 0
56 51 -10 31 60 0
0
1 24 26 28 28 32 36 37 55 0
12 -34 1 -14 -1 15 16 22 31 41 0
41 -44 -10 26 -33 0
20 27 31 40 45 0
52 -16 9 15 16 18 59 25 -23 0
57 58 5 57 21 -52 0
-48 2
-48 3
