5 20 34 55 0
42 39 -53 -34 20 -58 4 18 57 8 40 47 58 0
53 -59 8 36 2 -1 44 0
30 1 14 34 52 32 -46 -10 17 -24 0
10 17 43 58 59 58 -3 53 -12 -35 11 0
19 -60 11 48 58 17 -39 18 54 54 0
18 -47 40 -33 0
29 32 43 -13 0
12 -33 54 -10 -33 41 10 12 34 37 43 0
43 -60 -22 12 13 34 36 27 -14 -16 0
21 -27 7 14 19 29 33 9 -45 -43 0
0
15 16 29 22 -57 60 38 -51 0
8 -51 -51 0
23 22 -10 24 26 30 48 59 41 0
33 -49 17 25 38 32 -53 -49 3 16 27 39 42 0
34 9 38 39 57 58 2 17 10 29 41 45 57 0
0
3 16 29 0
0
39 -52 0
4 4 34 6 -35 11 -15 -15 7 -40 -29 0
-47 1
-47 2
-49 3
10 27 31 44 53 6 -21 -24 0
16 23 32 48 51 50 -9 -21 0
2 -38 7 14 44 51 55 30 0
7 18 26 27 30 1 -38 5 21 24 4 19 23 29 0
41 18 60 49 -21 0
4 -4 -21 14 -52 44 -39 2 21 31 52 57 -48 0
57 -12 50 51 7 15 40 48 56 24 -54 -20 0
19 31 36 37 37 16 49 0
27 -25 31 33 36 36 43 -18 -54 0
56 -41 -39 17 27 31 43 46 11 0
0
16 -34 -29 16 -17 1 4 9 29 39 50 -13 -14 14 23 46 54 0
28 -7 -29 1 4 28 41 56 39 -44 -1 11 -57 0
0
15 43 49 50 55 26 0
30 41 0
1 2 11 41 6 9 10 36 54 46 0
21 -52 11 19 28 33 45 7 38 46 0
15 24 13 -17 0
36 -16 25 35 36 43 53 0
-53 2
-55 3
