0
58 -25 -54 21 -56 17 -14 0
13 44 46 5 8 25 54 -8 12 -5 -48 0
20 -35 -8 6 50 15 -32 -38 0
16 -10 0
34 -48 37 -31 0
12 -46 -58 15 58 55 -16 -54 0
33 -26 -48 1 -55 6 -41 17 -8 -52 0
7 25 0
44 13 32 60 0
15 25 35 39 42 -35 -17 0
6 37 60 30 -16 -54 27 -51 -42 9 0
11 -50 -30 8 -59 0
2 0
7 -28 4 7 41 51 54 21 49 55 -56 7 -36 -29 0
60 -27 -10 0
36 36 38 41 58 10 -42 38 -27 0
21 37 47 53 0
7 13 38 47 56 59 -31 -2 51 -27 0
2 -25 22 -34 -18 0
8 29 49 16 -36 4 -58 -46 14 14 0
14 -1 14 0
-2 1
-2 2
-2 3
-68 3
-67 2
0
13 22 34 36 46 0
14 20 25 30 41 1 37 58 11 21 37 39 42 11 -15 0
11 -20 -33 16 31 35 53 -1 26 -28 24 -20 0
31 -50 0
35 38 51 -48 57 -24 -27 0
19 -40 -57 53 -8 -51 52 -13 -57 57 -53 0
0
45 -41 -34 0
47 -59 -45 59 -60 -37 58 -24 44 60 0
5 9 52 53 54 20 -50 0
9 -11 21 29 42 56 -25 -37 0
8 -6 27 -17 27 34 17 -4 -5 0
24 4 39 15 31 43 51 0
8 -42 -34 12 46 47 51 16 -22 0
3 30 8 14 24 39 5 6 33 59 11 39 0
2 -12 11 36 0
8 12 28 49 33 -33 1 24 49 5 40 59 0
18 20 27 37 39 10 0
25 36 51 -24 -51 23 -27 -4 17 25 38 40 43 0
-53 2
-48 3
