8 39 52 20 6 14 -53 -31 0
30 -29 59 -4 -3 42 -33 47 -44 0
49 -41 -36 50 -10 -23 42 14 17 50 57 4 56 58 0
2 6 26 40 60 24 -10 0
53 -11 -58 18 -32 0
18 24 28 37 60 0
12 17 19 60 17 26 29 33 11 17 19 22 42 9 -36 -45 0
0
7 14 18 3 29 32 0
8 -11 -19 37 6 44 43 -50 -14 5 -6 0
37 -38 -56 18 37 46 47 48 -58 0
24 -48 -10 52 -17 -54 2 -37 -18 1 -50 -27 39 45 0
34 40 -10 3 16 48 55 0
2 9 55 -34 -28 54 -24 60 -9 0
43 -3 -49 20 -28 -56 0
10 13 0
32 -36 0
2 16 35 0
22 0
59 -42 -20 0
39 -30 24 27 40 21 51 0
25 0
-14 1
-14 2
-14 3
-69 2
13 -27 16 29 33 56 57 33 -39 0
27 -48 -31 0
25 25 45 58 10 27 41 10 17 23 40 0
58 -24 -8 35 -29 -10 4 24 41 45 10 47 -51 0
15 -24 43 -52 -51 0
17 42 56 0
42 1 -56 50 -13 16 34 50 51 20 -8 -19 0
22 31 35 44 45 33 -52 -54 0
22 27 33 9 -43 -23 51 -23 16 -46 47 -1 0
23 -58 -18 0
22 39 42 48 50 59 0
17 -44 -34 27 -46 -8 0
18 -36 -9 11 11 21 16 17 20 34 46 -14 16 32 0
45 -8 23 -50 -57 31 -14 -41 27 -47 -13 0
59 -46 -14 6 21 32 34 58 7 23 28 0
4 13 31 45 58 22 39 0
28 -17 -26 17 25 33 37 0
22 0
57 -60 -52 54 -24 -36 0
5 6 29 53 0
-35 2
-35 3
