33 -1 59 -7 0
54 -13 43 -28 -54 0
10 -37 54 -57 14 -58 28 28 33 45 50 10 23 26 35 0
26 -11 22 38 0
56 -43 0
34 -42 59 -28 21 0
42 -11 -9 45 -34 -32 10 40 53 56 57 0
30 35 40 -5 0
25 -24 -42 13 59 43 0
6 43 56 16 -27 0
15 -37 -24 7 -19 -29 46 -6 -26 29 -20 0
26 28 51 54 0
15 -47 -47 4 8 13 29 28 58 -21 0
53 17 33 34 35 46 -48 -19 0
31 42 2 -46 51 -30 0
2 -51 56 -18 1 37 41 57 58 42 -35 44 -53 -31 0
43 -60 -31 32 -60 -16 23 44 51 5 -34 13 -41 -2 0
18 27 3 -56 -27 0
9 -20 -20 2 12 26 50 15 -48 0
38 -16 -54 27 -32 12 15 37 11 -21 0
16 -26 20 21 56 57 0
60 -55 -42 2 12 59 1 41 -6 0
-18 1
-18 2
-18 3
40 -58 54 -6 -24 6 25 35 0
54 -16 39 58 60 49 0
46 -28 19 13 15 16 0
2 -2 0
12 15 35 42 0
17 0
7 19 20 35 58 16 34 36 54 2 -33 -5 0
0
0
3 -26 -6 0
0
55 -2 -24 32 -18 -31 0
41 -20 -16 9 -10 17 -27 0
2 22 44 44 0
22 -12 10 20 23 0
4 10 32 52 19 22 23 10 -4 0
0
3 -5 0
14 33 38 3 -56 15 -25 4 0
39 -51 55 -44 0
-48 2
-49 3
