4 -14 -49 14 -41 -25 18 -16 7 40 43 49 8 -35 -18 0
53 -19 -10 23 -52 -38 29 38 49 56 12 13 24 44 55 31 -52 -5 0
21 -2 -47 27 29 41 53 59 56 -57 -16 0
32 -20 0
47 -18 -54 20 47 25 50 52 44 -4 0
9 -34 0
10 21 26 45 45 28 -46 6 -9 -7 1 10 24 41 16 42 45 53 0
13 35 0
54 -32 0
34 37 41 41 44 -60 39 -4 -57 47 -10 -25 0
39 -58 -17 1 8 33 35 26 -55 29 30 57 60 0
12 -18 -37 0
16 24 26 31 59 12 -33 -57 40 -37 -12 25 30 32 46 52 -58 0
11 -55 1 2 55 60 60 0
21 46 51 51 55 28 -1 -32 30 38 43 0
21 -41 -10 9 -28 -7 0
3 31 46 59 0
0
3 12 22 45 5 10 20 32 43 0
44 50 57 59 0
32 -28 52 38 40 47 49 60 5 0
1 52 0
-14 1
-14 2
-14 3
4 24 26 45 46 13 22 51 -4 -44 3 31 56 15 -37 0
28 35 55 23 -57 -45 0
41 -21 -24 41 -60 0
29 -2 -16 0
0
2 10 27 29 51 11 26 29 54 52 -3 -45 0
6 26 45 57 60 0
38 -20 11 20 40 49 53 -38 0
18 -48 0
3 23 45 57 0
31 -56 60 -15 46 -11 0
3 20 29 34 45 37 0
1 -13 52 -55 9 14 25 33 1 32 37 14 -33 -34 0
38 13 44 25 -16 -48 44 -27 -3 10 -23 0
29 -20 -47 0
2 24 51 60 0
58 -56 4 -56 51 -57 -32 44 -29 -26 0
43 -9 -6 58 -10 -42 0
38 -43 -12 0
24 -35 0
-16 2
-16 3
