3 20 23 29 0
12 48 14 51 1 4 18 49 0
28 45 49 50 56 5 -32 -14 13 -51 -42 4 4 12 37 0
31 5 -49 -46 0
2 14 40 52 55 42 0
28 -50 0
3 -21 15 -25 -40 0
12 29 35 37 40 4 -1 40 -25 -58 44 -35 0
11 -14 41 0
5 -49 -12 0
24 -38 10 -46 60 38 -24 -45 29 -43 -31 0
17 41 0
56 -3 -11 32 0
60 -38 -44 44 -14 46 -22 -39 0
41 -9 -28 0
15 -14 12 -3 0
27 51 6 38 13 20 42 59 32 -16 0
1 -43 7 8 13 52 12 -7 -51 0
29 -18 -35 0
2 17 51 4 5 22 37 48 2 -42 -10 18 -10 -40 0
22 51 0
0
-52 1
-52 2
-50 3
-68 2
45 -57 -45 0
27 -10 -17 0
43 -41 11 -57 26 -58 0
56 36 -3 -39 46 -45 -17 0
15 -29 0
28 -40 6 -48 -2 0
25 -40 0
21 -60 -60 39 -47 -20 0
6 13 26 36 49 0
1 12 35 -46 3 -44 -13 0
32 33 38 52 49 -20 0
29 -3 0
39 13 20 20 58 10 39 44 55 19 -56 -25 49 0
35 -8 -7 21 40 0
2 -37 35 53 18 49 48 -42 0
53 -26 -12 59 3 50 35 41 -47 0
4 12 24 34 40 7 15 -33 12 -41 0
54 -49 -21 0
47 -51 14 -15 26 29 46 11 25 47 55 60 0
0
-49 2
-52 3
