54 -55 1 -13 18 20 34 54 0
41 -41 8 16 19 33 43 21 25 0
47 -41 -40 0
7 38 40 60 -34 0
24 -16 0
19 21 47 47 0
13 -54 25 -25 52 0
27 33 34 51 1 7 16 47 58 31 32 0
9 15 16 52 0
6 18 29 51 54 38 55 46 -34 -23 0
51 -51 -53 7 39 41 54 12 -53 46 -20 0
0
0
20 -22 -19 27 35 37 42 59 33 -2 5 -53 -23 0
47 -5 -32 0
0
5 -36 32 -9 -4 0
35 46 0
50 -44 -7 11 30 56 0
10 -34 -44 5 16 40 52 34 35 36 45 0
0
48 -23 -18 44 -37 -44 35 43 51 8 -3 -14 0
-2 1
-2 2
-2 3
27 -25 -3 52 -53 -34 6 -43 8 36 37 0
6 9 38 49 49 18 0
2 -27 57 -46 50 -20 -5 22 40 45 46 52 4 -36 0
56 -27 -58 0
25 -38 -1 9 -3 -14 40 -47 -50 4 20 30 56 38 -17 -26 0
13 -16 12 23 30 41 59 3 13 30 41 45 15 -30 -16 0
18 -53 -47 53 -8 43 0
3 -51 43 -15 16 53 -3 -10 43 -43 -11 0
21 -15 -11 0
20 -17 0
28 43 56 58 0
44 26 -43 -37 2 32 22 -38 52 -26 -57 0
32 -25 26 -60 56 0
39 -13 20 -5 -28 0
39 -45 54 -20 0
31 -17 2 16 51 53 0
17 34 38 47 50 0
46 -30 -36 4 39 49 33 -13 0
0
54 -46 -26 1 25 13 -35 0
-52 2
-54 3
