1 4 0
27 54 -21 -29 18 -1 -26 43 41 -46 -27 0
25 -5 36 39 46 0
30 -31 25 28 55 0
7 12 40 42 59 1 3 29 59 18 19 41 44 29 31 0
9 33 36 47 55 54 0
42 -16 0
27 26 39 57 0
9 12 25 2 -12 0
19 59 -37 -3 0
26 -31 0
9 10 21 30 46 0
23 -38 -43 48 4 -33 0
16 -44 0
10 -53 25 -41 0
35 -50 -36 59 -42 -17 8 -51 29 -42 -44 0
59 -38 8 -17 -2 1 -58 58 -44 -50 0
7 -44 0
43 -19 6 29 36 42 46 9 -11 -39 34 59 59 18 31 45 0
6 18 24 0
23 37 38 46 -14 3 25 42 45 47 42 -45 -57 0
13 15 16 29 21 -6 21 -22 0
-4 1
-4 2
-4 3
9 -41 12 -26 -27 41 -59 0
17 -28 18 28 49 53 20 0
3 15 34 56 47 -2 -13 3 -18 0
4 36 0
24 26 30 44 56 28 -31 -37 28 -34 -52 6 28 0
0
14 -41 -38 11 6 28 53 9 -10 0
1 21 21 41 13 27 56 24 -9 58 -2 0
16 -4 -12 0
17 -5 -52 0
60 5 -7 6 25 42 57 0
6 15 53 58 60 0
28 -4 17 -18 32 49 50 43 -18 -11 0
17 -13 15 29 0
0
17 18 26 47 58 16 25 26 43 52 4 6 55 0
7 20 43 56 58 1 14 44 49 53 0
50 -48 -23 12 25 0
18 37 46 56 18 54 11 -31 46 -10 53 -13 0
16 -47 -37 3 11 37 39 41 0
-47 2
-48 3
