8 12 23 60 -31 -56 6 22 58 55 -29 0
4 9 -52 0
6 7 13 25 27 0
59 -34 -29 22 -34 -58 0
9 16 1 13 0
24 39 40 43 46 0
0
0
20 -54 -2 20 -25 -13 0
33 47 49 57 0
35 53 -57 59 -17 0
30 18 -27 -37 40 60 60 35 -39 -19 23 -20 0
48 -59 -49 0
5 7 57 18 30 59 1 17 26 28 51 0
50 -7 -33 53 -6 -7 3 43 0
44 -4 -53 45 -50 58 -16 11 -12 -55 24 -33 -27 0
18 -49 0
7 40 0
1 -57 -47 17 23 59 60 38 -46 12 27 37 0
47 -35 55 -15 0
0
33 29 -28 11 38 8 27 42 59 0
-2 1
-2 2
-2 3
53 -1 49 -55 51 -22 -53 7 -56 -56 0
44 -30 -42 24 50 56 57 58 -48 29 30 43 0
33 44 52 32 44 57 57 0
44 -2 -9 0
15 -48 -30 0
20 -6 0
3 -50 -46 18 25 49 52 2 0
45 -8 0
17 32 40 17 -14 4 5 11 53 0
22 36 36 37 55 32 -54 -36 0
49 -18 -4 15 23 10 -5 -37 0
2 28 39 -4 45 0
10 -31 -24 0
32 -9 -50 10 -29 43 -57 0
0
8 -24 10 33 36 40 41 19 -28 19 20 23 20 30 53 56 0
27 -40 0
23 32 40 31 -8 -45 3 4 35 0
8 -40 11 38 24 -43 48 -19 29 38 0
14 52 -49 -15 45 29 -37 9 -11 0
-20 2
-20 3
