34 -59 -32 46 -2 -2 15 17 23 41 42 41 -5 -11 0
44 -31 28 -17 10 -8 -30 0
8 -43 0
48 -26 -38 0
14 22 22 25 41 0
59 29 -42 43 -44 -12 46 52 0
1 6 18 27 37 0
20 36 37 51 60 49 40 -5 -17 21 34 46 51 31 -50 0
7 -42 55 -5 33 -49 18 -13 -22 46 -14 0
2 2 25 28 0
37 -3 -18 0
0
0
36 -19 40 -57 -15 0
41 -3 -24 0
59 37 -12 0
22 -8 -5 22 -10 36 -25 19 35 0
12 -42 -53 3 -48 -20 22 33 49 26 -18 -23 0
44 -18 12 43 56 5 24 -16 -16 5 10 22 41 0
10 -54 59 -14 46 -53 -8 0
1 -39 -14 4 -53 -33 0
31 35 36 36 10 13 38 43 0
-8 1
-8 2
-8 3
-66 2
33 -46 -27 25 -25 31 -35 50 -30 -29 0
6 -20 0
21 -17 -52 24 57 20 -34 -56 22 0
47 -37 -49 0
58 -49 39 -1 -34 1 -5 0
1 1 24 42 13 35 44 45 60 46 -43 -46 0
33 55 0
16 17 22 25 45 2 4 17 28 25 -2 7 -36 0
56 -6 -30 8 -38 -7 46 -22 21 44 42 -59 -1 0
46 -8 -2 19 -17 -34 0
1 29 34 44 0
20 -2 8 16 16 21 34 31 -36 30 35 45 60 18 37 58 0
39 -17 42 -50 -20 14 -60 6 -32 -15 45 -49 -46 0
47 -19 8 19 52 23 25 52 54 57 50 -7 9 -41 -27 0
11 33 33 53 0
50 -29 -57 53 43 36 45 50 56 22 0
44 -31 -35 20 -19 0
11 48 49 51 9 -42 -40 54 -36 -5 2 16 0
42 -39 20 31 54 38 -21 8 10 24 32 54 0
7 30 35 40 60 52 -51 -56 0
-55 2
-47 3
