1 6 17 17 45 0
6 11 30 31 57 36 38 43 45 8 12 55 0
49 -37 -52 30 -28 -33 0
39 -36 -39 0
44 -54 59 -8 -39 0
0
5 39 0
3 -21 -53 3 11 0
33 -59 41 -39 -41 0
50 -60 -2 0
50 -41 -52 13 -8 0
5 5 30 23 39 60 0
33 51 41 -46 45 -43 -17 0
0
1 12 14 33 53 0
48 7 24 53 13 32 35 52 54 0
1 8 31 51 2 0
27 -53 -42 2 10 38 20 -51 -38 0
23 41 39 -57 6 38 41 43 45 0
18 -5 2 -37 -56 5 6 45 47 15 25 32 39 50 0
14 -56 9 12 15 44 47 35 -27 -12 0
9 35 36 39 17 -12 37 53 58 5 12 15 26 27 0
-3 1
-3 2
-3 3
50 -41 0
41 -60 -32 14 35 39 51 0
6 11 33 27 -5 -7 43 -28 13 -21 0
14 17 27 40 42 23 -50 -49 38 -23 0
21 -19 3 32 44 47 58 37 -20 0
6 -44 -4 33 50 55 0
12 -15 0
5 25 27 35 8 35 43 11 -53 0
37 23 24 55 58 15 -40 0
59 -21 -56 51 -49 49 -33 17 30 0
3 -33 57 -32 -43 10 46 44 -47 0
3 22 26 50 55 0
18 24 50 53 60 -7 -19 0
25 41 0
32 -11 -50 40 58 28 -25 15 -51 9 12 18 29 44 0
16 17 29 57 56 16 -38 50 -41 0
13 32 32 38 44 8 8 48 55 -32 22 33 40 16 -27 -58 0
18 26 0
12 -44 -23 55 -2 0
50 -60 23 35 30 -19 -20 27 -58 0
-3 2
-3 3
