18 44 28 -60 -58 8 -48 25 -42 0
19 24 0
5 56 0
2 -47 -24 0
24 45 0
6 -1 -26 53 54 0
37 10 49 16 40 46 50 0
0
26 -35 21 13 56 13 31 0
41 -45 -16 26 39 7 16 23 55 0
17 31 32 43 55 15 -57 29 -40 38 0
38 -3 0
44 -23 4 -9 -47 59 -49 56 -39 -34 0
9 30 58 9 10 17 54 56 36 15 52 57 58 -23 0
27 30 35 6 28 33 40 50 0
19 36 45 50 18 -28 54 -32 -36 30 -28 0
11 34 45 54 8 41 51 55 56 0
25 -39 -13 46 -16 -39 6 9 15 20 38 48 -35 -29 24 34 35 0
13 18 49 57 12 -17 -26 0
1 -47 -1 0
53 -54 2 17 28 57 0
16 -33 0
-2 1
-2 2
-2 3
-67 2
44 -8 -57 10 -37 47 -14 -25 0
34 -40 33 -51 28 -35 -38 51 -34 -41 6 31 55 57 0
11 -57 0
22 -4 11 19 23 29 46 23 24 56 59 6 -8 9 17 28 33 0
42 -28 -51 26 -13 21 -52 -25 12 34 49 58 58 8 -55 0
37 -31 -16 0
1 5 30 25 -4 -29 46 0
51 -15 -6 23 -41 -47 57 -56 3 15 22 44 51 0
59 -44 -34 0
59 0
14 15 34 36 59 3 21 23 53 53 4 -19 35 0
36 -38 45 -2 0
20 21 0
49 -56 26 -26 -58 52 -26 -51 0
30 36 59 39 -2 -58 0
19 37 40 -49 0
48 -24 -18 16 26 10 11 21 29 44 19 20 0
22 32 5 -8 36 54 18 -34 0
12 17 30 37 -24 -24 19 -15 -12 16 32 46 0
31 -24 39 -57 -57 23 -60 9 -18 11 28 0
-47 2
-47 3
