16 20 51 51 0
58 -56 0
17 49 4 7 9 9 22 26 42 4 5 12 40 55 0
54 20 24 35 26 -28 0
41 -60 6 42 57 43 -57 28 -33 0
10 -4 -60 0
33 -29 -33 2 22 26 37 45 48 -33 -5 37 -39 53 59 0
16 -21 -33 0
8 0
48 -52 -36 54 -5 15 19 25 41 42 46 -17 11 14 23 54 0
22 -48 -50 22 -52 -3 14 51 52 0
45 -53 -37 0
11 15 18 40 59 0
43 -29 -19 23 28 38 40 44 0
22 -52 -46 57 -42 -60 0
42 -26 25 31 44 47 21 -12 0
2 17 44 54 32 -34 -57 0
60 -31 49 -6 0
34 -17 33 -41 -54 52 -35 0
25 28 39 47 44 -27 -36 59 -50 40 45 53 0
1 24 28 29 47 39 56 59 59 0
43 -25 -1 28 49 5 1 19 0
-2 1
-2 2
-2 3
34 -23 -3 15 17 40 47 51 26 27 53 55 40 -36 -52 0
5 15 18 37 52 13 14 29 48 52 11 57 60 21 28 57 0
0
27 -16 58 -1 47 -43 18 19 20 21 9 -57 -53 0
2 -15 13 44 0
5 52 56 11 23 51 60 -5 57 -39 -18 6 -17 0
44 4 48 31 48 -32 -23 43 58 0
34 -54 0
11 18 37 40 59 35 -13 -15 0
6 29 32 42 50 0
39 -37 -48 0
28 -41 24 -21 0
25 -17 0
52 -49 0
16 16 35 40 -36 51 -10 -35 0
50 54 13 25 0
1 31 -11 -58 26 -42 -10 3 23 34 36 36 58 0
42 -21 36 -35 -11 0
25 -50 50 -43 0
60 -28 -41 18 -5 -50 25 33 34 49 0
-49 2
-47 3
