34 37 46 57 16 21 39 42 53 54 0
38 -49 0
25 -39 9 28 35 36 50 0
57 -53 2 14 43 53 0
33 -56 3 -21 -13 16 -38 -31 60 -42 -57 27 -60 -53 0
34 -50 -44 48 -1 -55 32 43 50 54 11 -34 0
3 10 19 35 41 52 53 57 0
0
4 5 50 42 -55 35 -19 -7 0
30 -39 0
1 -8 42 -25 23 -2 -5 45 -26 0
13 56 -55 -11 0
33 -30 -10 12 14 33 34 0
58 -48 -29 2 -36 0
17 -17 -25 16 -37 2 40 30 -42 -36 9 17 60 0
18 55 56 31 -43 0
58 -37 -43 0
37 -23 5 -54 -9 6 23 32 37 40 31 -10 -41 4 6 50 0
30 38 42 43 51 1 24 47 53 13 -57 0
39 -50 0
26 32 35 53 34 -5 46 -11 -5 0
2 -55 7 17 0
-7 1
-7 2
-7 3
-67 2
22 30 32 39 48 44 -11 -41 0
51 -34 -16 4 6 9 26 41 51 0
51 -25 0
4 6 7 31 54 7 -37 -4 38 -51 12 -33 50 -39 -38 0
27 -10 3 16 17 38 51 -44 0
15 -53 49 -4 4 53 26 43 0
42 45 46 55 60 0
44 47 56 0
46 -8 34 -58 -10 9 -51 15 -6 -19 0
5 -44 -35 18 19 45 47 2 7 32 0
48 -36 9 -34 26 55 -27 0
1 11 24 52 9 -38 5 -7 -34 0
34 -44 -9 8 20 24 32 59 -47 31 -50 -12 6 35 53 0
50 -30 0
58 59 0
53 -25 49 -46 -42 0
40 -53 -7 26 -19 4 17 22 44 9 -31 -1 0
21 24 29 35 37 0
11 36 3 6 26 52 55 31 -46 0
48 -1 12 55 -3 -12 54 -25 0
-56 2
-55 3
