46 2 6 35 44 60 44 0
0
18 -27 37 -27 -33 39 57 30 55 0
8 29 51 51 54 0
11 17 0
13 -35 -25 2 -27 -45 3 16 21 21 58 9 -9 -27 11 35 52 0
6 29 10 -45 -54 22 53 0
6 -12 8 7 34 47 58 35 55 0
34 23 49 40 -35 6 -50 -6 0
2 -55 -5 21 59 6 -27 -59 21 -20 -21 0
52 -31 -21 0
29 -45 7 -29 -29 1 46 57 60 0
0
12 -44 -39 21 -13 -24 59 -7 -3 48 -30 39 43 47 49 0
26 56 0
36 38 6 20 47 0
30 -26 0
30 35 50 48 50 17 40 43 48 0
17 14 17 42 0
60 -41 33 -25 -60 7 0
0
6 42 46 24 27 30 60 14 -38 0
-3 1
-3 2
-3 3
-68 3
-66 2
47 -59 -50 31 41 8 28 53 31 -21 0
23 -5 5 20 45 47 53 23 36 57 -4 0
57 -35 -30 33 -41 -40 22 49 0
52 6 8 0
43 45 50 51 17 -37 49 -47 12 38 44 47 0
32 -17 -43 51 -52 0
56 9 -7 3 10 38 41 -52 0
16 32 -53 -44 0
34 -59 0
13 14 26 46 21 23 45 0
52 -59 -22 32 -45 -8 41 -27 0
3 -50 -44 40 0
43 -11 -6 11 36 54 55 56 29 0
53 0
18 -16 36 55 -1 0
0
38 41 50 2 22 42 45 7 30 33 50 0
10 35 42 12 -17 -35 54 -9 -42 15 -32 -43 0
14 58 23 -45 0
5 -33 0
-3 2
-3 3
