35 45 50 58 36 0
25 -51 -25 0
21 -26 -36 4 7 40 42 52 44 -45 0
13 -27 -56 10 46 -6 -8 0
12 32 35 44 4 58 42 -44 13 14 27 31 35 0
2 51 53 14 -5 -50 6 9 54 3 19 23 23 31 0
20 -24 52 -38 0
49 -47 33 -20 -38 36 -19 -31 0
29 11 14 35 39 40 16 17 44 15 -25 -26 0
8 -28 21 24 38 50 0
25 49 0
30 60 40 42 43 0
44 -17 0
8 -32 -48 0
2 4 39 60 -7 0
38 -26 -49 30 -60 0
0
41 -7 -31 0
46 -33 -24 59 0
11 24 32 60 15 -31 30 -29 -13 0
36 46 56 0
14 19 32 44 1 -1 -29 60 -57 0
-36 1
-36 2
-36 3
23 26 39 48 20 -26 -35 12 -6 12 26 30 58 0
27 31 38 58 0
23 -11 -43 0
52 36 -48 -42 14 -54 0
5 -8 -14 0
28 -28 32 -10 -42 0
56 -36 -6 5 11 16 37 2 -38 -10 17 25 38 43 0
3 6 14 35 56 0
46 -23 -44 6 -60 3 5 20 27 36 -12 0
3 -11 53 -48 -11 0
30 -60 0
5 13 21 31 0
28 -5 -5 10 -32 0
7 -24 19 -35 6 17 20 51 57 28 -57 0
7 9 27 29 35 4 -60 54 -60 -52 2 -42 27 -25 -60 0
15 21 25 31 35 37 0
28 47 48 27 40 51 7 -47 -3 2 -3 24 -6 -48 0
3 -47 -35 38 -18 0
0
29 -22 46 -58 34 -49 0
-54 2
-47 3
