49 -18 -22 45 -56 -26 0
4 10 1 2 23 40 -39 0
51 -38 -3 55 1 -48 35 45 -11 -35 0
24 6 32 36 38 45 14 -48 25 -10 -25 0
24 -21 14 -16 0
3 -32 0
7 -36 13 22 32 41 49 0
4 18 26 35 57 54 -10 15 -46 -27 0
5 40 46 56 1 -4 16 -25 -22 4 -50 0
15 26 0
0
29 56 15 15 22 39 39 0
40 -37 -29 5 -57 4 -43 -18 0
7 13 18 6 18 36 37 47 21 28 32 60 19 0
33 -53 55 -10 -48 0
15 20 27 28 45 47 -27 40 -53 22 23 28 29 41 0
0
10 -11 4 10 17 18 60 0
42 -36 -26 16 -42 -13 0
5 -31 28 43 45 18 23 38 44 50 52 56 0
0
16 54 0
-7 1
-7 2
-7 3
-68 2
47 -2 -39 10 -35 0
0
0
7 -45 -30 0
13 26 45 47 54 22 -49 -29 0
44 -37 -19 0
43 -48 -13 49 -47 0
43 47 49 50 1 -30 11 35 59 7 0
10 23 31 32 8 19 19 34 43 44 -36 0
36 -59 -18 48 -21 -54 8 -24 22 -19 0
57 -17 0
37 60 23 37 6 12 17 35 0
7 -14 -13 44 -30 -2 6 11 31 36 58 18 57 59 0
26 -37 -45 18 18 37 37 60 -25 0
55 -24 -44 19 38 52 56 58 3 -36 -53 0
2 42 48 2 -12 -26 21 -35 7 0
12 -21 -36 10 -55 14 -28 -26 0
5 29 4 33 -60 -58 0
19 50 46 -12 -50 6 10 0
7 -32 -5 58 -15 -21 0
-50 2
-49 3
