23 -21 -45 29 -58 30 -34 9 -24 -7 0
24 -9 0
12 13 47 48 0
0
36 -5 12 23 17 25 31 53 0
47 -7 -7 40 -17 18 -27 0
5 15 20 22 0
56 -9 0
44 -5 -31 50 -2 18 0
6 17 19 32 40 0
1 -57 -52 0
24 -29 -46 10 14 37 41 59 35 -26 -44 51 26 -17 -44 0
31 55 6 18 29 13 37 47 48 10 28 0
0
25 26 28 36 40 33 -19 -38 0
19 21 -36 -46 5 -2 -55 0
52 -17 19 -37 0
16 -43 0
0
23 26 32 58 0
0
3 7 26 32 47 31 7 32 0
-2 1
-2 2
-2 3
-66 2
5 10 12 43 45 5 38 44 45 58 56 -28 8 31 39 41 0
18 -33 1 0
1 0
6 -7 -53 18 46 53 12 20 21 0
8 -29 -49 58 0
18 0
1 -43 19 25 57 0
18 36 43 57 58 24 28 40 40 47 58 1 -11 -60 0
56 -10 47 -48 21 33 48 -59 47 -3 -47 0
0
3 32 52 13 -2 -15 0
7 31 35 51 53 0
31 -7 0
16 48 49 56 -31 -23 42 -29 46 -56 0
36 -28 35 -7 0
9 27 47 0
41 -10 -15 18 22 32 -59 17 33 39 45 0
58 -26 0
7 -54 0
20 32 53 57 0
-2 2
-2 3
