18 23 39 43 57 4 -59 -37 30 -45 -21 29 -43 -37 9 14 58 0
8 14 20 29 20 -7 -3 0
2 -48 1 26 41 23 -59 -52 13 44 58 21 -30 0
19 -32 18 -13 -6 3 -35 42 34 -6 -50 0
47 -41 3 48 -5 0
58 -42 -21 45 -49 9 32 50 59 2 26 53 60 0
0
0
7 19 21 31 6 33 54 5 25 46 49 50 47 -57 0
22 -53 -3 0
30 48 60 20 -15 25 -7 -54 0
4 6 30 54 60 -9 -29 55 -32 0
0
9 -45 -37 51 -25 -10 7 -60 -35 0
57 -22 0
7 8 49 1 9 19 23 33 0
35 -35 -23 32 23 -28 0
35 -47 -8 27 32 0
1 6 25 0
52 52 13 -31 -58 38 56 0
0
5 7 17 32 51 6 -9 -16 39 -36 45 0
-9 1
-9 2
-9 3
50 -47 -40 25 -39 0
20 -9 -28 13 17 32 41 0
10 15 29 45 50 -20 -46 3 34 0
20 20 33 7 -20 0
2 15 23 42 47 18 22 30 0
19 -44 -52 18 -43 -33 0
54 -18 -16 0
10 -52 22 -57 -49 0
31 -26 -30 0
4 -6 -47 13 17 18 46 55 0
13 -19 -59 33 -9 15 -3 0
4 -8 8 30 49 55 46 -12 0
39 -1 -30 3 -12 1 4 0
14 -16 0
57 -29 -25 43 -2 -52 0
24 -45 -41 0
44 -11 -36 42 -23 5 -58 0
16 54 19 25 42 47 0
27 -49 -40 8 -51 0
18 57 -26 -16 54 -9 53 -1 -10 38 -19 0
-10 2
-10 3
