33 7 22 38 12 -34 0
13 15 27 45 55 5 36 45 19 22 37 44 45 50 -46 0
17 29 39 57 19 -8 -38 52 -26 -7 0
31 35 22 -56 -46 9 -19 20 -23 -51 35 -51 -32 0
11 13 20 32 42 52 12 13 16 23 24 4 41 43 47 51 0
1 -23 -34 20 -41 -54 49 -22 -53 0
8 -7 -5 0
45 -33 30 -6 -18 23 60 5 31 40 0
4 23 35 37 38 31 -19 -29 54 -3 0
17 -53 12 39 42 49 57 -44 -12 22 10 -37 -47 0
20 37 54 7 0
11 12 0
37 18 39 57 -24 -30 21 27 55 0
44 50 52 -58 -27 25 -16 -34 4 37 38 0
28 -23 -23 0
13 32 20 26 59 21 29 0
58 0
5 11 39 51 58 0
12 22 43 48 0
11 15 15 21 54 54 -32 -35 32 -53 -33 0
20 -23 -55 60 -4 12 18 42 8 60 0
48 0
-2 1
-2 2
-2 3
-69 3
-67 2
23 -57 -9 2 2 18 35 49 0
60 -34 15 -34 -52 44 11 31 40 60 42 -40 0
30 -19 -56 21 -41 0
53 -27 32 -53 -2 27 -47 32 -25 0
0
29 -48 2 -14 -21 7 14 40 8 -13 40 -53 0
36 20 51 15 24 27 39 0
50 23 38 44 55 8 -5 -14 11 20 23 32 55 0
17 -46 -1 8 -31 0
4 6 27 33 52 48 -18 -52 21 27 31 -43 0
31 49 1 17 27 28 16 37 45 46 56 29 -26 -25 0
7 -9 0
4 15 32 9 17 21 29 48 57 14 -57 11 -33 0
5 36 48 55 2 37 43 47 50 42 56 60 49 -22 0
1 -2 -30 12 -34 27 31 47 0
29 -25 48 45 51 0
6 10 51 0
51 -57 20 -55 45 -20 -44 0
1 7 14 37 44 9 48 51 52 24 0
3 18 7 -39 20 24 39 41 44 28 39 45 0
-49 2
-50 3
