0
44 -1 19 37 45 50 11 12 39 44 0
38 -54 0
2 18 36 46 8 -40 -34 57 -13 -10 8 16 17 50 53 0
10 0
58 -34 -48 13 14 30 36 38 50 0
8 34 25 31 52 45 -11 -35 0
32 -12 -16 6 11 15 27 0
4 55 58 0
8 10 17 23 24 16 19 53 55 0
15 -41 14 -38 -30 3 20 42 59 11 49 0
0
14 17 50 50 47 -43 -58 0
57 -48 0
47 -41 -49 58 -9 0
1 33 46 12 12 18 25 36 34 -54 -33 27 -23 -2 0
14 15 30 39 39 43 -27 -38 17 0
49 -31 0
40 17 -16 -57 6 -28 32 57 -11 -36 0
25 -46 -59 0
10 -56 -5 24 41 0
9 -50 -13 1 -39 -47 45 -17 -17 21 19 0
-4 1
-4 2
-4 3
1 24 48 0
14 -24 -55 43 60 12 -53 0
42 -10 0
3 -11 0
7 14 46 49 60 2 40 46 56 -18 0
0
50 12 -5 -13 5 30 40 49 0
9 -42 -26 45 -22 -50 32 -21 0
5 -45 3 30 49 0
19 25 44 26 -42 0
24 -44 -46 40 -21 -55 0
8 -55 -52 6 -37 -51 33 -15 -54 0
8 32 52 36 -30 43 -39 -20 0
8 48 -56 56 -27 0
37 -47 41 -48 0
0
20 -34 -25 23 -55 -13 13 60 0
0
8 -14 0
31 -36 14 -10 -32 17 37 8 -53 -4 0
-27 2
-27 3
