38 -1 -19 30 -28 -9 52 0
6 -47 30 14 17 18 21 50 8 11 37 1 -35 0
5 21 28 35 59 -4 3 -47 0
50 -45 -35 1 -33 6 43 45 0
29 34 48 53 5 52 14 27 54 21 -21 0
9 -35 59 -55 -25 31 -9 -22 56 -52 9 -57 -34 0
23 -59 12 37 38 55 17 -22 22 -55 19 -45 0
43 -60 1 7 12 16 60 51 -2 37 -13 4 33 36 57 0
45 -2 -42 19 0
15 -45 -57 12 -17 -51 0
0
25 29 -25 -8 0
13 -33 -32 0
18 28 40 32 -53 14 -59 0
15 -22 -20 8 31 12 53 -18 0
1 3 45 4 -25 -17 20 -20 42 -46 -56 0
14 -51 12 -35 0
4 30 3 21 22 0
19 51 59 19 -21 -20 10 -50 0
44 13 23 45 14 -9 -25 0
45 -18 -19 0
41 -27 0
-2 1
-2 2
-2 3
-67 2
4 0
6 22 0
56 -38 38 -29 -44 13 14 53 0
3 -11 -50 4 59 0
20 -39 -36 54 -44 -23 36 -50 -1 0
3 -17 -44 18 40 20 21 36 48 54 41 54 52 -21 0
15 -4 -42 13 42 8 -47 0
7 -54 -31 0
30 -48 8 -55 0
2 -52 57 -30 3 5 17 36 52 7 18 41 53 57 3 7 8 18 52 0
34 5 -41 33 -14 55 30 -18 0
5 -52 18 -43 -29 13 23 28 36 53 2 -45 26 -49 -60 0
45 -33 -45 54 -27 24 26 13 -44 -58 0
10 57 44 -7 -4 14 -48 48 -46 0
14 46 59 4 28 29 30 41 42 -23 32 -41 -10 4 9 42 0
41 -57 22 -1 33 -13 0
23 -7 0
40 51 56 22 35 38 43 13 21 38 44 -28 0
14 27 43 52 60 0
27 -51 4 59 15 22 46 0
-54 2
-54 3
