32 -50 -31 13 22 28 25 -57 -46 0
2 25 29 40 54 0
17 -46 -53 42 -8 -14 0
11 17 23 26 52 53 57 0
42 56 37 -4 -11 12 43 0
58 -55 0
22 -2 -19 0
31 -26 -41 0
57 36 46 -32 0
36 59 0
39 60 56 -8 4 -13 -36 60 -32 -4 0
48 -49 -32 10 41 -24 32 33 -28 0
40 0
12 -51 -56 31 -58 9 17 0
36 -57 0
46 -18 -8 0
15 -10 -8 0
18 44 59 58 -6 50 -37 -56 53 -19 0
0
49 0
40 -36 -49 5 21 41 47 50 6 9 26 49 50 26 -21 16 -14 -32 0
21 -36 3 -35 0
-2 1
-2 2
-2 3
57 22 43 13 -55 19 -55 -30 56 -27 0
0
5 -51 -17 33 40 0
36 -26 34 -18 3 6 18 23 38 47 -8 -19 0
0
59 50 -23 -24 50 20 -50 55 0
7 -54 -51 31 -51 37 -31 -45 0
2 -47 -12 5 37 7 7 22 25 46 -37 0
49 -40 -3 38 -22 -14 19 -47 -17 0
23 -11 -21 42 -52 23 -55 0
46 -39 -40 45 -53 -12 9 50 0
29 56 -5 -59 9 -29 0
4 -39 -29 60 -9 -54 37 -48 36 0
56 -57 15 17 30 32 34 60 -37 -37 36 -25 -13 0
24 -40 -56 38 41 44 52 32 -46 24 -1 24 -28 -31 0
7 20 53 0
0
7 -17 -24 0
6 -58 -48 57 -49 -20 35 -16 -58 0
8 15 54 57 7 18 26 40 7 13 14 58 60 0
-2 2
-2 3
