17 27 0
50 -13 -16 35 51 52 0
0
34 -1 19 -14 -39 19 52 0
19 -8 -4 17 -59 -15 0
27 31 36 43 55 0
10 21 52 41 0
15 36 41 57 -43 -20 58 -46 0
51 -17 12 22 57 1 18 46 56 29 -1 43 -8 -25 0
33 -26 -17 0
16 -14 -29 31 41 46 58 -51 0
32 -35 -41 4 -29 0
38 -8 -4 0
7 -18 0
9 -33 -31 0
43 -32 0
48 -12 -32 59 -29 6 -35 -47 0
30 -49 -17 25 -8 19 24 38 39 50 27 54 54 0
23 -41 -11 0
10 -47 0
1 13 32 -7 54 -19 -30 16 52 54 0
16 -50 1 15 47 58 27 -23 -10 0
-2 1
-2 2
-2 3
18 -45 23 -19 13 2 -54 -48 25 0
37 -25 23 51 10 19 32 56 0
31 -24 45 -25 28 -44 -1 25 27 32 54 1 17 55 0
45 11 33 38 46 56 23 -27 -55 19 23 36 50 0
25 43 22 -42 7 9 -44 20 0
4 6 11 27 3 3 33 33 47 0
22 -60 0
32 -25 50 32 49 0
45 -55 4 -6 44 -47 -8 35 40 47 27 -20 0
9 28 31 60 0
53 -36 10 25 36 36 49 33 -37 29 35 56 -36 -57 0
10 49 2 5 24 43 13 -14 21 40 0
35 4 11 20 41 47 38 -27 -17 0
5 37 54 26 57 59 10 17 40 0
49 -57 0
11 41 44 47 50 7 19 52 54 60 0
45 -5 50 -18 -35 24 -47 -32 34 -33 0
48 -17 41 -16 -38 10 -9 -19 27 -33 -59 0
10 21 34 52 0
59 -50 -50 0
-7 2
-7 3
