0
29 33 -6 -43 35 15 18 43 51 50 -57 -3 0
4 0
57 -22 19 20 49 60 20 -44 0
42 -31 24 39 43 55 58 3 25 28 0
60 -40 32 54 15 33 55 60 0
37 -25 41 -17 0
28 29 32 40 15 16 39 54 54 -46 -16 24 60 0
0
21 -38 -27 16 -14 -2 19 42 45 45 54 9 29 34 0
28 30 -34 -32 37 37 48 49 31 -7 -26 0
4 23 36 42 43 -37 2 -53 0
58 -51 16 -43 0
60 36 -39 -50 14 -48 3 -25 0
8 -57 -41 0
6 -58 8 22 46 0
15 -24 47 -49 -12 0
22 -23 12 -2 -36 27 -11 -40 18 -29 57 -30 0
15 -12 -14 0
54 0
16 -1 19 -51 5 -18 -24 0
12 12 30 40 43 5 -56 -27 25 29 33 42 59 4 -21 -41 32 50 0
-2 1
-2 2
-2 3
30 31 33 59 3 32 53 0
46 -10 25 -4 1 39 41 41 53 36 -2 -45 29 43 0
1 43 52 -18 -42 6 9 39 45 0
55 -10 25 44 -30 9 22 25 11 16 20 26 47 0
18 59 57 -15 24 49 0
18 26 43 60 27 -23 -32 36 56 0
51 -52 31 -45 34 41 53 0
50 -39 -5 0
42 -7 9 -10 27 41 51 52 59 0
57 -21 2 1 13 36 40 56 0
4 -11 -16 47 -48 -2 0
13 47 1 24 43 50 1 -5 -21 6 -51 -46 39 -11 0
59 -36 -17 0
6 20 0
6 8 18 28 45 11 21 59 -8 0
39 -27 8 9 16 37 58 30 -39 -57 40 -8 9 0
29 -46 -36 16 -20 -16 11 -40 29 52 0
4 14 3 -3 -29 40 -16 0
40 -40 19 0
7 -51 -10 36 -18 27 45 41 -24 -26 35 -3 0
-9 2
-9 3
