13 -9 -29 5 12 40 6 54 9 10 19 34 49 0
40 -50 -9 39 -45 32 38 49 55 31 -51 -53 53 -51 -38 0
3 -31 -46 0
32 6 12 48 51 57 0
34 -52 29 -48 -49 23 44 0
2 33 35 47 5 25 55 58 59 48 55 55 0
9 -57 21 33 33 41 59 58 -41 -17 35 -46 -43 0
0
0
14 -56 4 10 21 31 0
49 -40 -32 12 24 59 37 -3 0
27 -57 17 -29 -49 0
37 -26 0
27 55 0
50 -8 36 -45 11 37 51 0
25 54 55 0
39 -53 52 -52 3 36 53 44 50 0
38 -5 41 51 53 58 0
7 9 18 58 59 15 31 43 2 29 45 48 55 4 60 49 -18 -57 0
47 -20 9 11 22 42 53 14 -14 -33 36 40 60 60 0
5 -54 0
3 23 24 29 36 -26 6 16 46 38 -51 0
-2 1
-2 2
-2 3
-68 2
7 9 17 42 50 40 -54 41 -16 -47 0
33 -60 35 -14 0
8 15 28 43 9 16 33 49 2 3 4 -6 -59 0
37 -6 -55 3 -59 -55 36 -26 -24 57 -2 0
19 -27 -49 2 32 37 49 56 41 -40 0
31 -52 -22 21 40 46 16 -41 0
42 16 31 32 36 38 52 17 22 53 0
21 -3 0
4 32 52 -58 0
11 16 31 34 35 8 41 0
10 -58 0
48 -6 -11 17 0
48 55 9 11 34 8 -47 0
40 -47 0
16 25 25 30 50 45 55 56 60 3 0
57 -12 -5 0
22 32 43 46 36 -16 35 45 47 55 58 0
4 -38 7 10 14 46 7 -29 16 -34 -24 0
60 57 -53 31 38 60 0
42 -15 -52 35 -43 -57 0
-2 2
-2 3
