3 33 42 48 58 0
41 -58 -30 0
0
6 37 40 50 54 58 -12 0
41 -15 -2 4 8 28 38 47 0
2 8 32 50 55 0
48 -55 54 -6 32 -11 -41 6 -48 -6 44 -42 -13 0
5 35 44 46 42 -14 56 -3 1 -47 0
10 43 45 50 55 23 -48 15 11 15 15 21 0
10 14 48 53 -14 -41 0
31 38 0
33 -16 0
46 -36 0
11 -31 27 -17 24 -41 0
44 -53 -15 0
38 -60 -7 37 -37 -10 0
5 -23 -29 0
33 -46 -18 0
20 28 29 53 7 21 34 0
1 7 8 48 21 45 16 20 37 56 10 -28 -56 0
52 3 -45 0
18 24 24 47 3 -46 34 -60 0
-8 1
-8 2
-8 3
13 29 40 46 55 10 -1 23 0
7 55 56 -2 26 -51 -38 11 22 51 51 56 0
0
0
37 -54 11 23 32 43 54 0
25 26 40 47 59 0
9 18 35 37 60 0
4 13 51 58 0
23 -3 -6 1 28 44 46 11 0
7 23 29 30 15 40 0
33 -49 -56 0
13 24 -38 1 38 20 -47 -48 53 -16 0
12 -1 -19 6 19 20 59 0
11 11 12 54 -39 0
31 -7 -32 41 -25 -40 0
38 -22 -39 52 -27 0
20 -21 4 6 42 42 59 7 3 -1 0
16 -28 37 54 0
3 5 10 47 3 8 15 36 11 43 18 -51 0
41 -41 35 0
-56 2
-53 3
