2 17 37 38 0
22 -45 0
7 -36 15 -54 55 -13 3 6 19 0
24 33 45 1 7 48 56 -5 0
58 -51 48 -37 -10 0
3 39 4 -38 -5 0
46 8 18 39 49 4 27 30 41 47 0
0
51 -16 -11 24 -16 -49 0
21 44 45 17 -6 19 25 26 32 0
59 -29 -36 1 6 8 20 0
19 -49 42 59 -59 -37 0
55 -57 -54 2 11 28 40 60 7 -23 -13 4 45 0
19 -3 -13 0
13 36 48 48 58 33 -43 -40 0
12 -43 -41 0
12 -13 55 -8 27 -29 23 45 21 -45 -24 0
13 17 30 30 53 6 -16 -51 8 -38 0
44 53 56 -23 41 -53 56 -58 10 -22 0
10 28 0
10 -11 -58 50 1 6 48 53 0
1 23 25 28 38 46 -38 -32 12 31 48 18 20 0
-4 1
-4 2
-4 3
-67 2
5 46 53 58 59 8 11 25 30 56 57 0
2 -34 -60 0
58 -27 -50 0
13 19 40 41 44 0
19 28 34 -5 -23 25 40 59 0
49 -41 -37 48 -50 -31 58 -16 4 14 46 51 14 32 32 35 59 0
4 18 34 35 0
5 12 18 27 48 45 37 -46 -60 0
4 12 26 40 50 58 -7 -29 9 -41 3 -11 -45 0
0
7 -6 38 39 19 60 32 -59 -7 43 45 0
30 -24 0
27 31 34 37 22 23 58 -46 -4 0
7 25 55 25 -36 0
43 0
57 -30 -7 0
29 29 38 41 0
30 -36 -57 52 -8 -33 37 -5 -2 10 15 6 42 0
42 -31 -27 5 24 55 -47 -25 0
24 -12 -27 33 40 49 57 58 15 54 0
-15 2
-15 3
