2 -45 0
30 -42 -3 10 -39 0
0
47 -40 -60 0
47 -27 -42 20 -11 0
46 -32 -5 0
21 -51 -19 29 -49 -59 21 46 48 51 59 37 -2 -12 2 -4 -36 0
8 -12 21 0
4 11 51 60 0
16 23 34 45 60 0
36 -7 38 22 -8 11 0
50 40 -17 24 -43 -9 0
28 34 46 53 60 18 12 48 33 40 50 0
25 -31 0
53 -12 -17 24 -49 -14 47 58 0
40 -28 25 39 51 4 -24 0
29 30 1 41 0
3 32 36 21 33 34 48 54 0
40 53 54 5 -4 -42 0
2 33 47 52 58 18 26 27 53 54 53 56 -36 -6 0
21 41 47 50 51 1 21 30 34 41 27 -60 18 25 35 0
58 -10 0
-6 1
-6 2
-6 3
-66 3
56 -48 59 22 -1 -16 45 -34 0
9 56 37 -19 -36 32 43 45 51 12 -37 0
11 -1 0
5 9 10 48 52 0
34 38 46 51 50 53 36 -22 40 -41 0
23 26 42 59 7 11 35 43 49 35 -59 -57 3 -27 -14 7 -49 0
29 40 53 2 24 39 41 6 0
8 -9 -20 2 12 29 55 0
32 -22 4 0
48 -57 30 -24 3 20 29 57 0
50 -40 18 37 44 46 0
5 8 30 33 45 46 54 16 -10 -14 0
5 29 58 46 -35 -22 10 -9 -43 37 -1 26 -53 0
7 9 26 31 36 0
39 51 39 -50 0
25 -4 -1 1 20 49 52 54 -28 58 -10 10 16 40 53 56 0
41 -59 43 44 51 29 43 32 34 49 0
3 -11 -3 8 -59 -27 0
60 -54 -43 0
22 2 21 27 32 11 -28 0
-53 2
-47 3
