36 -40 -2 12 -30 -56 7 12 21 35 11 17 19 31 44 0
39 -47 28 -1 -13 8 -16 16 40 55 0
45 48 43 34 -58 0
57 -7 -51 17 51 22 -32 -4 48 -6 17 37 37 0
25 -48 -39 0
21 -23 13 59 0
22 -41 -37 30 36 59 19 20 34 47 59 51 -36 0
45 44 -13 -37 46 -13 -28 31 -2 42 -50 0
18 25 29 47 5 -31 -2 0
20 -31 -60 0
0
28 -52 -25 0
56 -48 -58 22 -12 0
10 -36 7 -41 -41 13 -48 4 13 24 26 52 0
46 -44 -28 1 1 27 59 16 -18 -2 16 31 49 56 57 44 -11 -50 0
38 46 0
52 -56 -7 30 -11 54 -27 0
47 0
53 -11 -9 46 0
16 35 44 0
13 17 36 43 54 8 -45 -11 33 -43 -47 58 -41 17 -39 0
56 -4 16 47 50 57 0
-2 1
-2 2
-2 3
11 37 16 -35 -42 13 -27 4 9 12 54 0
6 7 15 19 34 0
48 49 0
29 -23 0
12 -36 -56 30 -22 59 0
36 52 5 -3 -34 19 24 30 46 60 48 -5 -21 0
50 50 -49 -53 9 15 36 50 26 -24 -9 0
23 29 35 54 16 23 35 0
55 -3 4 -22 -19 0
50 -16 39 -58 48 -37 5 28 34 37 50 0
0
39 -43 -52 17 -37 0
60 -1 -7 0
21 36 52 30 40 60 -52 0
36 -42 28 -52 -3 0
45 -12 35 0
8 59 30 -33 -37 50 -52 -36 30 -15 -47 0
28 58 0
10 -15 7 16 28 44 55 58 0
0
-2 2
-2 3
