41 -29 3 31 37 1 5 5 19 23 0
10 -43 -55 38 -4 -51 0
33 46 48 54 0
45 -31 -18 17 34 56 1 5 19 21 57 0
29 0
13 26 58 48 -45 0
0
14 39 45 0
45 26 32 0
19 33 34 36 36 -2 7 30 33 10 10 19 26 46 -48 0
11 -6 13 15 22 23 50 0
43 47 57 -35 22 -32 29 -11 0
35 -7 19 24 49 31 -16 15 25 51 0
0
33 31 -19 0
33 -17 7 0
15 26 29 43 11 12 58 -22 59 0
22 36 32 -26 31 -10 -38 46 -44 -6 0
25 -33 4 -52 -34 50 -58 -19 27 30 55 58 0
42 49 0
6 -3 0
59 -5 -26 5 -42 -28 52 59 0
-2 1
-2 2
-2 3
-67 2
55 -42 8 9 9 57 11 38 15 26 0
51 -2 -56 2 10 14 16 24 0
4 -14 -55 0
11 14 28 44 51 20 52 0
24 36 4 26 37 3 17 51 16 28 30 38 39 0
1 -40 20 31 47 56 59 0
39 42 32 -44 28 -54 0
7 8 18 32 0
57 -19 -28 14 54 0
47 -13 5 20 41 56 0
24 -15 0
7 0
17 19 39 40 54 0
32 44 51 0
11 -28 15 0
5 -7 0
49 -14 -55 38 -35 -12 0
0
39 -4 11 40 0
58 -26 -24 12 22 48 -53 -11 53 -32 -51 5 27 53 0
-48 2
-52 3
