50 8 -9 24 45 54 57 60 0
12 21 30 41 51 11 20 25 27 59 6 13 18 21 32 0
0
0
15 -28 -2 36 -12 15 53 9 13 33 56 0
56 -56 15 -35 0
35 -45 1 5 5 51 -37 1 14 19 38 57 11 19 34 48 0
56 -22 54 -17 0
33 -27 -35 8 -2 19 -5 -19 36 -49 14 18 45 0
17 41 46 20 46 53 55 0
34 -43 45 47 51 0
47 -5 13 -34 -32 9 14 3 31 45 13 25 29 34 50 0
30 -48 -38 43 -8 -60 0
54 57 0
0
26 27 41 43 56 26 50 0
42 -57 26 -13 0
11 -30 32 -35 -23 5 34 4 5 30 36 40 0
9 41 16 0
25 -58 -28 4 22 60 0
17 50 -38 -50 0
28 0
-2 1
-2 2
-2 3
-68 2
10 14 27 40 54 0
40 -39 31 -45 23 36 45 49 53 10 -49 -18 0
7 -1 0
24 26 42 32 -48 13 -53 -28 0
47 -29 -59 0
15 -15 2 14 26 46 58 8 28 30 55 58 6 -31 -44 0
3 -27 28 -54 0
12 0
32 -59 -28 0
50 -5 1 -1 -55 14 25 30 0
7 -32 -11 46 -55 36 -3 0
2 -11 -57 30 -30 -54 53 -42 13 24 27 29 58 0
6 -6 -18 0
10 15 16 -15 0
49 -23 -46 8 -4 0
19 -33 -21 58 -18 49 -9 -4 0
35 -27 0
3 25 37 45 0
47 -36 -16 38 -54 4 18 23 25 8 28 48 51 33 44 46 58 0
31 -49 0
-52 2
-54 3
