24 -26 17 -22 4 13 24 52 0
13 59 -23 26 33 29 -23 0
0
14 -54 0
37 -2 12 20 31 56 0
10 -52 0
7 -8 16 -20 -57 32 49 51 5 15 22 40 54 0
33 -45 14 0
19 27 29 38 40 0
17 30 0
4 -28 0
32 -4 36 -6 -44 44 -2 41 43 46 54 57 0
3 4 28 34 0
6 38 39 41 22 50 0
36 -39 0
60 33 48 49 0
56 -18 -20 28 -17 -50 52 1 5 0
27 -10 -19 12 1 -33 -20 0
19 21 23 47 30 -9 18 18 54 0
18 -55 0
28 43 10 28 40 56 14 28 50 30 -23 -9 15 -20 -60 0
14 -33 14 25 0
-2 1
-2 2
-2 3
-66 3
45 -30 0
27 -15 -55 31 -10 30 52 16 39 0
56 0
3 39 24 -7 8 -1 0
0
13 -47 5 8 35 52 9 -34 -2 0
1 -16 36 -26 0
48 -43 -22 21 20 0
1 24 25 42 58 31 31 -55 22 0
1 -9 -54 0
43 50 33 -46 -35 38 -3 14 -50 0
11 11 29 26 -24 0
54 -60 -49 26 -3 2 32 57 0
48 -59 54 -59 0
46 50 56 0
0
12 43 0
19 -8 24 -37 0
17 23 38 48 0
23 -32 -24 57 -13 -6 0
-50 2
-52 3
