28 -41 -41 58 -42 0
7 7 17 43 57 27 -48 -14 2 17 50 0
30 41 13 -12 -56 7 14 -30 0
7 35 60 10 11 24 19 24 0
8 9 14 54 11 37 22 -8 0
2 -58 35 37 45 8 20 21 36 51 0
44 -54 0
22 -31 49 -10 0
10 -20 0
13 14 19 56 60 33 -60 2 -18 0
47 47 2 6 21 40 49 0
52 -7 -26 0
5 19 47 51 54 0
57 -1 7 36 38 42 33 -39 0
30 -59 57 -30 -44 18 41 51 33 -24 -34 0
1 -19 36 -46 -50 0
22 24 32 59 0
37 -41 3 3 8 18 48 53 38 -60 -19 27 -7 0
15 20 31 0
44 53 36 -15 -17 1 -16 -50 8 9 51 0
19 41 48 -28 -47 5 34 40 0
5 -23 -3 0
-3 1
-3 2
-3 3
6 47 49 50 29 -26 56 -60 0
13 17 38 20 33 43 56 58 17 22 12 45 0
49 -54 30 39 21 33 58 0
28 -14 -51 2 39 1 -20 59 -42 -33 0
28 -15 -9 9 16 37 56 0
19 -6 -16 10 -51 -14 25 -57 41 48 0
10 58 32 -33 -19 0
20 23 28 34 44 12 24 42 57 59 0
18 25 47 58 0
35 -32 -20 0
18 35 52 58 9 21 28 9 28 34 2 19 33 50 55 3 36 44 51 0
26 34 54 57 59 18 40 46 54 57 41 60 29 37 37 0
0
0
46 -44 -7 0
9 36 48 57 22 43 47 53 55 5 20 24 54 55 0
9 20 28 35 43 -41 -16 30 34 41 44 56 0
0
7 10 35 38 41 50 7 -38 -18 0
0
-3 2
-3 3
