8 11 17 58 23 0
0
22 25 38 39 5 -14 -16 15 -2 -1 57 0
28 -10 -54 0
5 33 37 47 57 2 6 29 41 56 18 35 53 36 56 16 -28 0
0
37 -32 44 -12 10 29 50 0
9 -59 -46 0
18 57 -12 -9 0
24 -54 1 10 31 9 -19 -29 0
39 -36 -37 52 -49 55 -42 -31 52 -25 -48 0
13 16 53 59 32 0
1 48 -16 23 33 48 59 23 52 50 -27 -16 0
14 23 33 9 -57 -27 21 -24 -7 0
47 -5 -36 25 -58 -56 0
43 -19 20 28 32 44 50 0
44 -34 0
31 -15 -14 0
34 44 0
15 50 2 14 18 55 0
0
3 -54 0
-3 1
-3 2
-3 3
-66 2
53 -36 31 -34 -58 0
34 -53 6 -41 49 -8 -29 0
17 19 24 30 30 51 55 0
7 -33 0
25 -41 -7 34 0
41 0
19 -50 -58 11 33 57 18 -56 -23 0
9 -24 8 -19 -51 9 -8 -60 0
49 6 -16 -6 7 19 44 57 0
0
4 -25 0
6 8 17 27 30 -33 -21 0
50 -1 -34 35 0
9 25 25 33 41 4 31 45 60 0
2 21 31 3 -33 30 53 58 0
12 38 -47 -34 39 -44 -56 0
1 -6 4 15 25 37 0
10 16 22 29 34 -53 1 2 25 56 0
19 -41 -12 0
15 27 -13 -22 0
-25 2
-25 3
