9 -36 -16 13 -26 -17 0
2 13 22 23 48 44 -42 -7 16 25 40 43 42 -59 -49 7 40 45 0
48 -21 38 -43 -53 42 -42 -21 8 13 19 30 20 0
9 0
33 -44 0
38 -38 -50 0
2 18 24 41 6 13 16 37 48 3 -1 5 57 0
20 -4 0
2 21 22 47 60 30 -8 23 33 36 56 6 -32 -31 1 9 50 55 0
26 44 0
20 21 31 36 50 34 -15 34 -50 0
16 18 25 30 51 0
12 24 26 53 55 43 -24 -22 7 -51 44 -28 7 40 0
7 -6 -58 13 47 0
15 30 31 37 54 5 51 57 6 35 60 6 58 14 19 23 49 0
16 4 8 29 49 52 -36 19 27 29 53 59 -26 -24 0
1 36 19 -54 -21 0
8 -26 -1 21 36 41 50 12 5 7 7 11 27 0
31 -9 -40 34 1 38 60 5 8 24 40 10 -20 0
52 -44 52 -17 0
5 -58 -3 4 7 10 44 3 -45 -28 38 -39 -33 0
15 -24 -10 42 -18 0
-47 1
-48 2
-50 3
-69 3
32 48 2 32 49 57 44 -14 20 56 59 0
24 -36 11 -45 -1 24 -13 -18 0
7 10 18 36 -11 -2 0
41 -52 -9 8 -47 12 14 0
16 18 22 33 43 33 -26 0
22 -43 59 -22 0
43 -6 -30 30 32 36 34 -58 -7 23 33 43 58 0
29 33 56 15 -41 30 34 60 15 -11 0
3 -17 20 23 44 11 -54 -4 0
14 -14 -54 0
32 -19 -28 31 -56 -26 22 -42 20 -55 7 45 49 0
3 25 36 45 47 0
7 -42 0
13 31 40 52 57 5 -48 -22 3 -15 -36 0
40 -58 0
19 -9 -7 48 -25 -8 15 31 34 59 59 -31 -28 0
55 -30 18 -15 -17 2 25 0
13 15 23 44 54 44 -4 -41 23 28 27 31 36 45 55 0
31 -55 45 -44 -27 15 22 36 54 55 35 -50 -5 24 -39 -50 0
33 -5 -3 40 -28 -15 7 -17 27 -16 58 -11 0
-49 2
-52 3
