30 -53 -57 55 56 0
5 -9 8 -15 -30 7 26 59 5 17 21 0
30 -12 -1 0
3 31 54 46 -36 60 0
40 47 8 -37 -23 43 -4 -9 0
15 5 -13 0
49 52 53 0
12 13 42 50 48 51 56 58 20 -22 -41 0
24 -20 -21 5 17 39 -5 51 -8 -14 1 4 13 19 31 0
57 -41 9 -13 0
31 -57 -10 5 6 28 38 20 30 53 -20 0
14 32 34 40 45 0
0
7 8 17 -22 15 46 5 -9 0
55 -18 -23 33 -24 42 -49 13 -30 -11 0
46 -29 -33 23 36 56 19 -10 -52 44 -32 0
3 10 4 -51 -58 22 -46 0
2 -8 -59 22 -53 22 -26 -40 29 -51 -12 0
26 32 0
20 35 0
16 -57 -11 10 -36 -54 0
48 -21 -34 0
-10 1
-10 2
-10 3
28 -50 15 50 26 43 0
57 -33 -37 3 8 7 11 51 57 0
52 -21 -41 30 -1 43 -45 23 -55 -28 37 38 40 0
7 -47 20 10 23 25 38 58 44 -34 -60 0
24 44 9 15 7 37 50 22 -45 -31 0
10 17 20 55 21 23 33 -2 24 -20 -46 0
57 -43 -55 0
57 6 50 0
8 -8 0
55 -48 -15 16 22 23 45 57 0
9 -2 -52 5 14 38 39 52 3 24 42 45 9 34 41 -60 0
17 -7 -31 3 22 35 40 56 45 -28 0
8 -54 55 -21 9 26 30 34 52 0
10 18 36 38 16 20 0
32 51 6 -39 -46 12 26 30 45 59 3 -24 -60 46 -41 0
56 -39 -28 0
13 -40 37 -8 -47 40 -14 -9 0
48 -19 -8 0
3 41 60 -36 24 28 55 56 50 -5 0
11 12 13 51 0
-56 2
-56 3
