0
21 24 33 0
2 -4 0
32 -20 13 -21 0
36 -32 7 15 -46 -42 18 2 -19 0
4 22 23 39 46 56 -52 57 -37 -23 6 -16 0
39 -55 9 -57 39 -39 -53 0
48 -19 1 12 53 27 30 47 40 -26 0
33 -15 41 -48 -14 3 24 46 47 16 -20 27 -46 -11 0
11 23 9 -15 7 -4 -25 32 41 45 57 -33 -23 0
26 -23 28 -11 57 -29 46 -17 -32 0
12 35 39 46 22 -49 0
8 -4 -53 2 34 40 0
9 23 27 36 46 22 31 0
32 -47 -23 33 36 38 0
19 28 42 52 56 35 14 19 20 49 57 0
27 -51 0
46 -59 21 -3 -22 0
55 -17 60 0
0
24 53 6 19 21 21 -24 -56 0
6 -14 -19 5 -17 14 -14 -46 21 47 51 20 -40 -9 0
-16 1
-16 2
-16 3
-66 3
24 30 56 33 33 0
2 3 59 59 45 -59 10 22 43 58 -6 -8 15 25 49 54 58 0
4 -5 60 -23 -55 0
27 0
15 44 30 -35 0
43 -24 20 -46 -50 0
20 -21 0
27 29 12 15 56 58 23 24 25 25 25 15 20 40 45 60 0
42 -54 15 0
30 56 -45 50 -16 -42 21 -47 0
21 23 29 48 38 12 -35 -5 57 -42 0
59 -15 -59 12 1 -9 13 17 26 36 42 0
4 -53 -31 0
51 -57 -13 4 44 0
16 25 32 33 34 0
25 -50 -30 55 25 -35 0
20 -33 57 -40 -2 42 -48 0
5 27 -9 -36 0
19 -60 13 46 53 54 15 -40 -49 34 0
37 -45 -44 34 -14 -19 0
-53 2
-54 3
