58 -4 14 -38 -49 59 -23 33 -39 -55 0
27 -41 -48 35 37 37 -20 44 -58 0
7 -59 0
49 -21 12 14 16 0
21 9 -43 -43 0
29 -48 30 -16 -8 0
7 -17 -46 0
37 -57 2 -53 24 42 52 54 10 4 -49 -35 0
60 -14 0
0
23 -6 -16 45 -6 0
12 59 42 -46 30 45 48 58 -30 0
33 32 -27 -24 42 -52 -13 0
4 -59 1 20 25 2 24 36 56 60 0
2 42 52 21 23 38 45 46 48 -43 -4 0
14 -56 59 -8 -1 4 56 53 -16 -2 33 -58 -21 0
14 32 38 20 41 46 39 -15 -19 0
25 51 0
58 -47 -37 23 -7 25 34 49 -46 -58 0
13 22 32 50 -22 -41 41 -59 -17 0
51 -52 -57 29 -4 -16 10 -57 -4 0
15 -57 44 -22 -21 0
-2 1
-2 2
-2 3
20 -37 -3 39 -4 -4 25 -2 -50 27 27 39 59 60 0
7 20 55 10 -49 -3 0
52 -13 -24 19 21 45 51 17 -52 4 0
45 -20 55 -23 0
16 -48 8 26 33 45 50 0
17 37 37 39 40 35 38 55 56 42 -38 -59 9 -40 -31 32 38 0
23 23 23 53 57 48 -22 -31 10 37 0
8 18 26 46 56 40 -32 3 -34 -52 4 50 59 0
57 -28 -60 19 25 53 -33 1 -13 0
41 -38 43 -16 -29 41 5 -12 0
21 -11 14 15 35 0
8 -36 0
13 -22 -4 51 -9 59 0
28 56 5 13 24 46 48 0
7 23 33 42 57 20 -15 6 8 25 44 54 -6 -11 0
13 46 60 0
18 -48 53 -21 -47 26 -2 -7 29 38 47 52 28 -20 -43 0
13 52 56 1 5 6 46 57 2 -2 -56 0
13 29 38 55 0
0
-10 2
-10 3
