3 -49 -19 8 -11 -46 0
4 54 59 46 -14 -27 0
23 -6 1 -36 -59 49 52 54 5 9 58 0
31 -42 -20 4 4 27 31 55 13 -29 -30 0
5 -33 18 -60 -52 26 -31 0
20 43 6 15 46 0
18 18 23 38 18 -33 -29 56 17 31 0
20 -29 -32 0
7 10 57 13 -18 -13 0
42 -27 50 -13 45 -31 -15 0
13 -40 -59 51 -59 -39 0
0
51 -51 0
13 21 43 54 25 36 51 57 57 5 40 41 55 -36 -19 0
16 -22 56 25 39 41 49 0
4 34 45 49 11 27 49 44 -34 0
49 -47 -6 0
28 -49 6 -43 -16 0
4 37 37 49 50 0
22 31 33 45 47 13 -56 -36 18 19 23 34 18 -20 0
42 -12 -39 36 -26 -2 0
3 36 49 23 -29 10 36 40 0
-2 1
-2 2
-2 3
-66 3
-66 2
25 -4 11 -57 15 21 32 0
24 51 13 18 16 43 0
57 -60 0
0
8 19 22 42 0
5 21 23 29 46 13 25 54 52 -22 5 12 38 59 60 34 0
52 -6 17 -46 -30 2 16 30 37 51 52 0
3 -30 31 20 28 0
5 -27 -51 31 -2 -33 0
53 19 25 39 55 10 -45 -15 12 22 58 59 0
51 17 43 55 11 43 55 45 -14 -41 0
40 7 18 41 51 51 -27 -22 0
45 -47 3 29 29 54 35 48 53 0
28 -58 29 37 59 0
6 -13 0
9 24 28 35 41 5 17 33 49 52 22 36 -1 -54 0
49 6 29 45 51 57 47 -50 -28 0
3 -2 49 -18 0
26 -37 0
16 -51 -59 20 27 28 48 55 5 -60 -33 27 -29 -22 0
-13 2
-13 3
