50 58 26 30 31 40 13 57 41 -19 0
39 -36 56 -28 -42 0
14 -17 0
11 24 57 33 46 0
15 19 38 42 -58 -27 0
1 10 35 43 57 1 43 -32 25 31 -48 0
26 0
27 -46 29 -3 0
4 31 16 -31 12 43 0
31 -28 -38 10 11 16 22 56 -35 -43 18 -4 -8 2 -23 0
16 37 47 47 51 48 -53 0
26 -17 0
34 -14 -15 27 -12 -58 12 21 38 48 13 -30 0
19 -53 -21 24 16 0
4 26 37 -53 -52 25 -35 -15 0
15 -57 28 9 52 26 -33 -49 58 -18 0
4 30 36 46 53 56 3 5 5 16 27 0
14 -11 0
48 0
59 56 -51 -9 17 -16 0
13 -60 20 43 0
2 42 0
-5 1
-5 2
-5 3
21 -33 -11 31 -42 -19 0
57 -45 3 13 22 60 0
13 35 29 35 40 42 17 -46 34 -45 7 12 23 41 50 0
0
43 -60 -8 0
20 -15 -20 38 -33 43 -33 0
54 -31 0
5 -45 0
12 14 44 50 51 4 -21 -41 7 58 -33 0
0
11 -31 -29 42 -38 46 -40 33 -21 0
52 -52 46 4 7 35 14 -3 0
2 29 42 59 33 -39 0
41 -56 40 0
44 -53 -35 0
10 15 41 57 59 0
30 -13 0
10 13 15 47 53 19 42 14 30 39 0
14 37 25 50 30 60 26 -53 -4 0
1 10 24 46 9 -46 -10 25 -11 45 0
-5 2
-5 3
