28 -26 -50 0
34 -39 42 -16 -22 8 45 50 58 0
48 -16 59 -16 0
44 45 47 56 32 -20 9 16 32 36 45 0
47 5 -33 41 -50 6 20 32 48 49 0
0
55 -58 1 -39 -18 54 0
3 36 41 50 56 5 19 24 60 20 47 50 60 34 -43 -56 0
0
36 -39 -14 40 -12 25 -49 31 -38 4 8 56 0
57 -45 -37 0
11 38 0
42 28 31 58 60 1 12 33 34 45 45 -14 21 39 43 55 56 0
50 -60 59 20 50 11 34 50 0
56 -44 0
18 28 59 14 18 28 49 4 -9 -54 22 48 0
47 -15 0
3 4 25 45 49 0
52 0
48 -35 -23 1 23 43 -8 -12 21 38 42 57 57 0
0
3 16 35 55 35 -37 -44 44 -11 2 -9 0
-6 1
-6 2
-6 3
52 -20 13 -57 41 -27 30 -7 13 19 0
52 -44 0
1 -26 -32 29 -14 -53 43 44 45 56 59 9 -24 -49 1 -7 0
1 5 14 59 22 -29 -1 0
31 -31 -32 16 25 36 40 18 -30 46 0
24 -10 -19 23 30 39 41 0
14 -53 -13 2 -43 -39 55 -1 0
32 -9 2 -20 -12 12 32 54 38 -60 0
2 17 55 36 -34 -6 0
1 -13 -58 33 44 44 49 0
2 12 0
28 -40 15 -53 -50 20 -2 0
1 11 31 50 56 26 -7 35 39 0
0
60 -7 -18 53 -20 -48 0
15 -50 -41 12 -42 -28 0
0
24 59 36 -11 -37 32 49 0
41 50 0
0
-6 2
-6 3
