5 16 26 16 -49 -4 36 -8 -59 0
24 -34 1 18 21 41 47 0
8 17 20 39 42 33 -10 -12 0
15 -2 13 -5 -6 49 -41 52 -33 -13 0
32 -13 36 -55 -47 17 -20 0
52 -22 -51 16 -39 18 -23 8 -48 45 -48 0
57 -50 47 -54 25 -56 11 20 20 48 21 0
58 41 0
29 14 -47 -60 31 39 48 55 57 0
0
39 -6 -12 0
46 -40 0
53 -8 -26 0
45 -26 5 18 48 -12 0
4 46 49 59 36 -28 14 -56 47 -42 -25 0
9 1 20 34 0
7 9 16 17 56 27 -20 48 -9 -37 0
21 -23 -37 56 -51 11 17 28 34 8 -10 -59 37 -17 -58 0
38 39 50 53 0
26 -51 -52 21 -59 -5 0
26 34 56 53 -53 23 -9 -19 55 -34 20 -40 -46 0
49 -22 -41 0
-2 1
-2 2
-2 3
44 -50 -51 49 -55 28 29 58 0
7 16 41 55 0
54 -13 -24 9 17 22 31 5 6 9 54 1 3 52 0
22 -43 -5 28 -59 0
39 -45 51 -51 -14 43 -47 0
1 6 9 22 45 0
34 -56 18 31 39 46 48 42 -43 5 10 43 53 60 0
16 21 26 35 53 11 13 49 60 35 55 0
56 -4 -57 3 -23 4 10 24 40 56 9 -16 33 -12 0
15 39 52 56 -42 0
6 18 40 47 44 -52 -17 0
2 -36 0
27 -23 4 17 39 43 53 32 -55 -50 26 -23 -26 0
11 32 35 40 58 57 -20 -35 4 21 42 48 16 50 0
42 -27 28 -23 19 23 49 53 3 -15 -52 8 0
25 -15 -60 0
55 -37 2 14 18 46 56 21 36 37 52 40 -25 -1 0
49 -25 -35 55 -14 14 -12 18 22 39 46 0
17 19 28 43 51 40 7 -26 0
21 -11 -53 3 9 16 45 0
-11 2
-11 3
