18 -35 -22 0
0
29 19 38 46 55 58 0
12 49 5 23 31 35 46 58 53 -54 -14 32 -51 -34 0
0
0
6 7 12 41 58 3 24 37 13 24 38 56 56 4 -23 12 -12 0
45 -55 -21 10 30 48 11 24 27 46 37 41 56 0
10 17 58 53 60 25 35 47 48 59 32 -10 6 32 48 49 0
23 25 -9 0
0
11 -49 -45 55 -42 39 -26 55 -32 0
36 44 0
0
41 -2 0
4 33 39 39 43 -38 -33 12 20 23 27 43 0
15 28 29 37 59 20 26 0
12 -25 -11 41 42 49 29 -43 0
37 -7 -39 0
6 -49 -2 41 -25 7 11 58 0
32 -14 -60 48 -44 -5 5 -9 38 -36 0
1 -14 12 -41 -34 30 -9 -3 38 -35 0
-2 1
-2 2
-2 3
1 1 2 22 57 0
46 1 20 38 55 28 -8 6 20 50 12 -20 0
32 5 27 51 9 14 15 25 40 -53 0
58 -20 -32 38 -33 -50 1 25 33 33 0
39 -54 2 12 28 36 0
9 -57 -16 0
6 7 25 36 48 45 50 57 58 -40 28 -48 -9 0
7 0
46 -23 47 51 29 -6 -19 0
11 44 51 12 -54 55 -15 0
37 -11 0
6 -39 6 47 0
1 41 51 58 29 -51 14 23 29 31 60 0
37 -12 26 -31 29 41 49 57 54 -42 -3 26 -38 0
3 29 50 0
44 -37 4 41 13 20 55 20 34 47 50 54 0
9 14 40 2 10 12 0
26 -55 10 35 0
0
0
-7 2
-7 3
