2 -57 17 19 33 48 0
0
0
22 -26 25 -36 9 0
6 25 -49 0
3 21 29 39 7 -13 0
29 0
7 -48 14 -6 -42 3 7 15 -38 -26 1 8 43 0
1 -45 14 39 51 60 -49 0
0
30 27 0
9 -11 -18 36 38 58 0
3 -22 -40 48 0
43 -7 28 37 11 30 0
37 -22 -40 0
43 -42 -35 36 -17 44 -15 0
49 -12 24 -31 44 -58 26 -56 -40 10 14 16 30 0
7 34 37 7 -50 -22 53 -35 0
40 -7 17 24 27 35 -20 0
2 30 0
26 42 43 58 18 26 26 38 51 20 -50 -36 0
42 -51 -40 56 -31 -49 28 -34 -17 0
-3 1
-3 2
-3 3
-69 2
28 -7 9 -8 0
0
2 17 24 0
27 -28 1 4 19 55 0
7 -40 -5 0
54 -30 -27 2 20 32 0
44 0
52 -11 -18 53 -44 0
7 -3 -11 0
30 -3 -51 18 21 51 41 60 0
13 32 36 56 -7 12 -55 -21 2 15 27 30 54 0
14 48 53 -57 -21 35 -26 -1 26 30 34 46 52 0
21 6 15 25 30 40 0
8 7 30 39 41 47 0
12 39 48 22 -31 0
7 21 59 18 -28 -19 0
9 -27 0
8 -49 53 -14 0
39 -14 29 37 38 22 -47 10 27 32 55 0
52 -21 21 -18 2 20 41 0
-4 2
-4 3
