31 -43 -60 45 5 6 30 38 39 0
16 -58 11 -39 -24 20 22 29 33 44 9 18 29 47 0
35 -18 -8 4 5 26 40 45 56 -55 12 57 0
23 -51 -38 0
57 -32 28 25 57 3 18 22 33 0
0
18 23 24 32 46 6 1 38 -60 -38 0
10 -49 -12 56 -18 5 -54 -7 0
30 -25 10 -35 -18 26 27 57 0
2 12 13 27 49 -28 60 -42 -55 29 -21 0
43 -30 0
16 -39 59 -4 48 56 0
37 37 40 7 -10 -18 0
15 -48 4 7 0
16 -18 -57 33 -24 -44 20 23 24 51 55 21 27 0
9 -53 31 -38 -8 54 -56 -42 0
14 3 40 36 0
0
54 -22 -19 0
12 20 40 46 9 -48 -1 10 52 1 -30 5 20 52 57 0
37 -51 0
7 20 25 28 50 19 28 0
-7 1
-7 2
-7 3
-69 3
18 38 41 55 56 6 7 15 16 11 -42 -18 0
53 -55 43 0
35 48 55 45 5 21 25 42 0
6 44 47 51 4 36 41 50 18 43 0
2 25 -44 21 -14 -50 42 3 6 31 0
23 -10 -38 0
4 31 47 56 39 -49 -58 16 -41 -48 17 -34 0
20 -20 -27 39 0
24 -41 44 -40 0
14 -53 0
36 -15 -53 29 30 31 41 0
12 14 29 43 59 15 -59 -6 16 -36 0
9 -55 -1 6 -9 -33 6 14 48 51 2 19 27 56 21 57 0
28 -29 -45 12 28 29 60 33 36 11 -19 -57 0
18 -60 0
34 38 40 51 7 17 31 37 47 0
34 -18 9 10 37 4 26 44 0
23 -35 10 55 60 24 -33 0
15 -28 -3 6 14 37 39 27 58 46 0
4 5 8 13 26 0
-50 2
-51 3
