12 51 59 -39 -23 0
21 28 35 6 23 23 26 9 22 52 28 55 57 50 -36 0
58 -33 42 1 5 12 13 21 0
25 -13 -7 6 21 27 22 -53 0
9 10 38 0
48 -12 8 32 55 -41 9 -44 -9 0
30 -4 3 28 42 50 10 -9 53 -13 -58 0
28 -33 -19 11 22 27 36 53 0
23 27 29 36 50 0
51 -25 -39 52 -16 19 -26 -19 0
8 14 37 44 45 51 -22 20 11 40 0
46 3 8 26 32 40 0
26 -35 -27 25 -43 -21 25 -19 50 59 0
28 29 44 45 31 40 51 23 42 27 41 44 0
0
0
7 -44 8 11 28 4 18 58 58 32 48 59 0
5 19 57 60 20 -20 -58 42 -35 58 -9 -4 0
27 -36 -35 0
47 -11 19 0
23 -20 3 41 0
31 36 0
-2 1
-2 2
-2 3
-67 3
45 -11 13 13 18 30 33 16 20 23 43 45 3 24 37 1 46 46 56 0
16 27 39 25 -55 -17 2 8 17 36 47 0
3 11 25 32 51 10 12 13 45 21 52 -8 0
37 -52 12 -40 8 -19 -48 58 -37 0
24 8 -27 -19 17 18 32 56 29 -59 0
40 -18 34 38 51 54 60 55 -22 3 39 0
3 31 -21 -6 30 -4 -37 13 26 37 0
54 -20 -51 0
34 40 51 -11 0
3 39 54 54 15 21 45 49 1 7 21 38 0
32 56 59 0
25 -47 -1 0
31 44 30 -8 59 0
17 -58 -9 53 -14 -7 0
45 60 15 -42 18 29 42 59 -20 0
15 -42 -21 53 -17 -31 0
35 -7 -12 0
2 0
6 -26 0
54 -20 -24 9 33 33 60 17 23 35 -29 -31 32 -44 0
-47 2
-52 3
