14 18 25 42 25 32 44 1 5 20 35 47 0
30 -4 -47 0
0
50 8 -47 15 36 51 0
39 -2 -24 30 -9 -49 8 -12 -41 41 -57 -33 51 0
6 39 52 57 0
39 41 44 -45 16 -37 -55 44 -9 -13 0
17 40 50 60 30 43 44 -58 -4 0
46 -47 0
30 -40 21 -14 0
0
52 -5 34 -60 40 -27 -22 0
8 55 -54 -23 9 -32 -28 0
6 53 55 3 -47 -20 0
12 25 31 59 51 54 56 58 0
38 -47 9 44 17 0
5 56 40 36 4 16 24 31 0
2 25 27 31 40 0
56 -10 -21 25 -39 45 -58 -45 19 33 -23 -3 0
55 6 23 53 18 -18 8 -56 0
4 4 20 0
14 -58 53 -12 0
-6 1
-6 2
-6 3
51 -41 0
5 47 57 0
49 -43 -23 50 -46 -42 0
56 -33 51 -12 0
28 58 7 42 45 48 58 0
2 29 38 40 47 0
59 -41 -26 16 46 28 0
56 -44 -43 0
54 25 42 56 57 28 45 -12 -49 0
26 0
12 -48 -42 49 -53 33 -33 45 -39 0
14 44 53 27 -49 0
0
23 -58 29 -17 29 37 43 15 37 48 48 0
6 -30 0
3 30 -30 22 3 27 37 0
1 26 28 -48 -10 0
0
0
55 -57 10 17 21 24 50 41 -25 -14 38 -25 17 33 38 0
-10 2
-10 3
