34 -7 54 -2 -49 42 -16 -48 58 -24 -56 0
9 23 31 37 42 38 -6 15 38 17 53 0
11 12 60 27 28 32 37 0
41 -23 57 -33 14 32 0
45 46 0
38 -49 -58 58 -45 0
3 53 -56 -33 0
25 8 14 32 26 34 57 0
11 -3 5 22 50 52 60 0
13 14 30 5 37 39 46 -17 -4 1 -17 -56 16 -52 0
20 -35 13 -44 -55 34 -5 34 -59 -40 0
58 -32 0
0
17 -54 1 32 57 9 -52 -19 36 0
49 -27 -6 0
0
39 15 -40 24 55 56 -35 -29 9 -46 0
22 -59 -40 31 -15 0
13 19 46 52 21 -41 0
19 -35 -42 42 -46 -23 1 9 19 55 0
29 -19 -24 0
14 -2 0
-2 1
-2 2
-2 3
-68 3
40 -37 17 0
3 9 40 44 56 15 -46 3 18 18 40 47 55 -30 -35 12 -48 -23 0
30 55 3 -58 -13 22 -19 0
4 15 29 19 20 8 11 34 38 29 -33 0
12 -7 49 -27 32 34 35 52 60 0
2 -4 -39 40 25 -60 -60 0
6 43 57 -16 -21 8 0
8 9 18 36 4 20 41 41 44 54 -26 0
2 21 41 0
27 -24 -1 0
29 -44 36 -50 12 21 44 17 -48 5 33 0
2 7 20 23 -11 -16 0
23 -4 -10 0
3 10 60 0
60 32 -44 -18 38 3 9 28 38 0
42 -44 7 28 47 51 59 42 -56 -40 18 47 11 -31 -51 0
39 -45 25 2 0
46 -3 12 45 54 -4 11 11 37 43 45 1 3 28 52 0
3 -45 11 0
20 31 43 57 43 -13 -14 0
-47 2
-52 3
