46 -22 -12 0
11 -25 -11 37 -6 -45 0
54 -14 -16 4 -8 21 -15 0
3 32 5 8 29 0
57 -43 13 -15 -20 0
2 48 15 -24 52 -34 -47 0
1 4 -56 2 -45 -32 0
24 -50 9 21 55 56 0
8 -42 -40 0
3 -52 -29 45 -37 17 -48 0
1 15 49 13 49 30 -2 0
48 51 52 56 59 10 38 15 25 38 59 59 32 -50 18 32 49 0
56 51 -38 16 -57 -18 18 -23 -27 0
13 30 47 58 10 55 -44 0
6 -3 -58 3 -36 -16 9 42 0
6 14 25 52 57 21 -50 -30 0
24 -20 0
3 15 27 32 57 0
34 -34 5 25 50 52 2 -51 0
12 13 16 38 50 -16 -44 40 -39 0
11 15 21 53 54 34 -14 0
30 -3 57 -18 29 -28 15 23 46 55 0
-6 1
-6 2
-6 3
-67 3
43 -53 -38 0
38 -58 30 -3 0
1 35 39 53 7 12 14 20 36 0
50 4 33 37 42 44 3 3 13 29 54 15 51 0
56 -13 -59 0
6 12 14 43 48 22 -37 56 -58 -8 25 -20 6 12 30 44 0
0
3 15 41 54 57 35 -8 -49 0
2 44 59 55 -22 -28 0
28 -31 -4 35 53 40 0
35 30 -12 -57 9 0
51 -28 -38 1 -17 -42 0
31 -2 0
4 4 8 13 18 3 43 0
45 0
31 -39 -55 4 -2 -15 7 -59 -59 31 -55 28 -57 0
0
4 8 43 55 2 35 29 -24 -27 0
6 19 29 39 53 5 8 57 0
2 20 50 55 1 33 42 56 3 11 13 25 -43 0
-25 2
-25 3
