10 17 42 0
65 7 -79 -81 63 -81 -49 12 52 57 85 92 24 69 79 92 0
66 90 15 49 76 95 0
18 32 49 40 -37 0
37 -57 38 -18 -91 0
15 21 28 0
58 -63 -44 8 -18 58 -18 -19 91 -74 -87 0
1 25 64 74 96 98 -88 -60 51 -61 0
53 -42 0
45 47 50 60 85 62 0
96 -71 -40 23 -60 0
17 2 -1 2 0
-509 3
76 -26 37 -72 55 -37 75 -23 -94 0
60 60 65 82 0
88 61 -5 -39 28 -12 0
74 73 -64 28 37 65 66 95 0
11 53 57 65 72 37 48 52 54 60 79 -45 0
13 -61 -49 52 84 54 -43 0
32 -94 -97 97 -100 -22 0
18 -1 -98 86 -26 28 40 60 73 0
76 -58 40 -30 -75 9 52 64 85 88 0
13 91 100 97 0
73 75 -71 -84 30 -77 -70 30 37 57 71 75 0
21 46 80 88 96 22 -11 -28 21 -91 74 -89 -73 0
82 -86 -27 25 -79 22 36 44 70 84 0
77 98 -87 -20 51 -88 -34 0
0
1 2 3 4 0
51 -83 16 17 49 64 68 -34 -1 14 49 49 56 0
38 84 7 -17 20 32 0
41 -100 14 -6 0
55 -81 -94 88 -71 49 -20 -53 30 -22 0
87 48 -38 0
40 0
44 -10 -54 0
96 -86 0
1 -59 -92 0
18 27 49 59 62 0
13 -58 -31 46 -35 -22 95 -79 92 -69 -31 0
75 -61 -20 17 -37 -4 2 -90 -34 51 -57 -77 0
51 70 0
79 -65 -47 0
55 69 23 69 0
32 38 50 58 59 0
1 78 73 88 88 0
82 -65 14 18 42 87 99 9 -83 82 91 6 29 45 93 0
-851 2
37 -90 0
32 61 -15 0
11 15 50 12 19 36 -78 35 -65 31 42 73 0
16 33 92 93 62 -11 -66 0
18 25 31 44 66 0
0
6 71 4 8 72 23 -34 -85 0
-100 1
