19 3 -3 0
-5 2
-8 1
0
8 -5 -24 16 -4 -17 13 -3 0
0
22 -3 -24 0
9 21 -4 -26 3 -1 -7 20 -3 -3 17 -3 -12 12 0
-7 1
0
2 12 -2 16 -3 13 -5 4 18 14 -4 -25 22 0
-4 1
22 -5 15 16 -4 12 -1 11 -4 -8 3 -2 15 -5 5 -3 -26 0
13 -3 19 6 -5 0
-3 1
19 -3 18 -5 8 -4 18 -4 5 -2 18 18 -3 -12 17 20 -2 -10 0
4 18 -2 -29 12 0
-1 1
21 -5 -11 15 -2 -6 1 11 -5 3 -2 5 -3 2 0
3 -5 -9 18 0
0
9 -3 -23 7 -3 2 -5 -9 18 6 -4 22 -5 -10 5 -2 -23 0
-9 1
21 -5 17 -3 0
4 -1 10 11 -2 9 3 8 17 0
22 1 6 -4 5 14 22 -3 14 -5 0
5 11 -3 -19 4 7 -1 13 -4 -8 8 -2 19 -3 -12 0
-4 3
-1 3
17 -5 -6 4 -5 18 12 21 -5 1 -4 11 20 -5 12 -2 0
9 -2 -5 13 -3 8 7 13 -5 14 -1 -7 0
18 -1 20 20 -4 -25 0
8 -3 -11 18 1 -3 -24 10 -3 -4 10 -5 -24 17 0
2 -4 -29 20 14 -2 -16 15 -2 -7 9 4 -4 -1 0
18 -4 14 -4 17 3 -3 -17 0
5 6 3 20 -4 -28 3 -2 17 -2 -11 18 -5 -3 20 22 0
9 -4 -16 14 16 -3 0
13 17 -4 14 -4 3 -2 -3 9 -2 14 12 17 -2 -14 0
16 -4 -17 10 -5 22 -1 -15 2 -3 8 19 -3 1 -5 -14 9 -2 0
13 8 6 0
10 -3 19 -4 19 2 -4 -18 15 16 -3 0
-3 2
8 12 2 -3 18 -2 0
-2 1
2 -5 -15 0
5 -5 -20 0
17 -2 12 0
22 0
5 -4 -30 21 -4 -2 16 6 -5 9 -4 0
0
22 -2 16 -3 22 -4 6 -2 -25 19 2 0
-10 2
5 -1 -27 0
22 -2 12 -3 14 21 -4 -26 15 5 -4 8 -3 0
-5 3
14 -1 -20 0
17 -5 0
-10 2
21 -2 -3 3 -4 -11 5 -3 10 -3 -9 17 3 11 -1 13 8 0
19 -4 3 -1 8 11 10 0
8 -5 6 22 -3 -29 19 -4 3 -5 18 0
20 -5 8 -4 4 -4 -5 0
19 -4 0
16 -4 -30 11 -3 -18 22 -4 -6 0
21 -4 -15 19 -5 -9 10 15 -5 -9 5 0
8 -1 -27 17 -2 1 -4 3 9 -3 -22 3 14 3 -3 11 0
16 -4 7 -5 -26 0
5 -1 -28 21 0
0
5 -3 9 0
-9 3
5 -1 5 -4 9 -3 -5 6 15 -4 6 -4 19 -5 14 -5 0
8 7 21 -2 -23 21 -1 22 -3 -16 6 -4 -9 20 -3 8 0
5 -3 17 3 -3 -13 17 1 -2 -12 0
10 -1 19 -4 -20 0
12 -1 -26 19 -4 -17 0
7 -2 -25 11 0
12 -1 -19 3 -5 -26 3 -3 4 -4 -6 0
0
19 -1 22 -2 3 -2 3 -3 18 -2 21 17 -2 -29 12 -2 13 -4 0
15 -5 -3 22 18 -1 -4 16 -5 0
-8 1
8 9 7 -4 7 -4 14 4 -4 16 -2 -19 0
12 -2 -13 6 -1 -21 16 -1 9 16 20 19 0
-1 3
6 4 -5 -20 1 -1 -6 0
8 -5 0
1 10 -1 9 -3 -1 12 -3 16 -2 -10 0
9 20 -5 -5 7 -5 -14 6 0
2 11 -1 -15 5 -2 -21 22 -2 4 -3 16 -2 -9 0
-2 1
-3 3
-7 1
17 15 -5 -15 14 -1 -30 2 -2 21 6 0
-9 3
-4 1
21 0
-9 3
17 6 -3 -14 20 15 -3 -25 13 -5 19 15 -3 0
5 -2 -25 18 -2 19 -1 21 -2 17 -3 -1 12 -5 -27 22 10 0
