12 -3 1 -1 -11 2 -3 -15 10 -4 21 -4 -21 0
14 -5 -29 7 -3 15 -2 16 22 3 -2 22 -2 -23 0
17 25 -5 -6 17 -3 -19 10 14 20 -6 -26 25 -2 14 21 -2 0
8 0
22 -4 4 0
6 -3 -33 3 -5 14 -4 3 -4 0
3 -3 -34 7 24 0
25 -3 -26 21 -4 -23 25 -1 -17 1 -4 -34 8 -6 -14 15 -1 -19 12 -6 -36 20 3 -4 -3 0
14 -6 -9 19 12 17 -4 -13 16 -3 18 25 -3 14 0
2 -2 4 0
18 -6 23 21 -3 4 -5 20 -1 25 -5 -33 0
9 17 16 5 -4 0
18 -3 -25 11 -6 1 3 4 -1 1 -2 9 -4 -13 22 -4 17 -3 0
17 -6 -12 24 -5 -30 21 -3 20 -5 -15 22 0
9 -2 22 15 0
22 -6 16 5 11 -1 3 -2 -19 19 22 23 6 -1 -26 0
19 -5 3 -4 -22 0
6 19 -2 -3 2 17 -5 17 -4 6 -5 6 6 -6 -20 12 -2 0
5 -2 -26 14 -5 24 24 -3 20 -5 -36 15 -5 0
-4 3
23 -5 -23 0
12 -4 19 -1 4 -2 -28 8 -2 2 23 -5 -32 1 -1 0
21 -2 -19 22 -3 -22 2 -6 8 -6 -5 0
14 -4 6 -3 21 -6 3 -5 -36 25 24 -5 -20 0
-2 2
23 -3 -23 3 0
4 -1 -26 7 8 -6 -18 11 -5 -1 0
-4 2
17 19 -2 17 -1 0
24 -6 -26 18 16 -5 -1 23 -1 0
-11 2
14 -1 -22 20 -1 -36 0
-9 1
7 -3 21 11 12 -4 1 -4 -26 10 -2 0
7 0
9 -1 14 -3 5 7 6 -3 -5 0
25 -4 22 -1 0
21 2 -5 0
21 2 -2 2 -3 -35 17 7 -1 16 0
5 -6 5 -2 0
0
-3 2
16 10 -4 23 4 -6 16 -2 -17 18 -2 -13 0
12 -5 20 -6 -17 9 -5 15 0
16 -1 -23 25 -4 -13 11 8 -6 -23 0
0
25 -6 -9 21 -1 24 -2 -22 8 -1 19 7 -2 -29 14 12 -6 22 -4 -14 0
18 15 -6 -38 0
0
0
16 -6 -29 17 -2 -9 2 -3 -21 16 14 22 13 -4 0
-5 1
11 -4 0
21 -4 16 -4 -34 8 -4 10 -1 -18 16 -5 -14 21 -4 20 -5 -3 0
0
0
9 -4 -29 2 -1 -35 18 -1 -1 23 -6 25 -4 22 -5 3 -2 -25 14 -5 0
-12 2
-4 3
20 10 -4 -24 5 0
-3 3
21 -4 1 -4 -29 19 -5 12 6 3 -2 2 22 0
-13 2
-12 3
-5 3
12 22 -3 16 -1 -32 6 22 25 -1 0
15 20 -6 13 13 4 -2 0
19 -3 -12 18 -4 11 -4 -2 21 15 -5 13 7 -1 -16 18 -4 -10 14 -3 -26 0
-2 2
1 -1 18 -1 15 -4 22 -5 -17 2 -1 -33 4 0
3 -2 -33 1 -3 13 -6 0
21 -5 -19 4 -1 -21 4 -4 24 -2 0
3 -4 19 17 16 0
8 -5 -25 2 -2 -39 18 -6 -24 7 -2 -29 7 -1 6 -5 0
11 -6 9 -6 -5 3 -1 -12 19 -4 -2 10 -3 0
