-13 2
-5 3
8 -3 11 -4 21 -7 13 -3 0
12 24 -4 0
24 -4 20 -5 -21 10 -4 -36 16 -3 -44 0
20 -3 -2 12 0
1 -2 -31 12 -5 25 -6 -11 19 -4 2 -2 -41 17 -3 23 1 0
5 -1 -45 21 -3 -5 15 -3 9 -5 11 19 19 3 -5 0
-8 3
25 24 -2 20 0
10 -1 -29 22 -2 -29 4 -4 -36 12 -5 -15 15 -3 0
-10 2
-6 3
14 -5 1 -6 9 -7 -27 12 -1 -4 17 -6 -3 15 -3 22 0
-4 1
-4 2
23 -5 -42 17 -1 0
1 -2 16 11 -3 -39 22 -1 12 23 -3 -7 7 0
0
4 -3 -14 12 17 1 -6 -2 16 -6 0
-4 1
-9 2
13 -3 17 -4 -38 21 -7 5 8 -5 25 -4 -44 2 0
13 17 0
12 0
15 -6 0
18 26 27 20 -7 -45 17 -6 -2 0
21 24 11 -4 -7 2 -1 -7 0
9 -1 -2 11 -3 7 10 -5 -1 4 2 0
16 -5 -36 7 -2 -38 0
21 -5 4 -4 -44 0
3 -3 -40 12 24 -1 26 -1 -18 15 0
6 -7 25 13 -2 12 -2 -3 27 -4 0
9 -1 5 -5 -31 12 -1 4 9 0
5 -5 1 25 -7 -28 0
6 0
-7 3
-4 2
18 -5 14 16 15 -6 3 -1 -21 4 -4 8 -5 0
17 19 -5 -10 2 20 5 -3 -4 5 10 -7 5 26 -6 -6 0
27 8 -1 27 19 -7 -25 8 -1 11 -4 -37 21 7 -4 -6 19 -4 0
10 24 0
-5 3
-15 1
-10 1
-8 1
13 -4 0
11 -5 -10 11 -5 22 23 -2 9 -3 -5 27 -5 21 -6 3 -7 0
-8 1
19 2 24 19 -6 0
-14 1
10 -2 -9 20 -6 -6 22 25 -6 -45 0
9 14 25 -7 2 -5 -13 9 18 -7 0
4 22 -5 0
19 -1 -28 19 -5 -26 3 1 0
7 6 -1 -20 27 -4 -24 0
26 20 1 -7 2 -5 9 -2 -23 0
6 -4 -26 0
24 20 -6 -18 24 -7 -26 0
-5 2
25 -3 -2 12 -6 -26 22 -6 -18 24 -7 0
10 -4 -11 0
4 9 1 -6 -19 27 0
18 -3 -5 22 0
10 -5 -5 16 -7 23 -3 -40 27 -5 -45 22 -5 -22 6 -4 26 -6 -15 11 -6 0
27 9 0
14 -1 -41 0
-6 1
8 15 -2 25 -4 21 0
22 -2 -10 7 -4 -36 9 -1 7 -3 -44 24 0
-7 3
8 -3 9 10 -5 0
11 0
16 17 -6 0
0
