8 -2 -8 1 -2 10 -2 13 13 -2 -3 14 15 1 -1 -8 16 -2 -5 0
-5 1
1 -1 0
-4 1
17 -2 7 6 -2 10 -2 2 0
2 -1 15 11 -1 -4 10 -1 17 -2 4 -2 3 -1 -3 17 13 -1 0
-1 2
16 -1 15 -2 7 0
13 0
8 -2 -13 8 4 -1 10 -1 -10 2 -1 -13 12 -2 -12 9 -2 -15 0
5 -1 8 -2 -12 15 16 13 -1 12 -2 -14 15 0
3 6 -2 10 3 17 -2 9 -1 0
2 -2 9 -2 10 -2 12 -2 -12 0
3 -2 -15 7 -1 12 -1 9 -1 -10 14 11 -1 14 -2 0
13 16 -2 -8 10 -2 7 -1 -7 17 -1 -6 1 13 0
9 0
15 12 -1 11 -2 -11 16 -2 -12 0
15 17 -1 5 -1 -13 14 13 -1 6 0
7 -1 -14 16 -1 4 -1 12 -2 10 -2 -4 12 -2 -8 17 -2 -3 2 -2 -15 0
-3 2
7 14 -1 -14 0
8 16 -1 -7 9 14 -1 0
0
10 -2 8 5 13 -1 4 -1 5 -2 12 -1 0
15 -2 -4 6 -2 -12 13 -1 8 17 5 -1 -15 0
0
1 -1 -15 3 -2 13 2 0
-1 2
8 -1 14 -2 15 -1 -8 3 -1 -1 8 -1 2 11 -1 -15 0
10 -2 -8 17 5 13 -2 3 -1 0
-4 2
-4 2
10 -2 -6 14 -1 -12 12 -2 2 15 -2 -12 15 2 8 0
-1 3
11 -1 2 4 10 -1 0
2 -2 -15 6 -2 11 8 -2 -7 10 -1 -3 0
13 3 1 -1 7 11 -2 -8 2 -2 5 -1 8 -1 -15 0
14 0
3 -2 3 -1 -10 6 -2 2 -1 8 -2 13 4 -1 -6 12 0
17 -2 -7 2 -1 7 11 -1 -1 3 -2 9 -2 -6 0
8 -2 6 13 11 -2 -3 9 0
-3 2
3 2 -1 -15 8 -2 8 -2 4 -2 -5 16 4 5 -2 -1 0
7 1 -2 -15 17 -2 -14 14 0
11 -2 2 11 -1 -12 17 -2 -6 5 -1 0
-2 1
9 -1 -4 0
-1 1
4 -1 -7 12 -2 13 6 0
3 15 -2 6 -1 -4 2 -1 -4 0
16 -1 -1 3 1 -2 17 17 15 15 -1 -4 10 -1 0
-1 1
16 -1 -8 15 -2 10 -2 12 -1 -2 6 11 -1 1 6 3 -1 0
-1 2
4 -1 5 12 -2 0
16 12 -1 4 16 -2 -12 15 -1 -11 13 16 5 13 -2 0
8 -1 -7 0
11 0
-5 2
0
1 0
-2 3
-3 3
3 1 -1 5 -1 3 -1 -4 3 -2 16 -1 -9 9 1 -2 0
17 13 -1 11 4 -1 -3 0
3 11 2 -1 16 7 -2 -6 3 0
15 -2 1 -2 -7 9 -2 13 -1 -1 14 -1 2 -2 -12 3 -2 1 -2 -11 0
-4 3
11 -2 0
-5 3
17 1 -2 5 -2 8 15 -2 8 -1 13 -2 17 -1 -5 10 -2 -4 0
-5 1
14 17 -1 7 -2 3 14 5 3 -2 -10 6 -1 -4 0
10 -1 -14 17 5 11 9 -1 -9 2 -2 0
13 14 -2 12 -1 -11 16 -2 -10 15 17 -1 7 -1 2 -1 -15 9 -1 -8 0
13 -2 -8 2 -1 3 -2 -8 5 -2 -15 9 -1 -2 0
-3 3
5 -1 -4 11 13 -2 8 -1 17 -1 0
-2 3
9 -2 -15 15 -1 -13 17 -2 -14 5 -2 15 11 -1 -4 17 -2 0
2 -1 -13 13 16 -1 -7 0
5 -2 -7 13 -1 -3 0
11 -2 16 14 0
-5 1
8 4 5 -2 -12 4 -1 8 1 -2 4 -1 2 -2 0
6 -1 16 6 -2 -7 12 -1 5 -2 -7 7 10 -2 7 -1 -14 0
0
0
13 -2 -3 15 -1 -13 17 -2 2 -2 6 -2 6 -1 -13 11 -2 6 -1 -6 16 -2 -13 0
8 -1 0
8 -1 15 1 -1 -9 5 -1 -9 13 -2 0
9 -1 -14 0
16 -2 -11 7 11 -2 -9 4 -1 -10 4 8 -2 8 -1 0
8 -1 -5 0
16 1 -2 15 -1 4 9 -1 13 3 -1 2 12 0
10 -2 -9 13 11 10 16 -2 9 -2 -2 5 10 14 0
13 -1 -1 6 17 -2 -13 5 -1 5 -2 8 -2 -4 4 -1 -7 0
3 -2 13 9 -2 -4 17 -1 17 -2 15 -2 6 -2 1 10 -2 -8 0
1 -2 -14 3 -1 0
7 12 -1 -9 0
