10 -2 13 -2 0
15 -1 -12 4 0
11 -1 9 -1 -1 0
-4 2
17 -1 0
1 -1 1 -2 -5 11 -2 9 -2 -10 6 1 -2 0
-2 3
16 -2 1 4 17 -2 -4 0
5 2 -2 -14 8 -2 0
11 -2 1 -2 -3 5 -2 10 4 17 8 -1 5 13 -1 0
1 -2 12 -1 -10 14 1 -1 -13 9 4 0
2 16 13 1 -2 -9 0
-2 1
11 3 -2 5 -1 12 -2 3 -1 -3 17 12 -2 15 -2 6 -1 -13 0
2 -1 -15 10 -1 0
2 11 -1 3 -1 10 -2 12 -1 -5 0
5 -2 12 -1 7 -2 -11 11 1 10 -1 3 -1 -10 3 0
3 -1 -14 13 11 3 2 5 -2 5 -1 11 -1 0
-2 3
12 -2 -12 14 -2 -11 1 -1 14 -1 0
-2 3
7 -1 -6 12 -1 15 -1 -15 0
0
-2 3
2 -1 15 17 0
5 11 -1 -3 10 -1 0
9 -1 -9 8 -1 12 0
11 -1 7 -2 8 0
12 -2 6 -2 -12 12 2 -1 -9 9 -1 7 0
0
4 2 -1 -10 4 -1 -10 7 -1 0
17 -1 -15 14 5 -1 4 -1 0
0
-1 1
1 -1 5 -2 14 3 -2 6 -2 -3 0
0
-1 2
5 -1 15 1 -2 -4 13 9 1 -2 0
15 -2 -8 6 -1 -2 0
6 -1 3 14 -1 -15 15 -1 4 -2 -3 10 -2 -10 11 14 0
13 -2 10 -2 -10 6 13 -1 -1 17 -2 -8 0
12 1 1 -1 -11 13 10 9 -2 -15 0
4 -1 8 -2 -14 15 17 -2 -11 14 -2 13 0
0
2 -1 -10 16 -2 0
9 -1 -4 0
15 4 -1 -13 16 3 13 0
4 6 -2 -10 2 11 -2 -14 5 14 -1 0
17 -1 -9 13 10 -1 -4 15 -2 2 10 -1 9 -2 -6 0
3 -2 15 10 15 -2 0
16 0
8 -1 -10 17 -1 6 -2 -13 10 -1 -12 17 11 -2 0
-1 1
-4 2
9 -2 11 8 6 -1 0
8 -2 -2 5 -2 8 -2 -1 8 -2 0
-3 3
12 6 -2 14 -1 0
-2 3
10 -2 3 0
16 6 -2 -7 1 15 -1 -6 7 -1 -7 12 -2 -5 0
1 -2 -12 7 12 -2 -11 0
-4 3
-1 1
6 -1 -8 9 0
14 -2 4 -2 -9 15 10 17 -1 2 6 -2 -1 3 -1 -9 8 -2 -8 0
9 -2 -15 14 -2 -14 12 -1 13 -1 17 12 -2 -3 15 -2 -11 1 -1 -4 0
10 -1 13 -1 -7 5 10 3 -2 -2 0
-3 1
-5 3
7 14 -2 -9 12 4 -2 -2 7 5 -2 15 0
2 17 -2 -11 14 10 -1 12 -1 10 0
13 14 -1 -4 8 -2 -7 8 -1 -6 11 14 14 -1 -3 0
-5 1
9 -2 -1 3 1 1 -1 12 -1 -4 16 -2 0
