-4 3
17 -2 5 -1 5 4 19 -1 -11 10 10 1 -2 -11 0
17 -2 -5 8 -1 8 -2 -7 0
13 -1 -8 16 4 12 -2 -5 19 9 -2 -21 5 10 -2 -15 12 -3 -3 0
-4 3
15 -2 -10 0
11 -2 11 16 -2 -9 4 -3 -4 18 -3 16 -1 -21 0
-5 3
10 18 -1 -7 3 -1 4 9 -3 0
3 -3 8 -1 -11 14 -2 0
2 -2 -16 17 -1 -21 0
0
13 -2 -8 1 -3 -4 9 -1 0
6 4 10 14 17 19 -1 -17 0
0
12 -2 -8 10 11 -1 -4 19 18 -3 0
11 -1 -6 5 12 -3 16 -3 5 -1 -21 7 8 -1 -12 9 -2 -19 8 -3 0
-3 2
11 -1 17 11 -1 -8 16 -3 -5 0
1 -2 18 -3 -3 7 -1 -12 2 6 3 0
-3 3
14 -3 10 0
2 -1 11 -3 -13 7 -3 -11 0
9 -1 0
-1 3
9 0
10 -2 3 8 0
4 -1 -18 14 -2 -20 7 -3 14 -3 15 -3 18 12 12 -3 0
6 -2 -4 2 11 -2 8 -2 9 -2 -13 7 17 -1 18 -2 0
6 4 6 -1 -5 17 1 13 -2 -8 17 11 -2 0
-6 1
-6 3
7 -2 -20 13 -1 -9 6 13 2 -3 18 -1 5 -2 3 0
-4 1
-7 3
14 19 -3 -13 4 -1 -21 19 -3 -21 15 14 -3 -9 0
-6 1
3 15 -2 -8 5 14 -2 13 -1 -19 7 -2 -12 16 -3 0
19 -1 -4 0
-6 1
11 -3 13 -3 -7 0
19 -1 -7 9 19 7 1 3 -1 5 5 10 -1 0
0
2 -1 12 -3 0
12 8 -1 13 -2 -21 0
12 -2 -19 16 7 11 13 -2 -10 6 -1 17 -3 -21 3 0
11 -3 18 15 8 -1 12 10 0
16 -2 5 1 15 -1 6 -1 2 -3 9 19 -1 -20 0
11 9 8 11 -1 -12 10 -1 -15 3 -1 -15 0
5 16 -2 11 -3 -4 11 -2 2 -1 13 4 -1 0
10 -1 -20 5 -1 6 0
-5 3
17 8 18 -2 -11 18 15 -3 13 -1 -16 2 0
-1 3
13 -1 7 -1 -17 1 7 -3 -20 4 10 -2 -12 1 -2 -18 2 -1 0
2 -1 12 0
9 -3 -3 16 5 18 -2 1 -1 -18 0
14 16 10 -2 13 -1 -8 13 10 -1 -20 8 -1 -1 3 -3 -9 0
-6 2
17 -2 -14 12 -3 0
2 4 -1 14 -2 17 -2 -13 14 -2 -9 4 -3 0
-1 1
0
10 2 -1 12 -2 4 11 -1 -15 0
13 -3 -17 9 -1 7 -2 -16 5 13 -1 -13 14 16 -1 6 -3 -13 0
-2 3
18 -3 15 0
-2 1
19 -1 5 -3 -17 0
7 -2 13 12 -1 -9 0
17 -1 -17 8 18 -2 16 1 -2 -5 13 -1 15 0
9 -3 5 -2 -18 18 6 -3 -14 13 -2 -3 14 -1 15 -1 -17 0
18 -1 -19 18 -1 -1 4 -3 8 -3 12 -3 17 15 16 -2 -12 0
-6 1
0
